Supplemental results for CODEML (seqf: algn  treef: tree)


dN/dS (w) for site classes (K=3)

p:   0.96897  0.01092  0.02011
w:   0.03754  1.00000  1.00000

Naive Empirical Bayes (NEB) probabilities for 3 classes & postmean_w
(amino acids refer to 1st sequence: chlSab_FOXL3_XM_008018930)

   1 -   0.96897 0.01092 0.02011 ( 1)  0.067
   2 -   0.96897 0.01092 0.02011 ( 1)  0.067
   3 -   0.96897 0.01092 0.02011 ( 1)  0.067
   4 -   0.96897 0.01092 0.02011 ( 1)  0.067
   5 -   0.96897 0.01092 0.02011 ( 1)  0.067
   6 -   0.96897 0.01092 0.02011 ( 1)  0.067
   7 -   0.96897 0.01092 0.02011 ( 1)  0.067
   8 -   0.96897 0.01092 0.02011 ( 1)  0.067
   9 -   0.96897 0.01092 0.02011 ( 1)  0.067
  10 -   0.96897 0.01092 0.02011 ( 1)  0.067
  11 -   0.96897 0.01092 0.02011 ( 1)  0.067
  12 -   0.96897 0.01092 0.02011 ( 1)  0.067
  13 -   0.96897 0.01092 0.02011 ( 1)  0.067
  14 -   0.96897 0.01092 0.02011 ( 1)  0.067
  15 -   0.96897 0.01092 0.02011 ( 1)  0.067
  16 -   0.96897 0.01092 0.02011 ( 1)  0.067
  17 -   0.96897 0.01092 0.02011 ( 1)  0.067
  18 -   0.96897 0.01092 0.02011 ( 1)  0.067
  19 -   0.96897 0.01092 0.02011 ( 1)  0.067
  20 -   0.96897 0.01092 0.02011 ( 1)  0.067
  21 -   0.96897 0.01092 0.02011 ( 1)  0.067
  22 -   0.96897 0.01092 0.02011 ( 1)  0.067
  23 -   0.96897 0.01092 0.02011 ( 1)  0.067
  24 -   0.96897 0.01092 0.02011 ( 1)  0.067
  25 -   0.96897 0.01092 0.02011 ( 1)  0.067
  26 -   0.96897 0.01092 0.02011 ( 1)  0.067
  27 -   0.96897 0.01092 0.02011 ( 1)  0.067
  28 -   0.96897 0.01092 0.02011 ( 1)  0.067
  29 -   0.96897 0.01092 0.02011 ( 1)  0.067
  30 -   0.96897 0.01092 0.02011 ( 1)  0.067
  31 -   0.96897 0.01092 0.02011 ( 1)  0.067
  32 -   0.96897 0.01092 0.02011 ( 1)  0.067
  33 -   0.96897 0.01092 0.02011 ( 1)  0.067
  34 -   0.96897 0.01092 0.02011 ( 1)  0.067
  35 -   0.96897 0.01092 0.02011 ( 1)  0.067
  36 -   0.96897 0.01092 0.02011 ( 1)  0.067
  37 -   0.96897 0.01092 0.02011 ( 1)  0.067
  38 -   0.96897 0.01092 0.02011 ( 1)  0.067
  39 -   0.96897 0.01092 0.02011 ( 1)  0.067
  40 -   0.96897 0.01092 0.02011 ( 1)  0.067
  41 -   0.96897 0.01092 0.02011 ( 1)  0.067
  42 -   0.96897 0.01092 0.02011 ( 1)  0.067
  43 -   0.96897 0.01092 0.02011 ( 1)  0.067
  44 -   0.96897 0.01092 0.02011 ( 1)  0.067
  45 -   0.96897 0.01092 0.02011 ( 1)  0.067
  46 -   0.96897 0.01092 0.02011 ( 1)  0.067
  47 -   0.96897 0.01092 0.02011 ( 1)  0.067
  48 -   0.96897 0.01092 0.02011 ( 1)  0.067
  49 -   0.96897 0.01092 0.02011 ( 1)  0.067
  50 -   0.96897 0.01092 0.02011 ( 1)  0.067
  51 -   0.96897 0.01092 0.02011 ( 1)  0.067
  52 -   0.96897 0.01092 0.02011 ( 1)  0.067
  53 -   0.96897 0.01092 0.02011 ( 1)  0.067
  54 -   0.96897 0.01092 0.02011 ( 1)  0.067
  55 -   0.96897 0.01092 0.02011 ( 1)  0.067
  56 -   0.96897 0.01092 0.02011 ( 1)  0.067
  57 M   0.99852 0.00052 0.00096 ( 1)  0.039
  58 F   0.98462 0.00541 0.00997 ( 1)  0.052
  59 D   0.99988 0.00004 0.00008 ( 1)  0.038
  60 S   0.92588 0.02608 0.04804 ( 1)  0.109
  61 S   0.99438 0.00198 0.00364 ( 1)  0.043
  62 Q   0.99822 0.00063 0.00115 ( 1)  0.039
  63 Y   0.98077 0.00677 0.01246 ( 1)  0.056
  64 P   0.99963 0.00013 0.00024 ( 1)  0.038
  65 Y   0.99987 0.00005 0.00009 ( 1)  0.038
  66 N   0.99942 0.00020 0.00037 ( 1)  0.038
  67 C   0.99987 0.00005 0.00008 ( 1)  0.038
  68 F   0.99967 0.00012 0.00022 ( 1)  0.038
  69 N   0.98929 0.00377 0.00694 ( 1)  0.048
  70 D   0.89334 0.03754 0.06912 ( 1)  0.140
  71 D   0.99975 0.00009 0.00016 ( 1)  0.038
  72 A   0.98839 0.00409 0.00753 ( 1)  0.049
  73 D   0.99992 0.00003 0.00005 ( 1)  0.038
  74 D   0.94253 0.02022 0.03724 ( 1)  0.093
  75 Y   0.99641 0.00126 0.00233 ( 1)  0.041
  76 P   0.99838 0.00057 0.00105 ( 1)  0.039
  77 A   0.99966 0.00012 0.00022 ( 1)  0.038
  78 G   0.88386 0.04087 0.07527 ( 1)  0.149
  79 S   0.99990 0.00003 0.00006 ( 1)  0.038
  80 S   0.99943 0.00020 0.00037 ( 1)  0.038
  81 D   0.99988 0.00004 0.00008 ( 1)  0.038
  82 E   0.86947 0.04594 0.08459 ( 1)  0.163
  83 A   0.74381 0.09016 0.16603 ( 1)  0.284
  84 K   0.97569 0.00856 0.01576 ( 1)  0.061
  85 R   0.99840 0.00056 0.00104 ( 1)  0.039
  86 L   0.99963 0.00013 0.00024 ( 1)  0.038
  87 T   0.99755 0.00086 0.00159 ( 1)  0.040
  88 R   0.99793 0.00073 0.00134 ( 1)  0.040
  89 P   0.99963 0.00013 0.00024 ( 1)  0.038
  90 A   0.99753 0.00087 0.00160 ( 1)  0.040
  91 Y   0.99987 0.00005 0.00009 ( 1)  0.038
  92 -   0.96897 0.01092 0.02011 ( 1)  0.067
  93 -   0.96897 0.01092 0.02011 ( 1)  0.067
  94 -   0.96897 0.01092 0.02011 ( 1)  0.067
  95 S   0.99990 0.00003 0.00006 ( 1)  0.038
  96 Y   0.99987 0.00005 0.00009 ( 1)  0.038
  97 I   0.99973 0.00009 0.00017 ( 1)  0.038
  98 A   0.99969 0.00011 0.00020 ( 1)  0.038
  99 L   0.99468 0.00187 0.00345 ( 1)  0.043
 100 I   0.99973 0.00009 0.00017 ( 1)  0.038
 101 A   0.99969 0.00011 0.00020 ( 1)  0.038
 102 M   0.99852 0.00052 0.00096 ( 1)  0.039
 103 A   0.99969 0.00011 0.00020 ( 1)  0.038
 104 I   0.98776 0.00431 0.00794 ( 1)  0.049
 105 Q   0.99762 0.00084 0.00154 ( 1)  0.040
 106 Q   0.99822 0.00063 0.00115 ( 1)  0.039
 107 S   0.99990 0.00003 0.00006 ( 1)  0.038
 108 P   0.99910 0.00032 0.00059 ( 1)  0.038
 109 A   0.99800 0.00070 0.00129 ( 1)  0.039
 110 G   0.99959 0.00014 0.00026 ( 1)  0.038
 111 R   0.99893 0.00038 0.00069 ( 1)  0.039
 112 V   0.99765 0.00083 0.00152 ( 1)  0.040
 113 T   0.99967 0.00012 0.00021 ( 1)  0.038
 114 L   0.99514 0.00171 0.00315 ( 1)  0.042
 115 S   0.99938 0.00022 0.00040 ( 1)  0.038
 116 G   0.99983 0.00006 0.00011 ( 1)  0.038
 117 I   0.99973 0.00009 0.00017 ( 1)  0.038
 118 Y   0.99987 0.00005 0.00009 ( 1)  0.038
 119 D   0.99992 0.00003 0.00005 ( 1)  0.038
 120 F   0.99967 0.00012 0.00022 ( 1)  0.038
 121 I   0.99973 0.00009 0.00017 ( 1)  0.038
 122 M   0.99852 0.00052 0.00096 ( 1)  0.039
 123 R   0.99985 0.00005 0.00010 ( 1)  0.038
 124 K   0.99896 0.00037 0.00068 ( 1)  0.039
 125 F   0.99960 0.00014 0.00026 ( 1)  0.038
 126 P   0.99963 0.00013 0.00024 ( 1)  0.038
 127 Y   0.98710 0.00454 0.00836 ( 1)  0.050
 128 Y   0.99987 0.00005 0.00009 ( 1)  0.038
 129 R   0.99985 0.00005 0.00010 ( 1)  0.038
 130 A   0.99969 0.00011 0.00020 ( 1)  0.038
 131 N   0.99992 0.00003 0.00005 ( 1)  0.038
 132 Q   0.99822 0.00063 0.00115 ( 1)  0.039
 133 R   0.99985 0.00005 0.00010 ( 1)  0.038
 134 A   0.99969 0.00011 0.00020 ( 1)  0.038
 135 W   0.99734 0.00094 0.00173 ( 1)  0.040
 136 Q   0.99822 0.00063 0.00115 ( 1)  0.039
 137 N   0.99992 0.00003 0.00005 ( 1)  0.038
 138 S   0.99959 0.00014 0.00027 ( 1)  0.038
 139 I   0.99973 0.00009 0.00017 ( 1)  0.038
 140 R   0.99980 0.00007 0.00013 ( 1)  0.038
 141 H   0.99991 0.00003 0.00006 ( 1)  0.038
 142 N   0.99992 0.00003 0.00005 ( 1)  0.038
 143 L   0.99514 0.00171 0.00315 ( 1)  0.042
 144 S   0.99951 0.00017 0.00032 ( 1)  0.038
 145 L   0.99963 0.00013 0.00024 ( 1)  0.038
 146 N   0.99992 0.00003 0.00005 ( 1)  0.038
 147 S   0.99990 0.00003 0.00006 ( 1)  0.038
 148 C   0.99987 0.00005 0.00008 ( 1)  0.038
 149 F   0.99967 0.00012 0.00022 ( 1)  0.038
 150 V   0.99137 0.00304 0.00559 ( 1)  0.046
 151 K   0.99916 0.00029 0.00054 ( 1)  0.038
 152 V   0.99765 0.00083 0.00152 ( 1)  0.040
 153 P   0.25521 0.26211 0.48269 ( 3)  0.754
 154 -   0.96897 0.01092 0.02011 ( 1)  0.067
 155 -   0.96897 0.01092 0.02011 ( 1)  0.067
 156 -   0.96897 0.01092 0.02011 ( 1)  0.067
 157 -   0.96897 0.01092 0.02011 ( 1)  0.067
 158 -   0.96897 0.01092 0.02011 ( 1)  0.067
 159 -   0.96897 0.01092 0.02011 ( 1)  0.067
 160 -   0.96897 0.01092 0.02011 ( 1)  0.067
 161 -   0.96897 0.01092 0.02011 ( 1)  0.067
 162 -   0.96897 0.01092 0.02011 ( 1)  0.067
 163 -   0.96897 0.01092 0.02011 ( 1)  0.067
 164 -   0.96897 0.01092 0.02011 ( 1)  0.067
 165 -   0.96897 0.01092 0.02011 ( 1)  0.067
 166 -   0.96897 0.01092 0.02011 ( 1)  0.067
 167 -   0.96897 0.01092 0.02011 ( 1)  0.067
 168 -   0.96897 0.01092 0.02011 ( 1)  0.067
 169 -   0.96897 0.01092 0.02011 ( 1)  0.067
 170 -   0.96897 0.01092 0.02011 ( 1)  0.067
 171 -   0.96897 0.01092 0.02011 ( 1)  0.067
 172 -   0.96897 0.01092 0.02011 ( 1)  0.067
 173 -   0.96897 0.01092 0.02011 ( 1)  0.067
 174 -   0.96897 0.01092 0.02011 ( 1)  0.067
 175 -   0.96897 0.01092 0.02011 ( 1)  0.067
 176 -   0.96897 0.01092 0.02011 ( 1)  0.067
 177 -   0.96897 0.01092 0.02011 ( 1)  0.067
 178 -   0.96897 0.01092 0.02011 ( 1)  0.067
 179 -   0.96897 0.01092 0.02011 ( 1)  0.067
 180 -   0.96897 0.01092 0.02011 ( 1)  0.067
 181 -   0.96897 0.01092 0.02011 ( 1)  0.067
 182 -   0.96897 0.01092 0.02011 ( 1)  0.067
 183 -   0.96897 0.01092 0.02011 ( 1)  0.067
 184 -   0.96897 0.01092 0.02011 ( 1)  0.067
 185 -   0.96897 0.01092 0.02011 ( 1)  0.067
 186 -   0.96897 0.01092 0.02011 ( 1)  0.067
 187 -   0.96897 0.01092 0.02011 ( 1)  0.067
 188 -   0.96897 0.01092 0.02011 ( 1)  0.067
 189 -   0.96897 0.01092 0.02011 ( 1)  0.067
 190 -   0.96897 0.01092 0.02011 ( 1)  0.067
 191 -   0.96897 0.01092 0.02011 ( 1)  0.067
 192 -   0.96897 0.01092 0.02011 ( 1)  0.067
 193 -   0.96897 0.01092 0.02011 ( 1)  0.067
 194 -   0.96897 0.01092 0.02011 ( 1)  0.067
 195 -   0.96897 0.01092 0.02011 ( 1)  0.067
 196 -   0.96897 0.01092 0.02011 ( 1)  0.067
 197 -   0.96897 0.01092 0.02011 ( 1)  0.067
 198 -   0.96897 0.01092 0.02011 ( 1)  0.067
 199 -   0.96897 0.01092 0.02011 ( 1)  0.067
 200 -   0.96897 0.01092 0.02011 ( 1)  0.067
 201 -   0.96897 0.01092 0.02011 ( 1)  0.067
 202 -   0.96897 0.01092 0.02011 ( 1)  0.067
 203 -   0.96897 0.01092 0.02011 ( 1)  0.067
 204 R   0.99793 0.00073 0.00134 ( 1)  0.040
 205 S   0.09084 0.31995 0.58921 ( 3)  0.913
 206 E   0.97561 0.00858 0.01580 ( 1)  0.061
 207 G   0.99987 0.00004 0.00008 ( 1)  0.038
 208 H   0.89388 0.03735 0.06877 ( 1)  0.140
 209 E   0.04307 0.33676 0.62017 ( 3)  0.959
 210 K   0.97770 0.00785 0.01445 ( 1)  0.059
 211 G   0.99980 0.00007 0.00013 ( 1)  0.038
 212 K   0.76100 0.08411 0.15489 ( 1)  0.268
 213 G   0.99987 0.00004 0.00008 ( 1)  0.038
 214 N   0.99968 0.00011 0.00021 ( 1)  0.038
 215 Y   0.99959 0.00014 0.00027 ( 1)  0.038
 216 W   0.99564 0.00153 0.00283 ( 1)  0.042
 217 T   0.99505 0.00174 0.00321 ( 1)  0.042
 218 F   0.99919 0.00028 0.00052 ( 1)  0.038
 219 A   0.99609 0.00138 0.00253 ( 1)  0.041
 220 G   0.99936 0.00022 0.00041 ( 1)  0.038
 221 G   0.99964 0.00013 0.00023 ( 1)  0.038
 222 C   0.99944 0.00020 0.00036 ( 1)  0.038
 223 E   0.99839 0.00057 0.00104 ( 1)  0.039
 224 S   0.99411 0.00207 0.00382 ( 1)  0.043
 225 L   0.99186 0.00286 0.00527 ( 1)  0.045
 226 L   0.99171 0.00292 0.00537 ( 1)  0.046
 227 D   0.99977 0.00008 0.00015 ( 1)  0.038
 228 L   0.99912 0.00031 0.00057 ( 1)  0.038
 229 F   0.99919 0.00028 0.00052 ( 1)  0.038
 230 E   0.99839 0.00057 0.00104 ( 1)  0.039
 231 N   0.99335 0.00234 0.00431 ( 1)  0.044
 232 G   0.99964 0.00013 0.00023 ( 1)  0.038
 233 N   0.99976 0.00008 0.00015 ( 1)  0.038
 234 Y   0.99963 0.00013 0.00024 ( 1)  0.038
 235 R   0.99681 0.00112 0.00207 ( 1)  0.041
 236 R   0.99566 0.00153 0.00282 ( 1)  0.042
 237 R   0.99661 0.00119 0.00220 ( 1)  0.041
 238 R   0.99590 0.00144 0.00266 ( 1)  0.041
 239 R   0.99648 0.00124 0.00228 ( 1)  0.041
 240 R   0.91388 0.03031 0.05581 ( 1)  0.120
 241 R   0.99809 0.00067 0.00124 ( 1)  0.039

Positively selected sites

	Prob(w>1)  mean w



lnL = -1419.272663

Bayes Empirical Bayes (BEB) probabilities for 3 classes (class) & postmean_w
(amino acids refer to 1st sequence: chlSab_FOXL3_XM_008018930)

   1 -   0.93314 0.03346 0.03340 ( 1)  0.227 +-  0.971
   2 -   0.93314 0.03346 0.03340 ( 1)  0.227 +-  0.971
   3 -   0.93314 0.03346 0.03340 ( 1)  0.227 +-  0.971
   4 -   0.93314 0.03346 0.03340 ( 1)  0.227 +-  0.971
   5 -   0.93314 0.03346 0.03340 ( 1)  0.227 +-  0.971
   6 -   0.93314 0.03346 0.03340 ( 1)  0.227 +-  0.971
   7 -   0.93314 0.03346 0.03340 ( 1)  0.227 +-  0.971
   8 -   0.93314 0.03346 0.03340 ( 1)  0.227 +-  0.971
   9 -   0.93314 0.03346 0.03340 ( 1)  0.227 +-  0.971
  10 -   0.93314 0.03346 0.03340 ( 1)  0.227 +-  0.971
  11 -   0.93314 0.03346 0.03340 ( 1)  0.227 +-  0.971
  12 -   0.93314 0.03346 0.03340 ( 1)  0.227 +-  0.971
  13 -   0.93314 0.03346 0.03340 ( 1)  0.227 +-  0.971
  14 -   0.93314 0.03346 0.03340 ( 1)  0.227 +-  0.971
  15 -   0.93314 0.03346 0.03340 ( 1)  0.227 +-  0.971
  16 -   0.93314 0.03346 0.03340 ( 1)  0.227 +-  0.971
  17 -   0.93314 0.03346 0.03340 ( 1)  0.227 +-  0.971
  18 -   0.93314 0.03346 0.03340 ( 1)  0.227 +-  0.971
  19 -   0.93314 0.03346 0.03340 ( 1)  0.227 +-  0.971
  20 -   0.93314 0.03346 0.03340 ( 1)  0.227 +-  0.971
  21 -   0.93314 0.03346 0.03340 ( 1)  0.227 +-  0.971
  22 -   0.93314 0.03346 0.03340 ( 1)  0.227 +-  0.971
  23 -   0.93314 0.03346 0.03340 ( 1)  0.227 +-  0.971
  24 -   0.93314 0.03346 0.03340 ( 1)  0.227 +-  0.971
  25 -   0.93314 0.03346 0.03340 ( 1)  0.227 +-  0.971
  26 -   0.93314 0.03346 0.03340 ( 1)  0.227 +-  0.971
  27 -   0.93314 0.03346 0.03340 ( 1)  0.227 +-  0.971
  28 -   0.93314 0.03346 0.03340 ( 1)  0.227 +-  0.971
  29 -   0.93314 0.03346 0.03340 ( 1)  0.227 +-  0.971
  30 -   0.93314 0.03346 0.03340 ( 1)  0.227 +-  0.971
  31 -   0.93314 0.03346 0.03340 ( 1)  0.227 +-  0.971
  32 -   0.93314 0.03346 0.03340 ( 1)  0.227 +-  0.971
  33 -   0.93314 0.03346 0.03340 ( 1)  0.227 +-  0.971
  34 -   0.93314 0.03346 0.03340 ( 1)  0.227 +-  0.971
  35 -   0.93314 0.03346 0.03340 ( 1)  0.227 +-  0.971
  36 -   0.93314 0.03346 0.03340 ( 1)  0.227 +-  0.971
  37 -   0.93314 0.03346 0.03340 ( 1)  0.227 +-  0.971
  38 -   0.93314 0.03346 0.03340 ( 1)  0.227 +-  0.971
  39 -   0.93314 0.03346 0.03340 ( 1)  0.227 +-  0.971
  40 -   0.93314 0.03346 0.03340 ( 1)  0.227 +-  0.971
  41 -   0.93314 0.03346 0.03340 ( 1)  0.227 +-  0.971
  42 -   0.93314 0.03346 0.03340 ( 1)  0.227 +-  0.971
  43 -   0.93314 0.03346 0.03340 ( 1)  0.227 +-  0.971
  44 -   0.93314 0.03346 0.03340 ( 1)  0.227 +-  0.971
  45 -   0.93314 0.03346 0.03340 ( 1)  0.227 +-  0.971
  46 -   0.93314 0.03346 0.03340 ( 1)  0.227 +-  0.971
  47 -   0.93314 0.03346 0.03340 ( 1)  0.227 +-  0.971
  48 -   0.93314 0.03346 0.03340 ( 1)  0.227 +-  0.971
  49 -   0.93314 0.03346 0.03340 ( 1)  0.227 +-  0.971
  50 -   0.93314 0.03346 0.03340 ( 1)  0.227 +-  0.971
  51 -   0.93314 0.03346 0.03340 ( 1)  0.227 +-  0.971
  52 -   0.93314 0.03346 0.03340 ( 1)  0.227 +-  0.971
  53 -   0.93314 0.03346 0.03340 ( 1)  0.227 +-  0.971
  54 -   0.93314 0.03346 0.03340 ( 1)  0.227 +-  0.971
  55 -   0.93314 0.03346 0.03340 ( 1)  0.227 +-  0.971
  56 -   0.93314 0.03346 0.03340 ( 1)  0.227 +-  0.971
  57 M   0.99813 0.00173 0.00014 ( 1)  0.052 +-  0.043
  58 F   0.97724 0.01726 0.00550 ( 1)  0.076 +-  0.192
  59 D   0.99985 0.00014 0.00000 ( 1)  0.050 +-  0.012
  60 S   0.94491 0.05166 0.00342 ( 1)  0.104 +-  0.226
  61 S   0.99248 0.00643 0.00109 ( 1)  0.058 +-  0.092
  62 Q   0.99774 0.00207 0.00019 ( 1)  0.052 +-  0.048
  63 Y   0.97018 0.02144 0.00838 ( 1)  0.087 +-  0.257
  64 P   0.99954 0.00044 0.00002 ( 1)  0.050 +-  0.021
  65 Y   0.99983 0.00016 0.00001 ( 1)  0.050 +-  0.013
  66 N   0.99927 0.00068 0.00004 ( 1)  0.051 +-  0.027
  67 C   0.99984 0.00016 0.00000 ( 1)  0.050 +-  0.012
  68 F   0.99959 0.00040 0.00002 ( 1)  0.050 +-  0.020
  69 N   0.98492 0.01211 0.00297 ( 1)  0.066 +-  0.140
  70 D   0.91928 0.07458 0.00614 ( 1)  0.130 +-  0.273
  71 D   0.99969 0.00030 0.00001 ( 1)  0.050 +-  0.017
  72 A   0.98886 0.01036 0.00078 ( 1)  0.061 +-  0.105
  73 D   0.99990 0.00009 0.00000 ( 1)  0.050 +-  0.009
  74 D   0.95721 0.04010 0.00269 ( 1)  0.092 +-  0.201
  75 Y   0.99658 0.00326 0.00016 ( 1)  0.053 +-  0.057
  76 P   0.99794 0.00189 0.00017 ( 1)  0.052 +-  0.046
  77 A   0.99958 0.00040 0.00002 ( 1)  0.050 +-  0.020
  78 G   0.91207 0.08127 0.00666 ( 1)  0.137 +-  0.283
  79 S   0.99988 0.00012 0.00000 ( 1)  0.050 +-  0.011
  80 S   0.99928 0.00068 0.00004 ( 1)  0.051 +-  0.026
  81 D   0.99985 0.00014 0.00000 ( 1)  0.050 +-  0.012
  82 E   0.85810 0.11092 0.03098 ( 1)  0.207 +-  0.414
  83 A   0.79335 0.18276 0.02389 ( 1)  0.259 +-  0.420
  84 K   0.97630 0.02146 0.00224 ( 1)  0.074 +-  0.154
  85 R   0.99796 0.00187 0.00018 ( 1)  0.052 +-  0.046
  86 L   0.99954 0.00044 0.00002 ( 1)  0.050 +-  0.021
  87 T   0.99686 0.00283 0.00030 ( 1)  0.053 +-  0.057
  88 R   0.99734 0.00241 0.00025 ( 1)  0.053 +-  0.052
  89 P   0.99954 0.00044 0.00002 ( 1)  0.050 +-  0.021
  90 A   0.99683 0.00286 0.00031 ( 1)  0.053 +-  0.057
  91 Y   0.99983 0.00016 0.00001 ( 1)  0.050 +-  0.013
  92 -   0.93314 0.03346 0.03340 ( 1)  0.227 +-  0.971
  93 -   0.93314 0.03346 0.03340 ( 1)  0.227 +-  0.971
  94 -   0.93314 0.03346 0.03340 ( 1)  0.227 +-  0.971
  95 S   0.99988 0.00012 0.00000 ( 1)  0.050 +-  0.011
  96 Y   0.99983 0.00016 0.00001 ( 1)  0.050 +-  0.013
  97 I   0.99967 0.00032 0.00001 ( 1)  0.050 +-  0.018
  98 A   0.99962 0.00037 0.00002 ( 1)  0.050 +-  0.019
  99 L   0.99294 0.00609 0.00097 ( 1)  0.057 +-  0.088
 100 I   0.99967 0.00032 0.00001 ( 1)  0.050 +-  0.018
 101 A   0.99962 0.00037 0.00002 ( 1)  0.050 +-  0.019
 102 M   0.99813 0.00173 0.00014 ( 1)  0.052 +-  0.043
 103 A   0.99962 0.00037 0.00002 ( 1)  0.050 +-  0.019
 104 I   0.98245 0.01381 0.00373 ( 1)  0.069 +-  0.156
 105 Q   0.99695 0.00275 0.00030 ( 1)  0.053 +-  0.056
 106 Q   0.99774 0.00207 0.00019 ( 1)  0.052 +-  0.048
 107 S   0.99988 0.00012 0.00000 ( 1)  0.050 +-  0.011
 108 P   0.99886 0.00106 0.00007 ( 1)  0.051 +-  0.033
 109 A   0.99745 0.00232 0.00023 ( 1)  0.053 +-  0.051
 110 G   0.99949 0.00049 0.00003 ( 1)  0.050 +-  0.022
 111 R   0.99865 0.00126 0.00009 ( 1)  0.051 +-  0.036
 112 V   0.99699 0.00272 0.00029 ( 1)  0.053 +-  0.056
 113 T   0.99959 0.00039 0.00002 ( 1)  0.050 +-  0.020
 114 L   0.99357 0.00558 0.00086 ( 1)  0.057 +-  0.084
 115 S   0.99922 0.00073 0.00004 ( 1)  0.051 +-  0.027
 116 G   0.99979 0.00020 0.00001 ( 1)  0.050 +-  0.014
 117 I   0.99967 0.00032 0.00001 ( 1)  0.050 +-  0.018
 118 Y   0.99983 0.00016 0.00001 ( 1)  0.050 +-  0.013
 119 D   0.99990 0.00009 0.00000 ( 1)  0.050 +-  0.009
 120 F   0.99959 0.00040 0.00002 ( 1)  0.050 +-  0.020
 121 I   0.99967 0.00032 0.00001 ( 1)  0.050 +-  0.018
 122 M   0.99813 0.00173 0.00014 ( 1)  0.052 +-  0.043
 123 R   0.99981 0.00019 0.00001 ( 1)  0.050 +-  0.013
 124 K   0.99869 0.00122 0.00009 ( 1)  0.051 +-  0.036
 125 F   0.99950 0.00047 0.00002 ( 1)  0.050 +-  0.022
 126 P   0.99954 0.00044 0.00002 ( 1)  0.050 +-  0.021
 127 Y   0.98102 0.01454 0.00444 ( 1)  0.072 +-  0.179
 128 Y   0.99983 0.00016 0.00001 ( 1)  0.050 +-  0.013
 129 R   0.99981 0.00019 0.00001 ( 1)  0.050 +-  0.013
 130 A   0.99962 0.00037 0.00002 ( 1)  0.050 +-  0.019
 131 N   0.99990 0.00009 0.00000 ( 1)  0.050 +-  0.010
 132 Q   0.99774 0.00207 0.00019 ( 1)  0.052 +-  0.048
 133 R   0.99981 0.00019 0.00001 ( 1)  0.050 +-  0.013
 134 A   0.99962 0.00037 0.00002 ( 1)  0.050 +-  0.019
 135 W   0.99658 0.00308 0.00034 ( 1)  0.053 +-  0.059
 136 Q   0.99774 0.00207 0.00019 ( 1)  0.052 +-  0.048
 137 N   0.99990 0.00009 0.00000 ( 1)  0.050 +-  0.010
 138 S   0.99949 0.00049 0.00002 ( 1)  0.050 +-  0.022
 139 I   0.99967 0.00032 0.00001 ( 1)  0.050 +-  0.018
 140 R   0.99975 0.00024 0.00001 ( 1)  0.050 +-  0.016
 141 H   0.99988 0.00011 0.00000 ( 1)  0.050 +-  0.010
 142 N   0.99990 0.00009 0.00000 ( 1)  0.050 +-  0.010
 143 L   0.99357 0.00558 0.00086 ( 1)  0.057 +-  0.084
 144 S   0.99939 0.00059 0.00003 ( 1)  0.051 +-  0.024
 145 L   0.99954 0.00044 0.00002 ( 1)  0.050 +-  0.021
 146 N   0.99990 0.00009 0.00000 ( 1)  0.050 +-  0.010
 147 S   0.99988 0.00012 0.00000 ( 1)  0.050 +-  0.011
 148 C   0.99984 0.00016 0.00000 ( 1)  0.050 +-  0.012
 149 F   0.99959 0.00040 0.00002 ( 1)  0.050 +-  0.020
 150 V   0.99176 0.00773 0.00051 ( 1)  0.058 +-  0.089
 151 K   0.99895 0.00099 0.00006 ( 1)  0.051 +-  0.032
 152 V   0.99699 0.00272 0.00029 ( 1)  0.053 +-  0.056
 153 P   0.28980 0.54816 0.16204 ( 2)  0.847 +-  0.627
 154 -   0.93314 0.03346 0.03340 ( 1)  0.227 +-  0.971
 155 -   0.93314 0.03346 0.03340 ( 1)  0.227 +-  0.971
 156 -   0.93314 0.03346 0.03340 ( 1)  0.227 +-  0.971
 157 -   0.93314 0.03346 0.03340 ( 1)  0.227 +-  0.971
 158 -   0.93314 0.03346 0.03340 ( 1)  0.227 +-  0.971
 159 -   0.93314 0.03346 0.03340 ( 1)  0.227 +-  0.971
 160 -   0.93314 0.03346 0.03340 ( 1)  0.227 +-  0.971
 161 -   0.93314 0.03346 0.03340 ( 1)  0.227 +-  0.971
 162 -   0.93314 0.03346 0.03340 ( 1)  0.227 +-  0.971
 163 -   0.93314 0.03346 0.03340 ( 1)  0.227 +-  0.971
 164 -   0.93314 0.03346 0.03340 ( 1)  0.227 +-  0.971
 165 -   0.93314 0.03346 0.03340 ( 1)  0.227 +-  0.971
 166 -   0.93314 0.03346 0.03340 ( 1)  0.227 +-  0.971
 167 -   0.93314 0.03346 0.03340 ( 1)  0.227 +-  0.971
 168 -   0.93314 0.03346 0.03340 ( 1)  0.227 +-  0.971
 169 -   0.93314 0.03346 0.03340 ( 1)  0.227 +-  0.971
 170 -   0.93314 0.03346 0.03340 ( 1)  0.227 +-  0.971
 171 -   0.93314 0.03346 0.03340 ( 1)  0.227 +-  0.971
 172 -   0.93314 0.03346 0.03340 ( 1)  0.227 +-  0.971
 173 -   0.93314 0.03346 0.03340 ( 1)  0.227 +-  0.971
 174 -   0.93314 0.03346 0.03340 ( 1)  0.227 +-  0.971
 175 -   0.93314 0.03346 0.03340 ( 1)  0.227 +-  0.971
 176 -   0.93314 0.03346 0.03340 ( 1)  0.227 +-  0.971
 177 -   0.93314 0.03346 0.03340 ( 1)  0.227 +-  0.971
 178 -   0.93314 0.03346 0.03340 ( 1)  0.227 +-  0.971
 179 -   0.93314 0.03346 0.03340 ( 1)  0.227 +-  0.971
 180 -   0.93314 0.03346 0.03340 ( 1)  0.227 +-  0.971
 181 -   0.93314 0.03346 0.03340 ( 1)  0.227 +-  0.971
 182 -   0.93314 0.03346 0.03340 ( 1)  0.227 +-  0.971
 183 -   0.93314 0.03346 0.03340 ( 1)  0.227 +-  0.971
 184 -   0.93314 0.03346 0.03340 ( 1)  0.227 +-  0.971
 185 -   0.93314 0.03346 0.03340 ( 1)  0.227 +-  0.971
 186 -   0.93314 0.03346 0.03340 ( 1)  0.227 +-  0.971
 187 -   0.93314 0.03346 0.03340 ( 1)  0.227 +-  0.971
 188 -   0.93314 0.03346 0.03340 ( 1)  0.227 +-  0.971
 189 -   0.93314 0.03346 0.03340 ( 1)  0.227 +-  0.971
 190 -   0.93314 0.03346 0.03340 ( 1)  0.227 +-  0.971
 191 -   0.93314 0.03346 0.03340 ( 1)  0.227 +-  0.971
 192 -   0.93314 0.03346 0.03340 ( 1)  0.227 +-  0.971
 193 -   0.93314 0.03346 0.03340 ( 1)  0.227 +-  0.971
 194 -   0.93314 0.03346 0.03340 ( 1)  0.227 +-  0.971
 195 -   0.93314 0.03346 0.03340 ( 1)  0.227 +-  0.971
 196 -   0.93314 0.03346 0.03340 ( 1)  0.227 +-  0.971
 197 -   0.93314 0.03346 0.03340 ( 1)  0.227 +-  0.971
 198 -   0.93314 0.03346 0.03340 ( 1)  0.227 +-  0.971
 199 -   0.93314 0.03346 0.03340 ( 1)  0.227 +-  0.971
 200 -   0.93314 0.03346 0.03340 ( 1)  0.227 +-  0.971
 201 -   0.93314 0.03346 0.03340 ( 1)  0.227 +-  0.971
 202 -   0.93314 0.03346 0.03340 ( 1)  0.227 +-  0.971
 203 -   0.93314 0.03346 0.03340 ( 1)  0.227 +-  0.971
 204 R   0.99734 0.00241 0.00025 ( 1)  0.053 +-  0.052
 205 S   0.14774 0.73925 0.11300 ( 2)  0.924 +-  0.416
 206 E   0.97625 0.02152 0.00223 ( 1)  0.074 +-  0.154
 207 G   0.99984 0.00015 0.00000 ( 1)  0.050 +-  0.012
 208 H   0.92004 0.07415 0.00580 ( 1)  0.129 +-  0.271
 209 E   0.07016 0.77051 0.15932 ( 2)  1.033 +-  0.389
 210 K   0.97837 0.01970 0.00193 ( 1)  0.072 +-  0.147
 211 G   0.99974 0.00025 0.00001 ( 1)  0.050 +-  0.016
 212 K   0.72796 0.19452 0.07752 ( 1)  0.378 +-  0.626
 213 G   0.99984 0.00015 0.00000 ( 1)  0.050 +-  0.012
 214 N   0.99960 0.00038 0.00002 ( 1)  0.050 +-  0.020
 215 Y   0.99949 0.00049 0.00002 ( 1)  0.050 +-  0.022
 216 W   0.99428 0.00501 0.00072 ( 1)  0.056 +-  0.078
 217 T   0.99344 0.00568 0.00088 ( 1)  0.057 +-  0.085
 218 F   0.99899 0.00095 0.00006 ( 1)  0.051 +-  0.031
 219 A   0.99489 0.00450 0.00061 ( 1)  0.055 +-  0.074
 220 G   0.99920 0.00075 0.00005 ( 1)  0.051 +-  0.028
 221 G   0.99956 0.00042 0.00002 ( 1)  0.050 +-  0.021
 222 C   0.99931 0.00066 0.00004 ( 1)  0.051 +-  0.026
 223 E   0.99795 0.00188 0.00017 ( 1)  0.052 +-  0.045
 224 S   0.99211 0.00674 0.00115 ( 1)  0.058 +-  0.094
 225 L   0.98885 0.00925 0.00190 ( 1)  0.062 +-  0.115
 226 L   0.98863 0.00942 0.00195 ( 1)  0.062 +-  0.116
 227 D   0.99971 0.00028 0.00001 ( 1)  0.050 +-  0.017
 228 L   0.99890 0.00103 0.00007 ( 1)  0.051 +-  0.033
 229 F   0.99899 0.00095 0.00006 ( 1)  0.051 +-  0.031
 230 E   0.99795 0.00188 0.00017 ( 1)  0.052 +-  0.045
 231 N   0.99364 0.00598 0.00038 ( 1)  0.056 +-  0.079
 232 G   0.99956 0.00042 0.00002 ( 1)  0.050 +-  0.021
 233 N   0.99971 0.00028 0.00001 ( 1)  0.050 +-  0.017
 234 Y   0.99953 0.00045 0.00002 ( 1)  0.050 +-  0.021
 235 R   0.99583 0.00368 0.00048 ( 1)  0.054 +-  0.067
 236 R   0.99428 0.00499 0.00073 ( 1)  0.056 +-  0.079
 237 R   0.99553 0.00391 0.00056 ( 1)  0.055 +-  0.070
 238 R   0.99453 0.00472 0.00076 ( 1)  0.056 +-  0.079
 239 R   0.99540 0.00406 0.00054 ( 1)  0.055 +-  0.070
 240 R   0.91081 0.07429 0.01490 ( 1)  0.144 +-  0.309
 241 R   0.99754 0.00223 0.00023 ( 1)  0.052 +-  0.050

Positively selected sites

	Prob(w>1)  mean w


