Supplemental results for CODEML (seqf: algn  treef: tree)


dN/dS (w) for site classes (K=5)

p:   0.18465  0.18465  0.18465  0.18465  0.26140
w:   0.16331  0.19130  0.21430  0.24618  1.34265

Naive Empirical Bayes (NEB) probabilities for 5 classes & postmean_w & P(w>1)
(amino acids refer to 1st sequence: calJac_NFILZ_XM_035286919)

   1 -   0.18465 0.18465 0.18465 0.18465 0.26140 ( 5)  0.501  0.261
   2 -   0.18465 0.18465 0.18465 0.18465 0.26140 ( 5)  0.501  0.261
   3 -   0.18465 0.18465 0.18465 0.18465 0.26140 ( 5)  0.501  0.261
   4 -   0.18465 0.18465 0.18465 0.18465 0.26140 ( 5)  0.501  0.261
   5 -   0.18465 0.18465 0.18465 0.18465 0.26140 ( 5)  0.501  0.261
   6 -   0.18465 0.18465 0.18465 0.18465 0.26140 ( 5)  0.501  0.261
   7 -   0.18465 0.18465 0.18465 0.18465 0.26140 ( 5)  0.501  0.261
   8 -   0.18465 0.18465 0.18465 0.18465 0.26140 ( 5)  0.501  0.261
   9 -   0.18465 0.18465 0.18465 0.18465 0.26140 ( 5)  0.501  0.261
  10 -   0.18465 0.18465 0.18465 0.18465 0.26140 ( 5)  0.501  0.261
  11 -   0.18465 0.18465 0.18465 0.18465 0.26140 ( 5)  0.501  0.261
  12 -   0.18465 0.18465 0.18465 0.18465 0.26140 ( 5)  0.501  0.261
  13 -   0.18465 0.18465 0.18465 0.18465 0.26140 ( 5)  0.501  0.261
  14 -   0.18465 0.18465 0.18465 0.18465 0.26140 ( 5)  0.501  0.261
  15 -   0.18465 0.18465 0.18465 0.18465 0.26140 ( 5)  0.501  0.261
  16 -   0.18465 0.18465 0.18465 0.18465 0.26140 ( 5)  0.501  0.261
  17 -   0.18465 0.18465 0.18465 0.18465 0.26140 ( 5)  0.501  0.261
  18 -   0.18465 0.18465 0.18465 0.18465 0.26140 ( 5)  0.501  0.261
  19 -   0.18465 0.18465 0.18465 0.18465 0.26140 ( 5)  0.501  0.261
  20 -   0.18465 0.18465 0.18465 0.18465 0.26140 ( 5)  0.501  0.261
  21 -   0.18465 0.18465 0.18465 0.18465 0.26140 ( 5)  0.501  0.261
  22 -   0.18465 0.18465 0.18465 0.18465 0.26140 ( 5)  0.501  0.261
  23 -   0.18465 0.18465 0.18465 0.18465 0.26140 ( 5)  0.501  0.261
  24 -   0.18465 0.18465 0.18465 0.18465 0.26140 ( 5)  0.501  0.261
  25 -   0.18465 0.18465 0.18465 0.18465 0.26140 ( 5)  0.501  0.261
  26 -   0.18465 0.18465 0.18465 0.18465 0.26140 ( 5)  0.501  0.261
  27 -   0.18465 0.18465 0.18465 0.18465 0.26140 ( 5)  0.501  0.261
  28 -   0.18465 0.18465 0.18465 0.18465 0.26140 ( 5)  0.501  0.261
  29 -   0.18465 0.18465 0.18465 0.18465 0.26140 ( 5)  0.501  0.261
  30 -   0.18465 0.18465 0.18465 0.18465 0.26140 ( 5)  0.501  0.261
  31 -   0.18465 0.18465 0.18465 0.18465 0.26140 ( 5)  0.501  0.261
  32 -   0.18465 0.18465 0.18465 0.18465 0.26140 ( 5)  0.501  0.261
  33 -   0.18465 0.18465 0.18465 0.18465 0.26140 ( 5)  0.501  0.261
  34 -   0.18465 0.18465 0.18465 0.18465 0.26140 ( 5)  0.501  0.261
  35 -   0.18465 0.18465 0.18465 0.18465 0.26140 ( 5)  0.501  0.261
  36 -   0.18465 0.18465 0.18465 0.18465 0.26140 ( 5)  0.501  0.261
  37 -   0.18465 0.18465 0.18465 0.18465 0.26140 ( 5)  0.501  0.261
  38 -   0.18465 0.18465 0.18465 0.18465 0.26140 ( 5)  0.501  0.261
  39 -   0.18465 0.18465 0.18465 0.18465 0.26140 ( 5)  0.501  0.261
  40 -   0.18465 0.18465 0.18465 0.18465 0.26140 ( 5)  0.501  0.261
  41 -   0.18465 0.18465 0.18465 0.18465 0.26140 ( 5)  0.501  0.261
  42 -   0.18465 0.18465 0.18465 0.18465 0.26140 ( 5)  0.501  0.261
  43 -   0.18465 0.18465 0.18465 0.18465 0.26140 ( 5)  0.501  0.261
  44 -   0.18465 0.18465 0.18465 0.18465 0.26140 ( 5)  0.501  0.261
  45 -   0.18465 0.18465 0.18465 0.18465 0.26140 ( 5)  0.501  0.261
  46 -   0.18465 0.18465 0.18465 0.18465 0.26140 ( 5)  0.501  0.261
  47 -   0.18465 0.18465 0.18465 0.18465 0.26140 ( 5)  0.501  0.261
  48 -   0.18465 0.18465 0.18465 0.18465 0.26140 ( 5)  0.501  0.261
  49 -   0.18465 0.18465 0.18465 0.18465 0.26140 ( 5)  0.501  0.261
  50 -   0.18465 0.18465 0.18465 0.18465 0.26140 ( 5)  0.501  0.261
  51 -   0.18465 0.18465 0.18465 0.18465 0.26140 ( 5)  0.501  0.261
  52 -   0.18465 0.18465 0.18465 0.18465 0.26140 ( 5)  0.501  0.261
  53 -   0.18465 0.18465 0.18465 0.18465 0.26140 ( 5)  0.501  0.261
  54 -   0.18465 0.18465 0.18465 0.18465 0.26140 ( 5)  0.501  0.261
  55 -   0.18465 0.18465 0.18465 0.18465 0.26140 ( 5)  0.501  0.261
  56 -   0.18465 0.18465 0.18465 0.18465 0.26140 ( 5)  0.501  0.261
  57 -   0.18465 0.18465 0.18465 0.18465 0.26140 ( 5)  0.501  0.261
  58 -   0.18465 0.18465 0.18465 0.18465 0.26140 ( 5)  0.501  0.261
  59 -   0.18465 0.18465 0.18465 0.18465 0.26140 ( 5)  0.501  0.261
  60 -   0.18465 0.18465 0.18465 0.18465 0.26140 ( 5)  0.501  0.261
  61 -   0.18465 0.18465 0.18465 0.18465 0.26140 ( 5)  0.501  0.261
  62 -   0.18465 0.18465 0.18465 0.18465 0.26140 ( 5)  0.501  0.261
  63 -   0.18465 0.18465 0.18465 0.18465 0.26140 ( 5)  0.501  0.261
  64 -   0.18465 0.18465 0.18465 0.18465 0.26140 ( 5)  0.501  0.261
  65 -   0.18465 0.18465 0.18465 0.18465 0.26140 ( 5)  0.501  0.261
  66 -   0.18465 0.18465 0.18465 0.18465 0.26140 ( 5)  0.501  0.261
  67 -   0.18465 0.18465 0.18465 0.18465 0.26140 ( 5)  0.501  0.261
  68 -   0.18465 0.18465 0.18465 0.18465 0.26140 ( 5)  0.501  0.261
  69 -   0.18465 0.18465 0.18465 0.18465 0.26140 ( 5)  0.501  0.261
  70 -   0.18465 0.18465 0.18465 0.18465 0.26140 ( 5)  0.501  0.261
  71 -   0.18465 0.18465 0.18465 0.18465 0.26140 ( 5)  0.501  0.261
  72 -   0.18465 0.18465 0.18465 0.18465 0.26140 ( 5)  0.501  0.261
  73 -   0.18465 0.18465 0.18465 0.18465 0.26140 ( 5)  0.501  0.261
  74 -   0.18465 0.18465 0.18465 0.18465 0.26140 ( 5)  0.501  0.261
  75 -   0.18465 0.18465 0.18465 0.18465 0.26140 ( 5)  0.501  0.261
  76 -   0.18465 0.18465 0.18465 0.18465 0.26140 ( 5)  0.501  0.261
  77 -   0.18465 0.18465 0.18465 0.18465 0.26140 ( 5)  0.501  0.261
  78 -   0.18465 0.18465 0.18465 0.18465 0.26140 ( 5)  0.501  0.261
  79 -   0.18465 0.18465 0.18465 0.18465 0.26140 ( 5)  0.501  0.261
  80 -   0.18465 0.18465 0.18465 0.18465 0.26140 ( 5)  0.501  0.261
  81 -   0.18465 0.18465 0.18465 0.18465 0.26140 ( 5)  0.501  0.261
  82 -   0.18465 0.18465 0.18465 0.18465 0.26140 ( 5)  0.501  0.261
  83 -   0.18465 0.18465 0.18465 0.18465 0.26140 ( 5)  0.501  0.261
  84 -   0.18465 0.18465 0.18465 0.18465 0.26140 ( 5)  0.501  0.261
  85 -   0.18465 0.18465 0.18465 0.18465 0.26140 ( 5)  0.501  0.261
  86 -   0.18465 0.18465 0.18465 0.18465 0.26140 ( 5)  0.501  0.261
  87 -   0.18465 0.18465 0.18465 0.18465 0.26140 ( 5)  0.501  0.261
  88 -   0.18465 0.18465 0.18465 0.18465 0.26140 ( 5)  0.501  0.261
  89 -   0.18465 0.18465 0.18465 0.18465 0.26140 ( 5)  0.501  0.261
  90 -   0.18465 0.18465 0.18465 0.18465 0.26140 ( 5)  0.501  0.261
  91 -   0.18465 0.18465 0.18465 0.18465 0.26140 ( 5)  0.501  0.261
  92 -   0.18465 0.18465 0.18465 0.18465 0.26140 ( 5)  0.501  0.261
  93 -   0.18465 0.18465 0.18465 0.18465 0.26140 ( 5)  0.501  0.261
  94 -   0.18465 0.18465 0.18465 0.18465 0.26140 ( 5)  0.501  0.261
  95 -   0.18465 0.18465 0.18465 0.18465 0.26140 ( 5)  0.501  0.261
  96 -   0.18465 0.18465 0.18465 0.18465 0.26140 ( 5)  0.501  0.261
  97 -   0.18465 0.18465 0.18465 0.18465 0.26140 ( 5)  0.501  0.261
  98 -   0.18465 0.18465 0.18465 0.18465 0.26140 ( 5)  0.501  0.261
  99 -   0.18465 0.18465 0.18465 0.18465 0.26140 ( 5)  0.501  0.261
 100 -   0.18465 0.18465 0.18465 0.18465 0.26140 ( 5)  0.501  0.261
 101 -   0.18465 0.18465 0.18465 0.18465 0.26140 ( 5)  0.501  0.261
 102 -   0.18465 0.18465 0.18465 0.18465 0.26140 ( 5)  0.501  0.261
 103 -   0.18465 0.18465 0.18465 0.18465 0.26140 ( 5)  0.501  0.261
 104 -   0.18465 0.18465 0.18465 0.18465 0.26140 ( 5)  0.501  0.261
 105 -   0.18465 0.18465 0.18465 0.18465 0.26140 ( 5)  0.501  0.261
 106 -   0.18465 0.18465 0.18465 0.18465 0.26140 ( 5)  0.501  0.261
 107 -   0.18465 0.18465 0.18465 0.18465 0.26140 ( 5)  0.501  0.261
 108 -   0.18465 0.18465 0.18465 0.18465 0.26140 ( 5)  0.501  0.261
 109 -   0.18465 0.18465 0.18465 0.18465 0.26140 ( 5)  0.501  0.261
 110 -   0.18465 0.18465 0.18465 0.18465 0.26140 ( 5)  0.501  0.261
 111 -   0.18465 0.18465 0.18465 0.18465 0.26140 ( 5)  0.501  0.261
 112 -   0.18465 0.18465 0.18465 0.18465 0.26140 ( 5)  0.501  0.261
 113 -   0.18465 0.18465 0.18465 0.18465 0.26140 ( 5)  0.501  0.261
 114 -   0.18465 0.18465 0.18465 0.18465 0.26140 ( 5)  0.501  0.261
 115 -   0.18465 0.18465 0.18465 0.18465 0.26140 ( 5)  0.501  0.261
 116 -   0.18465 0.18465 0.18465 0.18465 0.26140 ( 5)  0.501  0.261
 117 -   0.18465 0.18465 0.18465 0.18465 0.26140 ( 5)  0.501  0.261
 118 -   0.18465 0.18465 0.18465 0.18465 0.26140 ( 5)  0.501  0.261
 119 -   0.18465 0.18465 0.18465 0.18465 0.26140 ( 5)  0.501  0.261
 120 -   0.18465 0.18465 0.18465 0.18465 0.26140 ( 5)  0.501  0.261
 121 -   0.18465 0.18465 0.18465 0.18465 0.26140 ( 5)  0.501  0.261
 122 -   0.18465 0.18465 0.18465 0.18465 0.26140 ( 5)  0.501  0.261
 123 -   0.18465 0.18465 0.18465 0.18465 0.26140 ( 5)  0.501  0.261
 124 -   0.18465 0.18465 0.18465 0.18465 0.26140 ( 5)  0.501  0.261
 125 -   0.18465 0.18465 0.18465 0.18465 0.26140 ( 5)  0.501  0.261
 126 -   0.18465 0.18465 0.18465 0.18465 0.26140 ( 5)  0.501  0.261
 127 -   0.18465 0.18465 0.18465 0.18465 0.26140 ( 5)  0.501  0.261
 128 -   0.18465 0.18465 0.18465 0.18465 0.26140 ( 5)  0.501  0.261
 129 -   0.18465 0.18465 0.18465 0.18465 0.26140 ( 5)  0.501  0.261
 130 -   0.18465 0.18465 0.18465 0.18465 0.26140 ( 5)  0.501  0.261
 131 -   0.18465 0.18465 0.18465 0.18465 0.26140 ( 5)  0.501  0.261
 132 -   0.18465 0.18465 0.18465 0.18465 0.26140 ( 5)  0.501  0.261
 133 -   0.18465 0.18465 0.18465 0.18465 0.26140 ( 5)  0.501  0.261
 134 -   0.18465 0.18465 0.18465 0.18465 0.26140 ( 5)  0.501  0.261
 135 -   0.18465 0.18465 0.18465 0.18465 0.26140 ( 5)  0.501  0.261
 136 -   0.18465 0.18465 0.18465 0.18465 0.26140 ( 5)  0.501  0.261
 137 -   0.18465 0.18465 0.18465 0.18465 0.26140 ( 5)  0.501  0.261
 138 -   0.18465 0.18465 0.18465 0.18465 0.26140 ( 5)  0.501  0.261
 139 -   0.18465 0.18465 0.18465 0.18465 0.26140 ( 5)  0.501  0.261
 140 -   0.18465 0.18465 0.18465 0.18465 0.26140 ( 5)  0.501  0.261
 141 -   0.18465 0.18465 0.18465 0.18465 0.26140 ( 5)  0.501  0.261
 142 -   0.18465 0.18465 0.18465 0.18465 0.26140 ( 5)  0.501  0.261
 143 -   0.18465 0.18465 0.18465 0.18465 0.26140 ( 5)  0.501  0.261
 144 -   0.18465 0.18465 0.18465 0.18465 0.26140 ( 5)  0.501  0.261
 145 -   0.18465 0.18465 0.18465 0.18465 0.26140 ( 5)  0.501  0.261
 146 -   0.18465 0.18465 0.18465 0.18465 0.26140 ( 5)  0.501  0.261
 147 -   0.18465 0.18465 0.18465 0.18465 0.26140 ( 5)  0.501  0.261
 148 -   0.18465 0.18465 0.18465 0.18465 0.26140 ( 5)  0.501  0.261
 149 -   0.18465 0.18465 0.18465 0.18465 0.26140 ( 5)  0.501  0.261
 150 -   0.18465 0.18465 0.18465 0.18465 0.26140 ( 5)  0.501  0.261
 151 -   0.18465 0.18465 0.18465 0.18465 0.26140 ( 5)  0.501  0.261
 152 -   0.18465 0.18465 0.18465 0.18465 0.26140 ( 5)  0.501  0.261
 153 -   0.18465 0.18465 0.18465 0.18465 0.26140 ( 5)  0.501  0.261
 154 -   0.18465 0.18465 0.18465 0.18465 0.26140 ( 5)  0.501  0.261
 155 -   0.18465 0.18465 0.18465 0.18465 0.26140 ( 5)  0.501  0.261
 156 -   0.18465 0.18465 0.18465 0.18465 0.26140 ( 5)  0.501  0.261
 157 -   0.18465 0.18465 0.18465 0.18465 0.26140 ( 5)  0.501  0.261
 158 -   0.18465 0.18465 0.18465 0.18465 0.26140 ( 5)  0.501  0.261
 159 -   0.18465 0.18465 0.18465 0.18465 0.26140 ( 5)  0.501  0.261
 160 -   0.18465 0.18465 0.18465 0.18465 0.26140 ( 5)  0.501  0.261
 161 -   0.18465 0.18465 0.18465 0.18465 0.26140 ( 5)  0.501  0.261
 162 -   0.18465 0.18465 0.18465 0.18465 0.26140 ( 5)  0.501  0.261
 163 -   0.18465 0.18465 0.18465 0.18465 0.26140 ( 5)  0.501  0.261
 164 -   0.18465 0.18465 0.18465 0.18465 0.26140 ( 5)  0.501  0.261
 165 -   0.18465 0.18465 0.18465 0.18465 0.26140 ( 5)  0.501  0.261
 166 -   0.18465 0.18465 0.18465 0.18465 0.26140 ( 5)  0.501  0.261
 167 -   0.18465 0.18465 0.18465 0.18465 0.26140 ( 5)  0.501  0.261
 168 -   0.18465 0.18465 0.18465 0.18465 0.26140 ( 5)  0.501  0.261
 169 -   0.18465 0.18465 0.18465 0.18465 0.26140 ( 5)  0.501  0.261
 170 -   0.18465 0.18465 0.18465 0.18465 0.26140 ( 5)  0.501  0.261
 171 -   0.18465 0.18465 0.18465 0.18465 0.26140 ( 5)  0.501  0.261
 172 -   0.18465 0.18465 0.18465 0.18465 0.26140 ( 5)  0.501  0.261
 173 -   0.18465 0.18465 0.18465 0.18465 0.26140 ( 5)  0.501  0.261
 174 -   0.18465 0.18465 0.18465 0.18465 0.26140 ( 5)  0.501  0.261
 175 -   0.18465 0.18465 0.18465 0.18465 0.26140 ( 5)  0.501  0.261
 176 -   0.18465 0.18465 0.18465 0.18465 0.26140 ( 5)  0.501  0.261
 177 -   0.18465 0.18465 0.18465 0.18465 0.26140 ( 5)  0.501  0.261
 178 -   0.18465 0.18465 0.18465 0.18465 0.26140 ( 5)  0.501  0.261
 179 -   0.18465 0.18465 0.18465 0.18465 0.26140 ( 5)  0.501  0.261
 180 -   0.18465 0.18465 0.18465 0.18465 0.26140 ( 5)  0.501  0.261
 181 -   0.18465 0.18465 0.18465 0.18465 0.26140 ( 5)  0.501  0.261
 182 M   0.24645 0.23675 0.22908 0.21887 0.06885 ( 1)  0.281  0.069
 183 D   0.22830 0.22276 0.21832 0.21231 0.11831 ( 1)  0.338  0.118
 184 V   0.24178 0.23318 0.22636 0.21726 0.08141 ( 1)  0.295  0.081
 185 G   0.22135 0.21699 0.21348 0.20871 0.13948 ( 1)  0.362  0.139
 186 F   0.02214 0.02973 0.03665 0.04719 0.86428 ( 5)  1.189  0.864
 187 L   0.09544 0.10984 0.12127 0.13655 0.53691 ( 5)  0.817  0.537
 188 G   0.11409 0.13018 0.14273 0.15916 0.45384 ( 5)  0.723  0.454
 189 L   0.22619 0.22095 0.21674 0.21105 0.12507 ( 1)  0.346  0.125
 190 P   0.08294 0.09602 0.10652 0.12075 0.59378 ( 5)  0.882  0.594
 191 D   0.22947 0.22364 0.21897 0.21267 0.11524 ( 1)  0.334  0.115
 192 V   0.12601 0.14299 0.15606 0.17293 0.40202 ( 5)  0.664  0.402
 193 S   0.21572 0.21228 0.20950 0.20570 0.15680 ( 1)  0.382  0.157
 194 Q   0.23389 0.22719 0.22184 0.21465 0.10242 ( 1)  0.320  0.102
 195 S   0.10413 0.11937 0.13138 0.14728 0.49783 ( 5)  0.773  0.498
 196 H   0.10232 0.11741 0.12931 0.14510 0.50587 ( 5)  0.782  0.506
 197 S   0.11534 0.13155 0.14417 0.16068 0.44826 ( 5)  0.716  0.448
 198 R   0.12785 0.14491 0.15800 0.17485 0.39439 ( 5)  0.655  0.394
 199 T   0.22681 0.22154 0.21731 0.21158 0.12276 ( 1)  0.343  0.123
 200 L   0.21685 0.21323 0.21030 0.20631 0.15330 ( 1)  0.378  0.153
 201 W   0.11155 0.12744 0.13986 0.15617 0.46497 ( 5)  0.735  0.465
 202 G   0.24239 0.23360 0.22663 0.21734 0.08003 ( 1)  0.294  0.080
 203 T   0.09352 0.10771 0.11899 0.13408 0.54570 ( 5)  0.827  0.546
 204 R   0.23505 0.22801 0.22239 0.21485 0.09970 ( 1)  0.316  0.100
 205 G   0.22884 0.22314 0.21856 0.21239 0.11707 ( 1)  0.336  0.117
 206 R   0.24088 0.23259 0.22600 0.21720 0.08332 ( 1)  0.298  0.083
 207 G   0.22847 0.22283 0.21831 0.21221 0.11817 ( 1)  0.338  0.118
 208 P   0.22293 0.21833 0.21462 0.20960 0.13452 ( 1)  0.356  0.135
 209 T   0.00312 0.00491 0.00677 0.01001 0.97519 ( 5)  1.315  0.975
 210 I   0.11488 0.13105 0.14365 0.16012 0.45029 ( 5)  0.719  0.450
 211 R   0.21796 0.21415 0.21107 0.20688 0.14994 ( 1)  0.374  0.150
 212 R   0.22696 0.22155 0.21720 0.21133 0.12295 ( 1)  0.343  0.123
 213 Q   0.23389 0.22719 0.22184 0.21465 0.10242 ( 1)  0.320  0.102
 214 R   0.23401 0.22718 0.22173 0.21442 0.10265 ( 1)  0.320  0.103
 215 E   0.24515 0.23567 0.22818 0.21820 0.07279 ( 1)  0.285  0.073
 216 F   0.22521 0.22026 0.21629 0.21090 0.12734 ( 1)  0.348  0.127
 217 M   0.14305 0.16099 0.17451 0.19156 0.32990 ( 5)  0.582  0.330
 218 P   0.21608 0.21247 0.20956 0.20560 0.15630 ( 1)  0.381  0.156
 219 E   0.21783 0.21407 0.21103 0.20689 0.15018 ( 1)  0.374  0.150
 220 E   0.13530 0.15271 0.16593 0.18276 0.36329 ( 5)  0.620  0.363
 221 K   0.24204 0.23349 0.22670 0.21763 0.08015 ( 1)  0.294  0.080
 222 K   0.24204 0.23349 0.22670 0.21763 0.08015 ( 1)  0.294  0.080
 223 D   0.23510 0.22817 0.22263 0.21519 0.09892 ( 1)  0.316  0.099
 224 T   0.21862 0.21464 0.21142 0.20706 0.14826 ( 1)  0.372  0.148
 225 V   0.22078 0.21652 0.21309 0.20843 0.14117 ( 1)  0.364  0.141
 226 Y   0.22271 0.21818 0.21453 0.20958 0.13499 ( 1)  0.357  0.135
 227 W   0.22953 0.22378 0.21917 0.21294 0.11459 ( 1)  0.334  0.115
 228 E   0.24515 0.23567 0.22818 0.21820 0.07279 ( 1)  0.285  0.073
 229 K   0.24204 0.23349 0.22670 0.21763 0.08015 ( 1)  0.294  0.080
 230 R   0.23505 0.22801 0.22239 0.21485 0.09970 ( 1)  0.316  0.100
 231 R   0.23587 0.22870 0.22299 0.21531 0.09712 ( 1)  0.313  0.097
 232 K   0.24204 0.23349 0.22670 0.21763 0.08015 ( 1)  0.294  0.080
 233 N   0.23158 0.22543 0.22050 0.21386 0.10863 ( 1)  0.327  0.109
 234 N   0.22465 0.21980 0.21589 0.21060 0.12906 ( 1)  0.350  0.129
 235 E   0.24248 0.23367 0.22669 0.21738 0.07978 ( 1)  0.294  0.080
 236 A   0.21922 0.21510 0.21178 0.20728 0.14661 ( 1)  0.370  0.147
 237 A   0.22811 0.22255 0.21808 0.21205 0.11920 ( 1)  0.339  0.119
 238 K   0.13338 0.15079 0.16407 0.18103 0.37073 ( 5)  0.628  0.371
 239 R   0.21270 0.20968 0.20724 0.20390 0.16648 ( 1)  0.393  0.166
 240 S   0.22258 0.21807 0.21444 0.20950 0.13541 ( 1)  0.357  0.135
 241 R   0.23164 0.22434 0.21858 0.21092 0.11452 ( 1)  0.333  0.115
 242 E   0.21783 0.21407 0.21103 0.20689 0.15018 ( 1)  0.374  0.150
 243 K   0.24204 0.23349 0.22670 0.21763 0.08015 ( 1)  0.294  0.080
 244 R   0.21122 0.20828 0.20590 0.20266 0.17193 ( 1)  0.399  0.172
 245 R   0.21796 0.21415 0.21107 0.20688 0.14994 ( 1)  0.374  0.150
 246 R   0.10278 0.11786 0.12975 0.14550 0.50412 ( 5)  0.780  0.504
 247 N   0.22619 0.22100 0.21684 0.21120 0.12476 ( 1)  0.345  0.125
 248 D   0.22830 0.22276 0.21832 0.21231 0.11831 ( 1)  0.338  0.118
 249 A   0.21922 0.21510 0.21178 0.20728 0.14661 ( 1)  0.370  0.147
 250 A   0.22811 0.22255 0.21808 0.21205 0.11920 ( 1)  0.339  0.119
 251 I   0.10255 0.11765 0.12955 0.14534 0.50490 ( 5)  0.781  0.505
 252 E   0.24515 0.23567 0.22818 0.21820 0.07279 ( 1)  0.285  0.073
 253 G   0.11409 0.13018 0.14273 0.15916 0.45384 ( 5)  0.723  0.454
 254 R   0.24088 0.23259 0.22600 0.21720 0.08332 ( 1)  0.298  0.083
 255 L   0.22608 0.22087 0.21668 0.21102 0.12535 ( 1)  0.346  0.125
 256 A   0.22246 0.21791 0.21424 0.20926 0.13613 ( 1)  0.358  0.136
 257 A   0.21139 0.20853 0.20621 0.20304 0.17084 ( 1)  0.398  0.171
 258 L   0.22852 0.22287 0.21835 0.21224 0.11802 ( 1)  0.337  0.118
 259 M   0.14153 0.15939 0.17287 0.18992 0.33629 ( 5)  0.589  0.336
 260 E   0.24515 0.23567 0.22818 0.21820 0.07279 ( 1)  0.285  0.073
 261 E   0.24515 0.23567 0.22818 0.21820 0.07279 ( 1)  0.285  0.073
 262 N   0.22624 0.22105 0.21688 0.21123 0.12460 ( 1)  0.345  0.125
 263 A   0.10996 0.12571 0.13805 0.15427 0.47201 ( 5)  0.743  0.472
 264 L   0.22852 0.22287 0.21835 0.21224 0.11802 ( 1)  0.337  0.118
 265 L   0.22443 0.21956 0.21564 0.21033 0.13004 ( 1)  0.351  0.130
 266 R   0.13162 0.14890 0.16211 0.17901 0.37836 ( 5)  0.637  0.378
 267 D   0.01844 0.02488 0.03080 0.03988 0.88601 ( 5)  1.214  0.886
 268 E   0.24515 0.23567 0.22818 0.21820 0.07279 ( 1)  0.285  0.073
 269 L   0.22852 0.22287 0.21835 0.21224 0.11802 ( 1)  0.337  0.118
 270 R   0.08906 0.10184 0.11191 0.12527 0.57193 ( 5)  0.857  0.572
 271 A   0.24160 0.23302 0.22622 0.21714 0.08203 ( 1)  0.296  0.082
 272 L   0.22443 0.21956 0.21564 0.21033 0.13004 ( 1)  0.351  0.130
 273 K   0.24204 0.23349 0.22670 0.21763 0.08015 ( 1)  0.294  0.080
 274 L   0.21741 0.21369 0.21069 0.20660 0.15161 ( 1)  0.376  0.152
 275 R   0.10761 0.12317 0.13538 0.15147 0.48237 ( 5)  0.755  0.482
 276 F   0.21875 0.21487 0.21173 0.20746 0.14719 ( 1)  0.371  0.147
 277 G   0.22884 0.22314 0.21856 0.21239 0.11707 ( 1)  0.336  0.117
 278 L   0.02206 0.02962 0.03652 0.04702 0.86479 ( 5)  1.190  0.865
 279 L   0.22852 0.22287 0.21835 0.21224 0.11802 ( 1)  0.337  0.118
 280 P   0.07149 0.08363 0.09355 0.10722 0.64411 ( 5)  0.939  0.644
 281 L   0.11090 0.12673 0.13911 0.15538 0.46789 ( 5)  0.739  0.468
 282 T   0.22436 0.21944 0.21550 0.21015 0.13055 ( 1)  0.352  0.131
 283 G   0.22135 0.21699 0.21348 0.20871 0.13948 ( 1)  0.362  0.139
 284 G   0.23958 0.23153 0.22513 0.21656 0.08720 ( 1)  0.302  0.087
 285 P   0.22434 0.21948 0.21557 0.21027 0.13035 ( 1)  0.352  0.130
 286 Q   0.02807 0.03739 0.04579 0.05843 0.83031 ( 5)  1.151  0.830
 287 A   0.22666 0.22139 0.21716 0.21143 0.12336 ( 1)  0.344  0.123
 288 L   0.01875 0.02529 0.03129 0.04050 0.88418 ( 5)  1.212  0.884
 289 P   0.22434 0.21948 0.21557 0.21027 0.13035 ( 1)  0.352  0.130
 290 L   0.22852 0.22287 0.21835 0.21224 0.11802 ( 1)  0.337  0.118
 291 Q   0.23389 0.22719 0.22184 0.21465 0.10242 ( 1)  0.320  0.102
 292 A   0.10616 0.12159 0.13371 0.14972 0.48882 ( 5)  0.762  0.489
 293 L   0.11066 0.12642 0.13874 0.15492 0.46926 ( 5)  0.740  0.469
 294 L   0.20385 0.20195 0.20039 0.19827 0.19554 ( 1)  0.426  0.196
 295 W   0.11007 0.12584 0.13818 0.15440 0.47151 ( 5)  0.743  0.472
 296 E   0.21783 0.21407 0.21103 0.20689 0.15018 ( 1)  0.374  0.150
 297 A   0.10018 0.11504 0.12680 0.14242 0.51556 ( 5)  0.793  0.516
 298 P   0.22434 0.21948 0.21557 0.21027 0.13035 ( 1)  0.352  0.130
 299 W   0.22953 0.22378 0.21917 0.21294 0.11459 ( 1)  0.334  0.115
 300 T   0.21964 0.21559 0.21232 0.20788 0.14457 ( 1)  0.368  0.145
 301 G   0.24181 0.23316 0.22630 0.21715 0.08158 ( 1)  0.296  0.082
 302 D   0.23510 0.22817 0.22263 0.21519 0.09892 ( 1)  0.316  0.099
 303 H   0.02149 0.02887 0.03560 0.04585 0.86820 ( 5)  1.194  0.868
 304 H   0.02088 0.02802 0.03453 0.04445 0.87211 ( 5)  1.198  0.872
 305 P   0.21735 0.21364 0.21063 0.20655 0.15183 ( 1)  0.376  0.152
 306 A   0.13207 0.14926 0.16238 0.17914 0.37715 ( 5)  0.635  0.377
 307 A   0.22070 0.21645 0.21302 0.20836 0.14148 ( 1)  0.364  0.141
 308 E   0.21783 0.21407 0.21103 0.20689 0.15018 ( 1)  0.374  0.150
 309 A   0.08841 0.10207 0.11299 0.12767 0.56886 ( 5)  0.853  0.569
 310 L   0.22701 0.22166 0.21737 0.21156 0.12240 ( 1)  0.342  0.122
 311 S   0.21216 0.20915 0.20672 0.20339 0.16857 ( 1)  0.395  0.169
 312 S   0.02139 0.02875 0.03548 0.04573 0.86864 ( 5)  1.194  0.869
 313 L   0.21685 0.21323 0.21030 0.20631 0.15330 ( 1)  0.378  0.153
 314 S   0.21572 0.21228 0.20950 0.20570 0.15680 ( 1)  0.382  0.157
 315 G   0.10154 0.11654 0.12838 0.14410 0.50943 ( 5)  0.786  0.509
 316 S   0.09682 0.11136 0.12289 0.13827 0.53066 ( 5)  0.810  0.531
 317 H   0.23091 0.22486 0.22001 0.21347 0.11075 ( 1)  0.329  0.111
 318 S   0.02221 0.02981 0.03674 0.04730 0.86395 ( 5)  1.189  0.864
 319 C   0.22575 0.22070 0.21665 0.21115 0.12575 ( 1)  0.346  0.126
 320 L   0.10270 0.11781 0.12973 0.14553 0.50422 ( 5)  0.780  0.504
 321 L   0.19905 0.19769 0.19658 0.19506 0.21162 ( 5)  0.445  0.212
 322 R   0.24088 0.23259 0.22600 0.21720 0.08332 ( 1)  0.298  0.083
 323 P   0.20871 0.20621 0.20418 0.20139 0.17951 ( 1)  0.408  0.180
 324 C   0.00249 0.00393 0.00545 0.00811 0.98002 ( 5)  1.320  0.980
 325 S   0.22258 0.21807 0.21444 0.20950 0.13541 ( 1)  0.357  0.135
 326 L   0.22470 0.21973 0.21574 0.21033 0.12950 ( 1)  0.351  0.130
 327 D   0.22830 0.22276 0.21832 0.21231 0.11831 ( 1)  0.338  0.118
 328 A   0.22070 0.21645 0.21302 0.20836 0.14148 ( 1)  0.364  0.141
 329 G   0.24239 0.23360 0.22663 0.21734 0.08003 ( 1)  0.294  0.080
 330 V   0.01842 0.02486 0.03077 0.03985 0.88609 ( 5)  1.214  0.886
 331 P   0.08249 0.09553 0.10601 0.12021 0.59575 ( 5)  0.884  0.596
 332 G   0.21076 0.20798 0.20572 0.20264 0.17289 ( 1)  0.400  0.173
 333 C   0.22051 0.21631 0.21293 0.20833 0.14192 ( 1)  0.365  0.142

Positively selected sites

	Prob(w>1)  mean w

   186 F      0.864         1.189
   187 L      0.537         0.817
   190 P      0.594         0.882
   196 H      0.506         0.782
   203 T      0.546         0.827
   209 T      0.975*        1.315
   246 R      0.504         0.780
   251 I      0.505         0.781
   267 D      0.886         1.214
   270 R      0.572         0.857
   278 L      0.865         1.190
   280 P      0.644         0.939
   286 Q      0.830         1.151
   288 L      0.884         1.212
   297 A      0.516         0.793
   303 H      0.868         1.194
   304 H      0.872         1.198
   309 A      0.569         0.853
   312 S      0.869         1.194
   315 G      0.509         0.786
   316 S      0.531         0.810
   318 S      0.864         1.189
   320 L      0.504         0.780
   324 C      0.980*        1.320
   330 V      0.886         1.214
   331 P      0.596         0.884


lnL = -1937.027308

Bayes Empirical Bayes (BEB) probabilities for 11 classes (class) & postmean_w
(amino acids refer to 1st sequence: calJac_NFILZ_XM_035286919)

   1 -   0.22378 0.10926 0.09486 0.08577 0.07822 0.07109 0.06392 0.05644 0.04864 0.05368 0.11434 ( 1)  0.551 +-  0.645
   2 -   0.22378 0.10926 0.09486 0.08577 0.07822 0.07109 0.06392 0.05644 0.04864 0.05368 0.11434 ( 1)  0.551 +-  0.645
   3 -   0.22378 0.10926 0.09486 0.08577 0.07822 0.07109 0.06392 0.05644 0.04864 0.05368 0.11434 ( 1)  0.551 +-  0.645
   4 -   0.22378 0.10926 0.09486 0.08577 0.07822 0.07109 0.06392 0.05644 0.04864 0.05368 0.11434 ( 1)  0.551 +-  0.645
   5 -   0.22378 0.10926 0.09486 0.08577 0.07822 0.07109 0.06392 0.05644 0.04864 0.05368 0.11434 ( 1)  0.551 +-  0.645
   6 -   0.22378 0.10926 0.09486 0.08577 0.07822 0.07109 0.06392 0.05644 0.04864 0.05368 0.11434 ( 1)  0.551 +-  0.645
   7 -   0.22378 0.10926 0.09486 0.08577 0.07822 0.07109 0.06392 0.05644 0.04864 0.05368 0.11434 ( 1)  0.551 +-  0.645
   8 -   0.22378 0.10926 0.09486 0.08577 0.07822 0.07109 0.06392 0.05644 0.04864 0.05368 0.11434 ( 1)  0.551 +-  0.645
   9 -   0.22378 0.10926 0.09486 0.08577 0.07822 0.07109 0.06392 0.05644 0.04864 0.05368 0.11434 ( 1)  0.551 +-  0.645
  10 -   0.22378 0.10926 0.09486 0.08577 0.07822 0.07109 0.06392 0.05644 0.04864 0.05368 0.11434 ( 1)  0.551 +-  0.645
  11 -   0.22378 0.10926 0.09486 0.08577 0.07822 0.07109 0.06392 0.05644 0.04864 0.05368 0.11434 ( 1)  0.551 +-  0.645
  12 -   0.22378 0.10926 0.09486 0.08577 0.07822 0.07109 0.06392 0.05644 0.04864 0.05368 0.11434 ( 1)  0.551 +-  0.645
  13 -   0.22378 0.10926 0.09486 0.08577 0.07822 0.07109 0.06392 0.05644 0.04864 0.05368 0.11434 ( 1)  0.551 +-  0.645
  14 -   0.22378 0.10926 0.09486 0.08577 0.07822 0.07109 0.06392 0.05644 0.04864 0.05368 0.11434 ( 1)  0.551 +-  0.645
  15 -   0.22378 0.10926 0.09486 0.08577 0.07822 0.07109 0.06392 0.05644 0.04864 0.05368 0.11434 ( 1)  0.551 +-  0.645
  16 -   0.22378 0.10926 0.09486 0.08577 0.07822 0.07109 0.06392 0.05644 0.04864 0.05368 0.11434 ( 1)  0.551 +-  0.645
  17 -   0.22378 0.10926 0.09486 0.08577 0.07822 0.07109 0.06392 0.05644 0.04864 0.05368 0.11434 ( 1)  0.551 +-  0.645
  18 -   0.22378 0.10926 0.09486 0.08577 0.07822 0.07109 0.06392 0.05644 0.04864 0.05368 0.11434 ( 1)  0.551 +-  0.645
  19 -   0.22378 0.10926 0.09486 0.08577 0.07822 0.07109 0.06392 0.05644 0.04864 0.05368 0.11434 ( 1)  0.551 +-  0.645
  20 -   0.22378 0.10926 0.09486 0.08577 0.07822 0.07109 0.06392 0.05644 0.04864 0.05368 0.11434 ( 1)  0.551 +-  0.645
  21 -   0.22378 0.10926 0.09486 0.08577 0.07822 0.07109 0.06392 0.05644 0.04864 0.05368 0.11434 ( 1)  0.551 +-  0.645
  22 -   0.22378 0.10926 0.09486 0.08577 0.07822 0.07109 0.06392 0.05644 0.04864 0.05368 0.11434 ( 1)  0.551 +-  0.645
  23 -   0.22378 0.10926 0.09486 0.08577 0.07822 0.07109 0.06392 0.05644 0.04864 0.05368 0.11434 ( 1)  0.551 +-  0.645
  24 -   0.22378 0.10926 0.09486 0.08577 0.07822 0.07109 0.06392 0.05644 0.04864 0.05368 0.11434 ( 1)  0.551 +-  0.645
  25 -   0.22378 0.10926 0.09486 0.08577 0.07822 0.07109 0.06392 0.05644 0.04864 0.05368 0.11434 ( 1)  0.551 +-  0.645
  26 -   0.22378 0.10926 0.09486 0.08577 0.07822 0.07109 0.06392 0.05644 0.04864 0.05368 0.11434 ( 1)  0.551 +-  0.645
  27 -   0.22378 0.10926 0.09486 0.08577 0.07822 0.07109 0.06392 0.05644 0.04864 0.05368 0.11434 ( 1)  0.551 +-  0.645
  28 -   0.22378 0.10926 0.09486 0.08577 0.07822 0.07109 0.06392 0.05644 0.04864 0.05368 0.11434 ( 1)  0.551 +-  0.645
  29 -   0.22378 0.10926 0.09486 0.08577 0.07822 0.07109 0.06392 0.05644 0.04864 0.05368 0.11434 ( 1)  0.551 +-  0.645
  30 -   0.22378 0.10926 0.09486 0.08577 0.07822 0.07109 0.06392 0.05644 0.04864 0.05368 0.11434 ( 1)  0.551 +-  0.645
  31 -   0.22378 0.10926 0.09486 0.08577 0.07822 0.07109 0.06392 0.05644 0.04864 0.05368 0.11434 ( 1)  0.551 +-  0.645
  32 -   0.22378 0.10926 0.09486 0.08577 0.07822 0.07109 0.06392 0.05644 0.04864 0.05368 0.11434 ( 1)  0.551 +-  0.645
  33 -   0.22378 0.10926 0.09486 0.08577 0.07822 0.07109 0.06392 0.05644 0.04864 0.05368 0.11434 ( 1)  0.551 +-  0.645
  34 -   0.22378 0.10926 0.09486 0.08577 0.07822 0.07109 0.06392 0.05644 0.04864 0.05368 0.11434 ( 1)  0.551 +-  0.645
  35 -   0.22378 0.10926 0.09486 0.08577 0.07822 0.07109 0.06392 0.05644 0.04864 0.05368 0.11434 ( 1)  0.551 +-  0.645
  36 -   0.22378 0.10926 0.09486 0.08577 0.07822 0.07109 0.06392 0.05644 0.04864 0.05368 0.11434 ( 1)  0.551 +-  0.645
  37 -   0.22378 0.10926 0.09486 0.08577 0.07822 0.07109 0.06392 0.05644 0.04864 0.05368 0.11434 ( 1)  0.551 +-  0.645
  38 -   0.22378 0.10926 0.09486 0.08577 0.07822 0.07109 0.06392 0.05644 0.04864 0.05368 0.11434 ( 1)  0.551 +-  0.645
  39 -   0.22378 0.10926 0.09486 0.08577 0.07822 0.07109 0.06392 0.05644 0.04864 0.05368 0.11434 ( 1)  0.551 +-  0.645
  40 -   0.22378 0.10926 0.09486 0.08577 0.07822 0.07109 0.06392 0.05644 0.04864 0.05368 0.11434 ( 1)  0.551 +-  0.645
  41 -   0.22378 0.10926 0.09486 0.08577 0.07822 0.07109 0.06392 0.05644 0.04864 0.05368 0.11434 ( 1)  0.551 +-  0.645
  42 -   0.22378 0.10926 0.09486 0.08577 0.07822 0.07109 0.06392 0.05644 0.04864 0.05368 0.11434 ( 1)  0.551 +-  0.645
  43 -   0.22378 0.10926 0.09486 0.08577 0.07822 0.07109 0.06392 0.05644 0.04864 0.05368 0.11434 ( 1)  0.551 +-  0.645
  44 -   0.22378 0.10926 0.09486 0.08577 0.07822 0.07109 0.06392 0.05644 0.04864 0.05368 0.11434 ( 1)  0.551 +-  0.645
  45 -   0.22378 0.10926 0.09486 0.08577 0.07822 0.07109 0.06392 0.05644 0.04864 0.05368 0.11434 ( 1)  0.551 +-  0.645
  46 -   0.22378 0.10926 0.09486 0.08577 0.07822 0.07109 0.06392 0.05644 0.04864 0.05368 0.11434 ( 1)  0.551 +-  0.645
  47 -   0.22378 0.10926 0.09486 0.08577 0.07822 0.07109 0.06392 0.05644 0.04864 0.05368 0.11434 ( 1)  0.551 +-  0.645
  48 -   0.22378 0.10926 0.09486 0.08577 0.07822 0.07109 0.06392 0.05644 0.04864 0.05368 0.11434 ( 1)  0.551 +-  0.645
  49 -   0.22378 0.10926 0.09486 0.08577 0.07822 0.07109 0.06392 0.05644 0.04864 0.05368 0.11434 ( 1)  0.551 +-  0.645
  50 -   0.22378 0.10926 0.09486 0.08577 0.07822 0.07109 0.06392 0.05644 0.04864 0.05368 0.11434 ( 1)  0.551 +-  0.645
  51 -   0.22378 0.10926 0.09486 0.08577 0.07822 0.07109 0.06392 0.05644 0.04864 0.05368 0.11434 ( 1)  0.551 +-  0.645
  52 -   0.22378 0.10926 0.09486 0.08577 0.07822 0.07109 0.06392 0.05644 0.04864 0.05368 0.11434 ( 1)  0.551 +-  0.645
  53 -   0.22378 0.10926 0.09486 0.08577 0.07822 0.07109 0.06392 0.05644 0.04864 0.05368 0.11434 ( 1)  0.551 +-  0.645
  54 -   0.22378 0.10926 0.09486 0.08577 0.07822 0.07109 0.06392 0.05644 0.04864 0.05368 0.11434 ( 1)  0.551 +-  0.645
  55 -   0.22378 0.10926 0.09486 0.08577 0.07822 0.07109 0.06392 0.05644 0.04864 0.05368 0.11434 ( 1)  0.551 +-  0.645
  56 -   0.22378 0.10926 0.09486 0.08577 0.07822 0.07109 0.06392 0.05644 0.04864 0.05368 0.11434 ( 1)  0.551 +-  0.645
  57 -   0.22378 0.10926 0.09486 0.08577 0.07822 0.07109 0.06392 0.05644 0.04864 0.05368 0.11434 ( 1)  0.551 +-  0.645
  58 -   0.22378 0.10926 0.09486 0.08577 0.07822 0.07109 0.06392 0.05644 0.04864 0.05368 0.11434 ( 1)  0.551 +-  0.645
  59 -   0.22378 0.10926 0.09486 0.08577 0.07822 0.07109 0.06392 0.05644 0.04864 0.05368 0.11434 ( 1)  0.551 +-  0.645
  60 -   0.22378 0.10926 0.09486 0.08577 0.07822 0.07109 0.06392 0.05644 0.04864 0.05368 0.11434 ( 1)  0.551 +-  0.645
  61 -   0.22378 0.10926 0.09486 0.08577 0.07822 0.07109 0.06392 0.05644 0.04864 0.05368 0.11434 ( 1)  0.551 +-  0.645
  62 -   0.22378 0.10926 0.09486 0.08577 0.07822 0.07109 0.06392 0.05644 0.04864 0.05368 0.11434 ( 1)  0.551 +-  0.645
  63 -   0.22378 0.10926 0.09486 0.08577 0.07822 0.07109 0.06392 0.05644 0.04864 0.05368 0.11434 ( 1)  0.551 +-  0.645
  64 -   0.22378 0.10926 0.09486 0.08577 0.07822 0.07109 0.06392 0.05644 0.04864 0.05368 0.11434 ( 1)  0.551 +-  0.645
  65 -   0.22378 0.10926 0.09486 0.08577 0.07822 0.07109 0.06392 0.05644 0.04864 0.05368 0.11434 ( 1)  0.551 +-  0.645
  66 -   0.22378 0.10926 0.09486 0.08577 0.07822 0.07109 0.06392 0.05644 0.04864 0.05368 0.11434 ( 1)  0.551 +-  0.645
  67 -   0.22378 0.10926 0.09486 0.08577 0.07822 0.07109 0.06392 0.05644 0.04864 0.05368 0.11434 ( 1)  0.551 +-  0.645
  68 -   0.22378 0.10926 0.09486 0.08577 0.07822 0.07109 0.06392 0.05644 0.04864 0.05368 0.11434 ( 1)  0.551 +-  0.645
  69 -   0.22378 0.10926 0.09486 0.08577 0.07822 0.07109 0.06392 0.05644 0.04864 0.05368 0.11434 ( 1)  0.551 +-  0.645
  70 -   0.22378 0.10926 0.09486 0.08577 0.07822 0.07109 0.06392 0.05644 0.04864 0.05368 0.11434 ( 1)  0.551 +-  0.645
  71 -   0.22378 0.10926 0.09486 0.08577 0.07822 0.07109 0.06392 0.05644 0.04864 0.05368 0.11434 ( 1)  0.551 +-  0.645
  72 -   0.22378 0.10926 0.09486 0.08577 0.07822 0.07109 0.06392 0.05644 0.04864 0.05368 0.11434 ( 1)  0.551 +-  0.645
  73 -   0.22378 0.10926 0.09486 0.08577 0.07822 0.07109 0.06392 0.05644 0.04864 0.05368 0.11434 ( 1)  0.551 +-  0.645
  74 -   0.22378 0.10926 0.09486 0.08577 0.07822 0.07109 0.06392 0.05644 0.04864 0.05368 0.11434 ( 1)  0.551 +-  0.645
  75 -   0.22378 0.10926 0.09486 0.08577 0.07822 0.07109 0.06392 0.05644 0.04864 0.05368 0.11434 ( 1)  0.551 +-  0.645
  76 -   0.22378 0.10926 0.09486 0.08577 0.07822 0.07109 0.06392 0.05644 0.04864 0.05368 0.11434 ( 1)  0.551 +-  0.645
  77 -   0.22378 0.10926 0.09486 0.08577 0.07822 0.07109 0.06392 0.05644 0.04864 0.05368 0.11434 ( 1)  0.551 +-  0.645
  78 -   0.22378 0.10926 0.09486 0.08577 0.07822 0.07109 0.06392 0.05644 0.04864 0.05368 0.11434 ( 1)  0.551 +-  0.645
  79 -   0.22378 0.10926 0.09486 0.08577 0.07822 0.07109 0.06392 0.05644 0.04864 0.05368 0.11434 ( 1)  0.551 +-  0.645
  80 -   0.22378 0.10926 0.09486 0.08577 0.07822 0.07109 0.06392 0.05644 0.04864 0.05368 0.11434 ( 1)  0.551 +-  0.645
  81 -   0.22378 0.10926 0.09486 0.08577 0.07822 0.07109 0.06392 0.05644 0.04864 0.05368 0.11434 ( 1)  0.551 +-  0.645
  82 -   0.22378 0.10926 0.09486 0.08577 0.07822 0.07109 0.06392 0.05644 0.04864 0.05368 0.11434 ( 1)  0.551 +-  0.645
  83 -   0.22378 0.10926 0.09486 0.08577 0.07822 0.07109 0.06392 0.05644 0.04864 0.05368 0.11434 ( 1)  0.551 +-  0.645
  84 -   0.22378 0.10926 0.09486 0.08577 0.07822 0.07109 0.06392 0.05644 0.04864 0.05368 0.11434 ( 1)  0.551 +-  0.645
  85 -   0.22378 0.10926 0.09486 0.08577 0.07822 0.07109 0.06392 0.05644 0.04864 0.05368 0.11434 ( 1)  0.551 +-  0.645
  86 -   0.22378 0.10926 0.09486 0.08577 0.07822 0.07109 0.06392 0.05644 0.04864 0.05368 0.11434 ( 1)  0.551 +-  0.645
  87 -   0.22378 0.10926 0.09486 0.08577 0.07822 0.07109 0.06392 0.05644 0.04864 0.05368 0.11434 ( 1)  0.551 +-  0.645
  88 -   0.22378 0.10926 0.09486 0.08577 0.07822 0.07109 0.06392 0.05644 0.04864 0.05368 0.11434 ( 1)  0.551 +-  0.645
  89 -   0.22378 0.10926 0.09486 0.08577 0.07822 0.07109 0.06392 0.05644 0.04864 0.05368 0.11434 ( 1)  0.551 +-  0.645
  90 -   0.22378 0.10926 0.09486 0.08577 0.07822 0.07109 0.06392 0.05644 0.04864 0.05368 0.11434 ( 1)  0.551 +-  0.645
  91 -   0.22378 0.10926 0.09486 0.08577 0.07822 0.07109 0.06392 0.05644 0.04864 0.05368 0.11434 ( 1)  0.551 +-  0.645
  92 -   0.22378 0.10926 0.09486 0.08577 0.07822 0.07109 0.06392 0.05644 0.04864 0.05368 0.11434 ( 1)  0.551 +-  0.645
  93 -   0.22378 0.10926 0.09486 0.08577 0.07822 0.07109 0.06392 0.05644 0.04864 0.05368 0.11434 ( 1)  0.551 +-  0.645
  94 -   0.22378 0.10926 0.09486 0.08577 0.07822 0.07109 0.06392 0.05644 0.04864 0.05368 0.11434 ( 1)  0.551 +-  0.645
  95 -   0.22378 0.10926 0.09486 0.08577 0.07822 0.07109 0.06392 0.05644 0.04864 0.05368 0.11434 ( 1)  0.551 +-  0.645
  96 -   0.22378 0.10926 0.09486 0.08577 0.07822 0.07109 0.06392 0.05644 0.04864 0.05368 0.11434 ( 1)  0.551 +-  0.645
  97 -   0.22378 0.10926 0.09486 0.08577 0.07822 0.07109 0.06392 0.05644 0.04864 0.05368 0.11434 ( 1)  0.551 +-  0.645
  98 -   0.22378 0.10926 0.09486 0.08577 0.07822 0.07109 0.06392 0.05644 0.04864 0.05368 0.11434 ( 1)  0.551 +-  0.645
  99 -   0.22378 0.10926 0.09486 0.08577 0.07822 0.07109 0.06392 0.05644 0.04864 0.05368 0.11434 ( 1)  0.551 +-  0.645
 100 -   0.22378 0.10926 0.09486 0.08577 0.07822 0.07109 0.06392 0.05644 0.04864 0.05368 0.11434 ( 1)  0.551 +-  0.645
 101 -   0.22378 0.10926 0.09486 0.08577 0.07822 0.07109 0.06392 0.05644 0.04864 0.05368 0.11434 ( 1)  0.551 +-  0.645
 102 -   0.22378 0.10926 0.09486 0.08577 0.07822 0.07109 0.06392 0.05644 0.04864 0.05368 0.11434 ( 1)  0.551 +-  0.645
 103 -   0.22378 0.10926 0.09486 0.08577 0.07822 0.07109 0.06392 0.05644 0.04864 0.05368 0.11434 ( 1)  0.551 +-  0.645
 104 -   0.22378 0.10926 0.09486 0.08577 0.07822 0.07109 0.06392 0.05644 0.04864 0.05368 0.11434 ( 1)  0.551 +-  0.645
 105 -   0.22378 0.10926 0.09486 0.08577 0.07822 0.07109 0.06392 0.05644 0.04864 0.05368 0.11434 ( 1)  0.551 +-  0.645
 106 -   0.22378 0.10926 0.09486 0.08577 0.07822 0.07109 0.06392 0.05644 0.04864 0.05368 0.11434 ( 1)  0.551 +-  0.645
 107 -   0.22378 0.10926 0.09486 0.08577 0.07822 0.07109 0.06392 0.05644 0.04864 0.05368 0.11434 ( 1)  0.551 +-  0.645
 108 -   0.22378 0.10926 0.09486 0.08577 0.07822 0.07109 0.06392 0.05644 0.04864 0.05368 0.11434 ( 1)  0.551 +-  0.645
 109 -   0.22378 0.10926 0.09486 0.08577 0.07822 0.07109 0.06392 0.05644 0.04864 0.05368 0.11434 ( 1)  0.551 +-  0.645
 110 -   0.22378 0.10926 0.09486 0.08577 0.07822 0.07109 0.06392 0.05644 0.04864 0.05368 0.11434 ( 1)  0.551 +-  0.645
 111 -   0.22378 0.10926 0.09486 0.08577 0.07822 0.07109 0.06392 0.05644 0.04864 0.05368 0.11434 ( 1)  0.551 +-  0.645
 112 -   0.22378 0.10926 0.09486 0.08577 0.07822 0.07109 0.06392 0.05644 0.04864 0.05368 0.11434 ( 1)  0.551 +-  0.645
 113 -   0.22378 0.10926 0.09486 0.08577 0.07822 0.07109 0.06392 0.05644 0.04864 0.05368 0.11434 ( 1)  0.551 +-  0.645
 114 -   0.22378 0.10926 0.09486 0.08577 0.07822 0.07109 0.06392 0.05644 0.04864 0.05368 0.11434 ( 1)  0.551 +-  0.645
 115 -   0.22378 0.10926 0.09486 0.08577 0.07822 0.07109 0.06392 0.05644 0.04864 0.05368 0.11434 ( 1)  0.551 +-  0.645
 116 -   0.22378 0.10926 0.09486 0.08577 0.07822 0.07109 0.06392 0.05644 0.04864 0.05368 0.11434 ( 1)  0.551 +-  0.645
 117 -   0.22378 0.10926 0.09486 0.08577 0.07822 0.07109 0.06392 0.05644 0.04864 0.05368 0.11434 ( 1)  0.551 +-  0.645
 118 -   0.22378 0.10926 0.09486 0.08577 0.07822 0.07109 0.06392 0.05644 0.04864 0.05368 0.11434 ( 1)  0.551 +-  0.645
 119 -   0.22378 0.10926 0.09486 0.08577 0.07822 0.07109 0.06392 0.05644 0.04864 0.05368 0.11434 ( 1)  0.551 +-  0.645
 120 -   0.22378 0.10926 0.09486 0.08577 0.07822 0.07109 0.06392 0.05644 0.04864 0.05368 0.11434 ( 1)  0.551 +-  0.645
 121 -   0.22378 0.10926 0.09486 0.08577 0.07822 0.07109 0.06392 0.05644 0.04864 0.05368 0.11434 ( 1)  0.551 +-  0.645
 122 -   0.22378 0.10926 0.09486 0.08577 0.07822 0.07109 0.06392 0.05644 0.04864 0.05368 0.11434 ( 1)  0.551 +-  0.645
 123 -   0.22378 0.10926 0.09486 0.08577 0.07822 0.07109 0.06392 0.05644 0.04864 0.05368 0.11434 ( 1)  0.551 +-  0.645
 124 -   0.22378 0.10926 0.09486 0.08577 0.07822 0.07109 0.06392 0.05644 0.04864 0.05368 0.11434 ( 1)  0.551 +-  0.645
 125 -   0.22378 0.10926 0.09486 0.08577 0.07822 0.07109 0.06392 0.05644 0.04864 0.05368 0.11434 ( 1)  0.551 +-  0.645
 126 -   0.22378 0.10926 0.09486 0.08577 0.07822 0.07109 0.06392 0.05644 0.04864 0.05368 0.11434 ( 1)  0.551 +-  0.645
 127 -   0.22378 0.10926 0.09486 0.08577 0.07822 0.07109 0.06392 0.05644 0.04864 0.05368 0.11434 ( 1)  0.551 +-  0.645
 128 -   0.22378 0.10926 0.09486 0.08577 0.07822 0.07109 0.06392 0.05644 0.04864 0.05368 0.11434 ( 1)  0.551 +-  0.645
 129 -   0.22378 0.10926 0.09486 0.08577 0.07822 0.07109 0.06392 0.05644 0.04864 0.05368 0.11434 ( 1)  0.551 +-  0.645
 130 -   0.22378 0.10926 0.09486 0.08577 0.07822 0.07109 0.06392 0.05644 0.04864 0.05368 0.11434 ( 1)  0.551 +-  0.645
 131 -   0.22378 0.10926 0.09486 0.08577 0.07822 0.07109 0.06392 0.05644 0.04864 0.05368 0.11434 ( 1)  0.551 +-  0.645
 132 -   0.22378 0.10926 0.09486 0.08577 0.07822 0.07109 0.06392 0.05644 0.04864 0.05368 0.11434 ( 1)  0.551 +-  0.645
 133 -   0.22378 0.10926 0.09486 0.08577 0.07822 0.07109 0.06392 0.05644 0.04864 0.05368 0.11434 ( 1)  0.551 +-  0.645
 134 -   0.22378 0.10926 0.09486 0.08577 0.07822 0.07109 0.06392 0.05644 0.04864 0.05368 0.11434 ( 1)  0.551 +-  0.645
 135 -   0.22378 0.10926 0.09486 0.08577 0.07822 0.07109 0.06392 0.05644 0.04864 0.05368 0.11434 ( 1)  0.551 +-  0.645
 136 -   0.22378 0.10926 0.09486 0.08577 0.07822 0.07109 0.06392 0.05644 0.04864 0.05368 0.11434 ( 1)  0.551 +-  0.645
 137 -   0.22378 0.10926 0.09486 0.08577 0.07822 0.07109 0.06392 0.05644 0.04864 0.05368 0.11434 ( 1)  0.551 +-  0.645
 138 -   0.22378 0.10926 0.09486 0.08577 0.07822 0.07109 0.06392 0.05644 0.04864 0.05368 0.11434 ( 1)  0.551 +-  0.645
 139 -   0.22378 0.10926 0.09486 0.08577 0.07822 0.07109 0.06392 0.05644 0.04864 0.05368 0.11434 ( 1)  0.551 +-  0.645
 140 -   0.22378 0.10926 0.09486 0.08577 0.07822 0.07109 0.06392 0.05644 0.04864 0.05368 0.11434 ( 1)  0.551 +-  0.645
 141 -   0.22378 0.10926 0.09486 0.08577 0.07822 0.07109 0.06392 0.05644 0.04864 0.05368 0.11434 ( 1)  0.551 +-  0.645
 142 -   0.22378 0.10926 0.09486 0.08577 0.07822 0.07109 0.06392 0.05644 0.04864 0.05368 0.11434 ( 1)  0.551 +-  0.645
 143 -   0.22378 0.10926 0.09486 0.08577 0.07822 0.07109 0.06392 0.05644 0.04864 0.05368 0.11434 ( 1)  0.551 +-  0.645
 144 -   0.22378 0.10926 0.09486 0.08577 0.07822 0.07109 0.06392 0.05644 0.04864 0.05368 0.11434 ( 1)  0.551 +-  0.645
 145 -   0.22378 0.10926 0.09486 0.08577 0.07822 0.07109 0.06392 0.05644 0.04864 0.05368 0.11434 ( 1)  0.551 +-  0.645
 146 -   0.22378 0.10926 0.09486 0.08577 0.07822 0.07109 0.06392 0.05644 0.04864 0.05368 0.11434 ( 1)  0.551 +-  0.645
 147 -   0.22378 0.10926 0.09486 0.08577 0.07822 0.07109 0.06392 0.05644 0.04864 0.05368 0.11434 ( 1)  0.551 +-  0.645
 148 -   0.22378 0.10926 0.09486 0.08577 0.07822 0.07109 0.06392 0.05644 0.04864 0.05368 0.11434 ( 1)  0.551 +-  0.645
 149 -   0.22378 0.10926 0.09486 0.08577 0.07822 0.07109 0.06392 0.05644 0.04864 0.05368 0.11434 ( 1)  0.551 +-  0.645
 150 -   0.22378 0.10926 0.09486 0.08577 0.07822 0.07109 0.06392 0.05644 0.04864 0.05368 0.11434 ( 1)  0.551 +-  0.645
 151 -   0.22378 0.10926 0.09486 0.08577 0.07822 0.07109 0.06392 0.05644 0.04864 0.05368 0.11434 ( 1)  0.551 +-  0.645
 152 -   0.22378 0.10926 0.09486 0.08577 0.07822 0.07109 0.06392 0.05644 0.04864 0.05368 0.11434 ( 1)  0.551 +-  0.645
 153 -   0.22378 0.10926 0.09486 0.08577 0.07822 0.07109 0.06392 0.05644 0.04864 0.05368 0.11434 ( 1)  0.551 +-  0.645
 154 -   0.22378 0.10926 0.09486 0.08577 0.07822 0.07109 0.06392 0.05644 0.04864 0.05368 0.11434 ( 1)  0.551 +-  0.645
 155 -   0.22378 0.10926 0.09486 0.08577 0.07822 0.07109 0.06392 0.05644 0.04864 0.05368 0.11434 ( 1)  0.551 +-  0.645
 156 -   0.22378 0.10926 0.09486 0.08577 0.07822 0.07109 0.06392 0.05644 0.04864 0.05368 0.11434 ( 1)  0.551 +-  0.645
 157 -   0.22378 0.10926 0.09486 0.08577 0.07822 0.07109 0.06392 0.05644 0.04864 0.05368 0.11434 ( 1)  0.551 +-  0.645
 158 -   0.22378 0.10926 0.09486 0.08577 0.07822 0.07109 0.06392 0.05644 0.04864 0.05368 0.11434 ( 1)  0.551 +-  0.645
 159 -   0.22378 0.10926 0.09486 0.08577 0.07822 0.07109 0.06392 0.05644 0.04864 0.05368 0.11434 ( 1)  0.551 +-  0.645
 160 -   0.22378 0.10926 0.09486 0.08577 0.07822 0.07109 0.06392 0.05644 0.04864 0.05368 0.11434 ( 1)  0.551 +-  0.645
 161 -   0.22378 0.10926 0.09486 0.08577 0.07822 0.07109 0.06392 0.05644 0.04864 0.05368 0.11434 ( 1)  0.551 +-  0.645
 162 -   0.22378 0.10926 0.09486 0.08577 0.07822 0.07109 0.06392 0.05644 0.04864 0.05368 0.11434 ( 1)  0.551 +-  0.645
 163 -   0.22378 0.10926 0.09486 0.08577 0.07822 0.07109 0.06392 0.05644 0.04864 0.05368 0.11434 ( 1)  0.551 +-  0.645
 164 -   0.22378 0.10926 0.09486 0.08577 0.07822 0.07109 0.06392 0.05644 0.04864 0.05368 0.11434 ( 1)  0.551 +-  0.645
 165 -   0.22378 0.10926 0.09486 0.08577 0.07822 0.07109 0.06392 0.05644 0.04864 0.05368 0.11434 ( 1)  0.551 +-  0.645
 166 -   0.22378 0.10926 0.09486 0.08577 0.07822 0.07109 0.06392 0.05644 0.04864 0.05368 0.11434 ( 1)  0.551 +-  0.645
 167 -   0.22378 0.10926 0.09486 0.08577 0.07822 0.07109 0.06392 0.05644 0.04864 0.05368 0.11434 ( 1)  0.551 +-  0.645
 168 -   0.22378 0.10926 0.09486 0.08577 0.07822 0.07109 0.06392 0.05644 0.04864 0.05368 0.11434 ( 1)  0.551 +-  0.645
 169 -   0.22378 0.10926 0.09486 0.08577 0.07822 0.07109 0.06392 0.05644 0.04864 0.05368 0.11434 ( 1)  0.551 +-  0.645
 170 -   0.22378 0.10926 0.09486 0.08577 0.07822 0.07109 0.06392 0.05644 0.04864 0.05368 0.11434 ( 1)  0.551 +-  0.645
 171 -   0.22378 0.10926 0.09486 0.08577 0.07822 0.07109 0.06392 0.05644 0.04864 0.05368 0.11434 ( 1)  0.551 +-  0.645
 172 -   0.22378 0.10926 0.09486 0.08577 0.07822 0.07109 0.06392 0.05644 0.04864 0.05368 0.11434 ( 1)  0.551 +-  0.645
 173 -   0.22378 0.10926 0.09486 0.08577 0.07822 0.07109 0.06392 0.05644 0.04864 0.05368 0.11434 ( 1)  0.551 +-  0.645
 174 -   0.22378 0.10926 0.09486 0.08577 0.07822 0.07109 0.06392 0.05644 0.04864 0.05368 0.11434 ( 1)  0.551 +-  0.645
 175 -   0.22378 0.10926 0.09486 0.08577 0.07822 0.07109 0.06392 0.05644 0.04864 0.05368 0.11434 ( 1)  0.551 +-  0.645
 176 -   0.22378 0.10926 0.09486 0.08577 0.07822 0.07109 0.06392 0.05644 0.04864 0.05368 0.11434 ( 1)  0.551 +-  0.645
 177 -   0.22378 0.10926 0.09486 0.08577 0.07822 0.07109 0.06392 0.05644 0.04864 0.05368 0.11434 ( 1)  0.551 +-  0.645
 178 -   0.22378 0.10926 0.09486 0.08577 0.07822 0.07109 0.06392 0.05644 0.04864 0.05368 0.11434 ( 1)  0.551 +-  0.645
 179 -   0.22378 0.10926 0.09486 0.08577 0.07822 0.07109 0.06392 0.05644 0.04864 0.05368 0.11434 ( 1)  0.551 +-  0.645
 180 -   0.22378 0.10926 0.09486 0.08577 0.07822 0.07109 0.06392 0.05644 0.04864 0.05368 0.11434 ( 1)  0.551 +-  0.645
 181 -   0.22378 0.10926 0.09486 0.08577 0.07822 0.07109 0.06392 0.05644 0.04864 0.05368 0.11434 ( 1)  0.551 +-  0.645
 182 M   0.35327 0.15352 0.11660 0.09206 0.07327 0.05813 0.04562 0.03518 0.02649 0.02552 0.02035 ( 1)  0.302 +-  0.312
 183 D   0.30811 0.13934 0.11135 0.09259 0.07764 0.06488 0.05364 0.04357 0.03455 0.03519 0.03914 ( 1)  0.361 +-  0.375
 184 V   0.34145 0.14978 0.11524 0.09223 0.07446 0.05994 0.04776 0.03741 0.02862 0.02806 0.02505 ( 1)  0.317 +-  0.330
 185 G   0.29314 0.13432 0.10902 0.09210 0.07847 0.06665 0.05601 0.04623 0.03727 0.03860 0.04819 ( 1)  0.385 +-  0.403
 186 F   0.00272 0.01147 0.02559 0.04187 0.05824 0.07294 0.08442 0.09133 0.09269 0.11214 0.40660 (11)  1.217 +-  0.899
 187 L   0.03910 0.05162 0.06923 0.08156 0.08921 0.09262 0.09208 0.08788 0.08051 0.09314 0.22307 (11)  0.831 +-  0.658
 188 G   0.04935 0.06176 0.08005 0.09132 0.09682 0.09750 0.09409 0.08724 0.07778 0.08856 0.17554 (11)  0.736 +-  0.556
 189 L   0.30390 0.13785 0.11057 0.09232 0.07775 0.06529 0.05425 0.04429 0.03532 0.03618 0.04229 ( 1)  0.369 +-  0.387
 190 P   0.03265 0.04466 0.06131 0.07385 0.08255 0.08753 0.08884 0.08651 0.08080 0.09463 0.26667 (11)  0.929 +-  0.782
 191 D   0.31113 0.14025 0.11166 0.09251 0.07730 0.06440 0.05309 0.04300 0.03401 0.03455 0.03811 ( 1)  0.357 +-  0.373
 192 V   0.05654 0.06841 0.08678 0.09697 0.10079 0.09955 0.09427 0.08583 0.07521 0.08484 0.15081 (11)  0.689 +-  0.511
 193 S   0.28128 0.13033 0.10713 0.09165 0.07908 0.06800 0.05784 0.04832 0.03941 0.04130 0.05567 ( 1)  0.405 +-  0.425
 194 Q   0.32129 0.14356 0.11306 0.09263 0.07653 0.06304 0.05138 0.04114 0.03217 0.03229 0.03290 ( 1)  0.343 +-  0.356
 195 S   0.04373 0.05633 0.07438 0.08635 0.09311 0.09530 0.09344 0.08798 0.07957 0.09133 0.19848 (11)  0.781 +-  0.600
 196 H   0.04275 0.05535 0.07334 0.08541 0.09238 0.09484 0.09326 0.08805 0.07985 0.09178 0.20300 (11)  0.790 +-  0.609
 197 S   0.05006 0.06244 0.08079 0.09198 0.09734 0.09784 0.09424 0.08721 0.07761 0.08826 0.17223 (11)  0.730 +-  0.547
 198 R   0.05780 0.06952 0.08779 0.09771 0.10118 0.09959 0.09401 0.08535 0.07461 0.08407 0.14837 (11)  0.684 +-  0.510
 199 T   0.30479 0.13824 0.11086 0.09252 0.07786 0.06530 0.05419 0.04417 0.03516 0.03594 0.04097 ( 1)  0.366 +-  0.381
 200 L   0.28365 0.13112 0.10751 0.09175 0.07897 0.06774 0.05748 0.04791 0.03899 0.04076 0.05412 ( 1)  0.401 +-  0.420
 201 W   0.04789 0.06037 0.07863 0.09009 0.09593 0.09701 0.09399 0.08749 0.07829 0.08932 0.18099 (11)  0.747 +-  0.565
 202 G   0.34326 0.15030 0.11536 0.09212 0.07421 0.05962 0.04742 0.03708 0.02832 0.02772 0.02460 ( 1)  0.315 +-  0.328
 203 T   0.03810 0.05052 0.06795 0.08027 0.08806 0.09168 0.09141 0.08750 0.08041 0.09322 0.23089 (11)  0.849 +-  0.686
 204 R   0.32462 0.14452 0.11331 0.09245 0.07609 0.06245 0.05074 0.04051 0.03160 0.03164 0.03207 ( 1)  0.339 +-  0.354
 205 G   0.30967 0.13978 0.11146 0.09249 0.07742 0.06460 0.05333 0.04327 0.03428 0.03488 0.03882 ( 1)  0.359 +-  0.375
 206 R   0.33863 0.14901 0.11508 0.09244 0.07487 0.06046 0.04831 0.03793 0.02908 0.02857 0.02562 ( 1)  0.320 +-  0.331
 207 G   0.30885 0.13951 0.11134 0.09248 0.07747 0.06470 0.05347 0.04341 0.03443 0.03506 0.03928 ( 1)  0.361 +-  0.376
 208 P   0.29640 0.13543 0.10957 0.09226 0.07834 0.06631 0.05552 0.04567 0.03668 0.03785 0.04597 ( 1)  0.380 +-  0.396
 209 T   0.00012 0.00152 0.00569 0.01308 0.02345 0.03592 0.04915 0.06132 0.07041 0.09443 0.64491 (11)  1.762 +-  1.234
 210 I   0.04980 0.06220 0.08052 0.09175 0.09716 0.09772 0.09419 0.08723 0.07768 0.08838 0.17335 (11)  0.732 +-  0.550
 211 R   0.28600 0.13191 0.10787 0.09182 0.07883 0.06745 0.05710 0.04748 0.03856 0.04022 0.05277 ( 1)  0.397 +-  0.417
 212 R   0.30571 0.13843 0.11079 0.09229 0.07754 0.06496 0.05386 0.04388 0.03493 0.03572 0.04188 ( 1)  0.367 +-  0.389
 213 Q   0.32129 0.14356 0.11306 0.09263 0.07653 0.06304 0.05138 0.04114 0.03217 0.03229 0.03290 ( 1)  0.343 +-  0.356
 214 R   0.32216 0.14373 0.11299 0.09244 0.07629 0.06279 0.05116 0.04096 0.03204 0.03217 0.03326 ( 1)  0.343 +-  0.358
 215 E   0.35043 0.15252 0.11612 0.09195 0.07344 0.05849 0.04612 0.03574 0.02705 0.02621 0.02192 ( 1)  0.306 +-  0.318
 216 F   0.30105 0.13704 0.11038 0.09250 0.07817 0.06583 0.05484 0.04486 0.03584 0.03677 0.04272 ( 1)  0.371 +-  0.385
 217 M   0.06807 0.07849 0.09642 0.10452 0.10548 0.10123 0.09324 0.08264 0.07061 0.07859 0.12072 (11)  0.631 +-  0.465
 218 P   0.28254 0.13063 0.10712 0.09146 0.07878 0.06766 0.05749 0.04800 0.03915 0.04101 0.05614 ( 1)  0.405 +-  0.431
 219 E   0.28561 0.13180 0.10785 0.09186 0.07890 0.06754 0.05719 0.04757 0.03863 0.04030 0.05274 ( 1)  0.397 +-  0.416
 220 E   0.06294 0.07400 0.09198 0.10087 0.10299 0.10003 0.09326 0.08369 0.07239 0.08117 0.13669 (11)  0.662 +-  0.497
 221 K   0.34151 0.14992 0.11543 0.09241 0.07460 0.06003 0.04779 0.03739 0.02856 0.02795 0.02441 ( 1)  0.316 +-  0.327
 222 K   0.34151 0.14992 0.11543 0.09241 0.07460 0.06003 0.04779 0.03739 0.02856 0.02795 0.02441 ( 1)  0.316 +-  0.327
 223 D   0.32408 0.14448 0.11344 0.09266 0.07632 0.06266 0.05090 0.04063 0.03166 0.03167 0.03150 ( 1)  0.338 +-  0.351
 224 T   0.28770 0.13241 0.10802 0.09174 0.07860 0.06713 0.05674 0.04712 0.03822 0.03983 0.05249 ( 1)  0.396 +-  0.420
 225 V   0.29189 0.13390 0.10884 0.09207 0.07855 0.06680 0.05621 0.04646 0.03749 0.03888 0.04891 ( 1)  0.387 +-  0.406
 226 Y   0.29575 0.13525 0.10954 0.09231 0.07845 0.06644 0.05567 0.04581 0.03680 0.03799 0.04600 ( 1)  0.380 +-  0.395
 227 W   0.31076 0.14023 0.11176 0.09268 0.07749 0.06457 0.05323 0.04310 0.03407 0.03459 0.03753 ( 1)  0.357 +-  0.369
 228 E   0.35043 0.15252 0.11612 0.09195 0.07344 0.05849 0.04612 0.03574 0.02705 0.02621 0.02192 ( 1)  0.306 +-  0.318
 229 K   0.34151 0.14992 0.11543 0.09241 0.07460 0.06003 0.04779 0.03739 0.02856 0.02795 0.02441 ( 1)  0.316 +-  0.327
 230 R   0.32462 0.14452 0.11331 0.09245 0.07609 0.06245 0.05074 0.04051 0.03160 0.03164 0.03207 ( 1)  0.339 +-  0.354
 231 R   0.32632 0.14511 0.11360 0.09253 0.07602 0.06227 0.05048 0.04021 0.03128 0.03123 0.03095 ( 1)  0.336 +-  0.350
 232 K   0.34151 0.14992 0.11543 0.09241 0.07460 0.06003 0.04779 0.03739 0.02856 0.02795 0.02441 ( 1)  0.316 +-  0.327
 233 N   0.31548 0.14176 0.11241 0.09273 0.07713 0.06393 0.05243 0.04223 0.03321 0.03353 0.03516 ( 1)  0.350 +-  0.362
 234 N   0.29990 0.13665 0.11019 0.09245 0.07822 0.06596 0.05501 0.04507 0.03605 0.03704 0.04347 ( 1)  0.373 +-  0.387
 235 E   0.34347 0.15037 0.11539 0.09212 0.07419 0.05958 0.04738 0.03703 0.02828 0.02766 0.02453 ( 1)  0.315 +-  0.328
 236 A   0.28918 0.13286 0.10818 0.09172 0.07846 0.06692 0.05649 0.04686 0.03797 0.03952 0.05184 ( 1)  0.394 +-  0.418
 237 A   0.30801 0.13924 0.11123 0.09247 0.07754 0.06481 0.05361 0.04356 0.03458 0.03524 0.03971 ( 1)  0.362 +-  0.378
 238 K   0.06140 0.07271 0.09091 0.10023 0.10283 0.10029 0.09384 0.08446 0.07323 0.08216 0.13793 (11)  0.664 +-  0.492
 239 R   0.27527 0.12824 0.10605 0.09128 0.07925 0.06856 0.05868 0.04933 0.04048 0.04267 0.06019 ( 1)  0.416 +-  0.439
 240 S   0.29548 0.13516 0.10949 0.09230 0.07846 0.06647 0.05570 0.04585 0.03685 0.03805 0.04620 ( 1)  0.380 +-  0.396
 241 R   0.32184 0.14253 0.11127 0.09071 0.07486 0.06183 0.05071 0.04101 0.03248 0.03302 0.03975 ( 1)  0.354 +-  0.385
 242 E   0.28561 0.13180 0.10785 0.09186 0.07890 0.06754 0.05719 0.04757 0.03863 0.04030 0.05274 ( 1)  0.397 +-  0.416
 243 K   0.34151 0.14992 0.11543 0.09241 0.07460 0.06003 0.04779 0.03739 0.02856 0.02795 0.02441 ( 1)  0.316 +-  0.327
 244 R   0.27294 0.12727 0.10536 0.09083 0.07900 0.06851 0.05880 0.04958 0.04083 0.04319 0.06369 ( 1)  0.424 +-  0.456
 245 R   0.28600 0.13191 0.10787 0.09182 0.07883 0.06745 0.05710 0.04748 0.03856 0.04022 0.05277 ( 1)  0.397 +-  0.417
 246 R   0.04303 0.05557 0.07347 0.08541 0.09224 0.09457 0.09290 0.08765 0.07945 0.09134 0.20437 (11)  0.794 +-  0.622
 247 N   0.30357 0.13780 0.11063 0.09243 0.07788 0.06542 0.05436 0.04438 0.03538 0.03623 0.04191 ( 1)  0.368 +-  0.384
 248 D   0.30811 0.13934 0.11135 0.09259 0.07764 0.06488 0.05364 0.04357 0.03455 0.03519 0.03914 ( 1)  0.361 +-  0.375
 249 A   0.28918 0.13286 0.10818 0.09172 0.07846 0.06692 0.05649 0.04686 0.03797 0.03952 0.05184 ( 1)  0.394 +-  0.418
 250 A   0.30801 0.13924 0.11123 0.09247 0.07754 0.06481 0.05361 0.04356 0.03458 0.03524 0.03971 ( 1)  0.362 +-  0.378
 251 I   0.04288 0.05547 0.07344 0.08548 0.09240 0.09481 0.09319 0.08796 0.07974 0.09165 0.20298 (11)  0.790 +-  0.612
 252 E   0.35043 0.15252 0.11612 0.09195 0.07344 0.05849 0.04612 0.03574 0.02705 0.02621 0.02192 ( 1)  0.306 +-  0.318
 253 G   0.04935 0.06176 0.08005 0.09132 0.09682 0.09750 0.09409 0.08724 0.07778 0.08856 0.17554 (11)  0.736 +-  0.556
 254 R   0.33863 0.14901 0.11508 0.09244 0.07487 0.06046 0.04831 0.03793 0.02908 0.02857 0.02562 ( 1)  0.320 +-  0.331
 255 L   0.30362 0.13776 0.11055 0.09233 0.07779 0.06534 0.05431 0.04435 0.03538 0.03625 0.04234 ( 1)  0.369 +-  0.386
 256 A   0.29558 0.13512 0.10938 0.09216 0.07832 0.06635 0.05561 0.04579 0.03682 0.03804 0.04683 ( 1)  0.382 +-  0.400
 257 A   0.27279 0.12734 0.10554 0.09106 0.07925 0.06874 0.05898 0.04971 0.04090 0.04323 0.06246 ( 1)  0.422 +-  0.448
 258 L   0.30895 0.13954 0.11136 0.09248 0.07747 0.06469 0.05345 0.04340 0.03441 0.03504 0.03920 ( 1)  0.361 +-  0.376
 259 M   0.06699 0.07756 0.09554 0.10384 0.10507 0.10109 0.09334 0.08293 0.07103 0.07916 0.12344 (11)  0.637 +-  0.469
 260 E   0.35043 0.15252 0.11612 0.09195 0.07344 0.05849 0.04612 0.03574 0.02705 0.02621 0.02192 ( 1)  0.306 +-  0.318
 261 E   0.35043 0.15252 0.11612 0.09195 0.07344 0.05849 0.04612 0.03574 0.02705 0.02621 0.02192 ( 1)  0.306 +-  0.318
 262 N   0.30367 0.13784 0.11065 0.09244 0.07788 0.06541 0.05435 0.04436 0.03536 0.03621 0.04183 ( 1)  0.368 +-  0.384
 263 A   0.04699 0.05950 0.07771 0.08928 0.09531 0.09662 0.09385 0.08757 0.07854 0.08972 0.18491 (11)  0.755 +-  0.574
 264 L   0.30895 0.13954 0.11136 0.09248 0.07747 0.06469 0.05345 0.04340 0.03441 0.03504 0.03920 ( 1)  0.361 +-  0.376
 265 L   0.29970 0.13652 0.11006 0.09234 0.07813 0.06589 0.05498 0.04507 0.03608 0.03710 0.04412 ( 1)  0.374 +-  0.391
 266 R   0.06029 0.07172 0.08991 0.09939 0.10224 0.09999 0.09382 0.08468 0.07362 0.08272 0.14163 (11)  0.671 +-  0.500
 267 D   0.00219 0.00942 0.02144 0.03575 0.05067 0.06465 0.07621 0.08397 0.08677 0.10694 0.46199 (11)  1.355 +-  1.039
 268 E   0.35043 0.15252 0.11612 0.09195 0.07344 0.05849 0.04612 0.03574 0.02705 0.02621 0.02192 ( 1)  0.306 +-  0.318
 269 L   0.30895 0.13954 0.11136 0.09248 0.07747 0.06469 0.05345 0.04340 0.03441 0.03504 0.03920 ( 1)  0.361 +-  0.376
 270 R   0.03771 0.04911 0.06471 0.07544 0.08223 0.08563 0.08590 0.08312 0.07751 0.09129 0.26736 (11)  0.919 +-  0.771
 271 A   0.34111 0.14965 0.11516 0.09220 0.07446 0.05997 0.04781 0.03747 0.02869 0.02815 0.02534 ( 1)  0.318 +-  0.331
 272 L   0.29970 0.13652 0.11006 0.09234 0.07813 0.06589 0.05498 0.04507 0.03608 0.03710 0.04412 ( 1)  0.374 +-  0.391
 273 K   0.34151 0.14992 0.11543 0.09241 0.07460 0.06003 0.04779 0.03739 0.02856 0.02795 0.02441 ( 1)  0.316 +-  0.327
 274 L   0.28485 0.13152 0.10769 0.09178 0.07888 0.06758 0.05728 0.04768 0.03876 0.04048 0.05349 ( 1)  0.399 +-  0.419
 275 R   0.04566 0.05822 0.07637 0.08811 0.09444 0.09611 0.09371 0.08775 0.07897 0.09038 0.19028 (11)  0.765 +-  0.585
 276 F   0.28738 0.13243 0.10820 0.09199 0.07887 0.06740 0.05696 0.04728 0.03832 0.03990 0.05127 ( 1)  0.394 +-  0.411
 277 G   0.30967 0.13978 0.11146 0.09249 0.07742 0.06460 0.05333 0.04327 0.03428 0.03488 0.03882 ( 1)  0.359 +-  0.375
 278 L   0.00271 0.01141 0.02545 0.04165 0.05796 0.07261 0.08406 0.09098 0.09237 0.11183 0.40896 (11)  1.224 +-  0.909
 279 L   0.30895 0.13954 0.11136 0.09248 0.07747 0.06469 0.05345 0.04340 0.03441 0.03504 0.03920 ( 1)  0.361 +-  0.376
 280 P   0.02678 0.03864 0.05511 0.06861 0.07891 0.08579 0.08898 0.08829 0.08375 0.09868 0.28645 (11)  0.963 +-  0.775
 281 L   0.04751 0.06000 0.07823 0.08972 0.09563 0.09680 0.09388 0.08748 0.07835 0.08944 0.18296 (11)  0.751 +-  0.572
 282 T   0.29981 0.13650 0.10997 0.09222 0.07800 0.06578 0.05489 0.04500 0.03604 0.03708 0.04472 ( 1)  0.376 +-  0.395
 283 G   0.29314 0.13432 0.10902 0.09210 0.07847 0.06665 0.05601 0.04623 0.03727 0.03860 0.04819 ( 1)  0.385 +-  0.403
 284 G   0.33571 0.14807 0.11467 0.09237 0.07504 0.06079 0.04874 0.03841 0.02957 0.02919 0.02745 ( 1)  0.325 +-  0.340
 285 P   0.29955 0.13647 0.11002 0.09231 0.07812 0.06590 0.05500 0.04509 0.03611 0.03714 0.04429 ( 1)  0.375 +-  0.392
 286 Q   0.00353 0.01423 0.03074 0.04883 0.06604 0.08052 0.09085 0.09594 0.09519 0.11322 0.36091 (11)  1.123 +-  0.825
 287 A   0.30460 0.13815 0.11079 0.09246 0.07782 0.06529 0.05419 0.04419 0.03519 0.03600 0.04133 ( 1)  0.367 +-  0.382
 288 L   0.00223 0.00960 0.02179 0.03628 0.05133 0.06537 0.07694 0.08463 0.08732 0.10743 0.45708 (11)  1.343 +-  1.027
 289 P   0.29955 0.13647 0.11002 0.09231 0.07812 0.06590 0.05500 0.04509 0.03611 0.03714 0.04429 ( 1)  0.375 +-  0.392
 290 L   0.30895 0.13954 0.11136 0.09248 0.07747 0.06469 0.05345 0.04340 0.03441 0.03504 0.03920 ( 1)  0.361 +-  0.376
 291 Q   0.32129 0.14356 0.11306 0.09263 0.07653 0.06304 0.05138 0.04114 0.03217 0.03229 0.03290 ( 1)  0.343 +-  0.356
 292 A   0.04486 0.05743 0.07554 0.08736 0.09386 0.09574 0.09356 0.08781 0.07919 0.09075 0.19389 (11)  0.772 +-  0.592
 293 L   0.04746 0.05990 0.07803 0.08944 0.09529 0.09644 0.09355 0.08719 0.07814 0.08927 0.18529 (11)  0.756 +-  0.582
 294 L   0.25834 0.12222 0.10276 0.08995 0.07941 0.06988 0.06082 0.05200 0.04340 0.04650 0.07473 ( 1)  0.452 +-  0.487
 295 W   0.04705 0.05956 0.07778 0.08934 0.09536 0.09666 0.09387 0.08758 0.07853 0.08971 0.18455 (11)  0.754 +-  0.573
 296 E   0.28561 0.13180 0.10785 0.09186 0.07890 0.06754 0.05719 0.04757 0.03863 0.04030 0.05274 ( 1)  0.397 +-  0.416
 297 A   0.04160 0.05418 0.07204 0.08419 0.09136 0.09411 0.09285 0.08796 0.08002 0.09217 0.20951 (11)  0.804 +-  0.627
 298 P   0.29955 0.13647 0.11002 0.09231 0.07812 0.06590 0.05500 0.04509 0.03611 0.03714 0.04429 ( 1)  0.375 +-  0.392
 299 W   0.31076 0.14023 0.11176 0.09268 0.07749 0.06457 0.05323 0.04310 0.03407 0.03459 0.03753 ( 1)  0.357 +-  0.369
 300 T   0.28935 0.13308 0.10847 0.09202 0.07873 0.06713 0.05663 0.04692 0.03796 0.03945 0.05025 ( 1)  0.391 +-  0.409
 301 G   0.34175 0.14983 0.11520 0.09215 0.07436 0.05985 0.04769 0.03736 0.02859 0.02803 0.02519 ( 1)  0.317 +-  0.331
 302 D   0.32408 0.14448 0.11344 0.09266 0.07632 0.06266 0.05090 0.04063 0.03166 0.03167 0.03150 ( 1)  0.338 +-  0.351
 303 H   0.00261 0.01099 0.02453 0.04021 0.05604 0.07035 0.08164 0.08858 0.09021 0.10969 0.42515 (11)  1.271 +-  0.973
 304 H   0.00248 0.01038 0.02312 0.03784 0.05272 0.06622 0.07698 0.08378 0.08568 0.10501 0.45579 (11)  1.359 +-  1.078
 305 P   0.28475 0.13148 0.10766 0.09176 0.07888 0.06758 0.05728 0.04770 0.03878 0.04050 0.05363 ( 1)  0.400 +-  0.420
 306 A   0.06081 0.07211 0.09013 0.09937 0.10200 0.09959 0.09333 0.08418 0.07317 0.08227 0.14304 (11)  0.674 +-  0.509
 307 A   0.29175 0.13385 0.10880 0.09205 0.07854 0.06681 0.05622 0.04647 0.03752 0.03891 0.04909 ( 1)  0.388 +-  0.406
 308 E   0.28561 0.13180 0.10785 0.09186 0.07890 0.06754 0.05719 0.04757 0.03863 0.04030 0.05274 ( 1)  0.397 +-  0.416
 309 A   0.03544 0.04769 0.06477 0.07722 0.08547 0.08975 0.09025 0.08710 0.08067 0.09397 0.24768 (11)  0.886 +-  0.732
 310 L   0.30547 0.13842 0.11089 0.09244 0.07773 0.06515 0.05403 0.04403 0.03503 0.03581 0.04101 ( 1)  0.366 +-  0.382
 311 S   0.27452 0.12789 0.10577 0.09108 0.07911 0.06849 0.05868 0.04938 0.04058 0.04283 0.06167 ( 1)  0.420 +-  0.447
 312 S   0.00262 0.01111 0.02488 0.04088 0.05709 0.07176 0.08336 0.09050 0.09215 0.11180 0.41386 (11)  1.232 +-  0.910
 313 L   0.28365 0.13112 0.10751 0.09175 0.07897 0.06774 0.05748 0.04791 0.03899 0.04076 0.05412 ( 1)  0.401 +-  0.420
 314 S   0.28128 0.13033 0.10713 0.09165 0.07908 0.06800 0.05784 0.04832 0.03941 0.04130 0.05567 ( 1)  0.405 +-  0.425
 315 G   0.04234 0.05492 0.07285 0.08492 0.09195 0.09450 0.09304 0.08794 0.07985 0.09186 0.20582 (11)  0.796 +-  0.618
 316 S   0.03982 0.05235 0.07002 0.08229 0.08980 0.09301 0.09226 0.08785 0.08032 0.09280 0.21948 (11)  0.825 +-  0.653
 317 H   0.31409 0.14128 0.11217 0.09266 0.07718 0.06408 0.05263 0.04247 0.03346 0.03386 0.03612 ( 1)  0.352 +-  0.366
 318 S   0.00273 0.01146 0.02553 0.04175 0.05803 0.07264 0.08404 0.09089 0.09223 0.11164 0.40907 (11)  1.226 +-  0.915
 319 C   0.30228 0.13744 0.11055 0.09252 0.07808 0.06566 0.05463 0.04464 0.03561 0.03649 0.04210 ( 1)  0.369 +-  0.383
 320 L   0.04296 0.05555 0.07353 0.08556 0.09247 0.09486 0.09321 0.08795 0.07972 0.09162 0.20257 (11)  0.790 +-  0.611
 321 L   0.24943 0.11899 0.10091 0.08910 0.07935 0.07043 0.06184 0.05332 0.04488 0.04847 0.08327 ( 1)  0.473 +-  0.516
 322 R   0.33863 0.14901 0.11508 0.09244 0.07487 0.06046 0.04831 0.03793 0.02908 0.02857 0.02562 ( 1)  0.320 +-  0.331
 323 P   0.26757 0.12551 0.10457 0.09070 0.07935 0.06919 0.05968 0.05056 0.04182 0.04442 0.06664 ( 1)  0.432 +-  0.461
 324 C   0.00009 0.00114 0.00434 0.01018 0.01862 0.02911 0.04066 0.05179 0.06075 0.08379 0.69953 (11)  1.901 +-  1.308
 325 S   0.29548 0.13516 0.10949 0.09230 0.07846 0.06647 0.05570 0.04585 0.03685 0.03805 0.04620 ( 1)  0.380 +-  0.396
 326 L   0.30058 0.13676 0.11010 0.09225 0.07798 0.06571 0.05480 0.04490 0.03593 0.03693 0.04407 ( 1)  0.374 +-  0.392
 327 D   0.30811 0.13934 0.11135 0.09259 0.07764 0.06488 0.05364 0.04357 0.03455 0.03519 0.03914 ( 1)  0.361 +-  0.375
 328 A   0.29175 0.13385 0.10880 0.09205 0.07854 0.06681 0.05622 0.04647 0.03752 0.03891 0.04909 ( 1)  0.388 +-  0.406
 329 G   0.34326 0.15030 0.11536 0.09212 0.07421 0.05962 0.04742 0.03708 0.02832 0.02772 0.02460 ( 1)  0.315 +-  0.328
 330 V   0.00219 0.00942 0.02143 0.03575 0.05068 0.06467 0.07625 0.08401 0.08683 0.10700 0.46177 (11)  1.355 +-  1.038
 331 P   0.03245 0.04447 0.06113 0.07372 0.08249 0.08755 0.08893 0.08667 0.08100 0.09489 0.26671 (11)  0.927 +-  0.774
 332 G   0.27159 0.12692 0.10531 0.09097 0.07926 0.06883 0.05913 0.04990 0.04111 0.04351 0.06346 ( 1)  0.424 +-  0.451
 333 C   0.29125 0.13370 0.10876 0.09208 0.07862 0.06690 0.05632 0.04658 0.03761 0.03902 0.04916 ( 1)  0.388 +-  0.406

Positively selected sites

	Prob(w>1)  mean w

   209 T      0.645         1.762 +- 1.234
   324 C      0.700         1.901 +- 1.308

