Supplemental results for CODEML (seqf: algn  treef: tree)


dN/dS (w) for site classes (K=4)

p:   0.25000  0.25000  0.25000  0.25000
w:   0.00000  0.00000  0.00000  0.21220

Naive Empirical Bayes (NEB) probabilities for 4 classes & postmean_w
(amino acids refer to 1st sequence: chlSab_FOXL3_XM_008018930)

   1 -   0.25000 0.25000 0.25000 0.25000 ( 4)  0.053
   2 -   0.25000 0.25000 0.25000 0.25000 ( 4)  0.053
   3 -   0.25000 0.25000 0.25000 0.25000 ( 4)  0.053
   4 -   0.25000 0.25000 0.25000 0.25000 ( 4)  0.053
   5 -   0.25000 0.25000 0.25000 0.25000 ( 4)  0.053
   6 -   0.25000 0.25000 0.25000 0.25000 ( 4)  0.053
   7 -   0.25000 0.25000 0.25000 0.25000 ( 4)  0.053
   8 -   0.25000 0.25000 0.25000 0.25000 ( 4)  0.053
   9 -   0.25000 0.25000 0.25000 0.25000 ( 4)  0.053
  10 -   0.25000 0.25000 0.25000 0.25000 ( 4)  0.053
  11 -   0.25000 0.25000 0.25000 0.25000 ( 4)  0.053
  12 -   0.25000 0.25000 0.25000 0.25000 ( 4)  0.053
  13 -   0.25000 0.25000 0.25000 0.25000 ( 4)  0.053
  14 -   0.25000 0.25000 0.25000 0.25000 ( 4)  0.053
  15 -   0.25000 0.25000 0.25000 0.25000 ( 4)  0.053
  16 -   0.25000 0.25000 0.25000 0.25000 ( 4)  0.053
  17 -   0.25000 0.25000 0.25000 0.25000 ( 4)  0.053
  18 -   0.25000 0.25000 0.25000 0.25000 ( 4)  0.053
  19 -   0.25000 0.25000 0.25000 0.25000 ( 4)  0.053
  20 -   0.25000 0.25000 0.25000 0.25000 ( 4)  0.053
  21 -   0.25000 0.25000 0.25000 0.25000 ( 4)  0.053
  22 -   0.25000 0.25000 0.25000 0.25000 ( 4)  0.053
  23 -   0.25000 0.25000 0.25000 0.25000 ( 4)  0.053
  24 -   0.25000 0.25000 0.25000 0.25000 ( 4)  0.053
  25 -   0.25000 0.25000 0.25000 0.25000 ( 4)  0.053
  26 -   0.25000 0.25000 0.25000 0.25000 ( 1)  0.053
  27 -   0.25000 0.25000 0.25000 0.25000 ( 4)  0.053
  28 -   0.25000 0.25000 0.25000 0.25000 ( 4)  0.053
  29 -   0.25000 0.25000 0.25000 0.25000 ( 1)  0.053
  30 -   0.25000 0.25000 0.25000 0.25000 ( 1)  0.053
  31 -   0.25000 0.25000 0.25000 0.25000 ( 4)  0.053
  32 -   0.25000 0.25000 0.25000 0.25000 ( 4)  0.053
  33 -   0.25000 0.25000 0.25000 0.25000 ( 4)  0.053
  34 -   0.25000 0.25000 0.25000 0.25000 ( 4)  0.053
  35 -   0.25000 0.25000 0.25000 0.25000 ( 4)  0.053
  36 -   0.25000 0.25000 0.25000 0.25000 ( 4)  0.053
  37 -   0.25000 0.25000 0.25000 0.25000 ( 4)  0.053
  38 -   0.25000 0.25000 0.25000 0.25000 ( 4)  0.053
  39 -   0.25000 0.25000 0.25000 0.25000 ( 4)  0.053
  40 -   0.25000 0.25000 0.25000 0.25000 ( 4)  0.053
  41 -   0.25000 0.25000 0.25000 0.25000 ( 4)  0.053
  42 -   0.25000 0.25000 0.25000 0.25000 ( 4)  0.053
  43 -   0.25000 0.25000 0.25000 0.25000 ( 4)  0.053
  44 -   0.25000 0.25000 0.25000 0.25000 ( 4)  0.053
  45 -   0.25000 0.25000 0.25000 0.25000 ( 4)  0.053
  46 -   0.25000 0.25000 0.25000 0.25000 ( 4)  0.053
  47 -   0.25000 0.25000 0.25000 0.25000 ( 4)  0.053
  48 -   0.25000 0.25000 0.25000 0.25000 ( 4)  0.053
  49 -   0.25000 0.25000 0.25000 0.25000 ( 4)  0.053
  50 -   0.25000 0.25000 0.25000 0.25000 ( 4)  0.053
  51 -   0.25000 0.25000 0.25000 0.25000 ( 4)  0.053
  52 -   0.25000 0.25000 0.25000 0.25000 ( 4)  0.053
  53 -   0.25000 0.25000 0.25000 0.25000 ( 4)  0.053
  54 -   0.25000 0.25000 0.25000 0.25000 ( 4)  0.053
  55 -   0.25000 0.25000 0.25000 0.25000 ( 4)  0.053
  56 -   0.25000 0.25000 0.25000 0.25000 ( 4)  0.053
  57 M   0.28805 0.28805 0.28805 0.13585 ( 1)  0.029
  58 F   0.26042 0.26042 0.26042 0.21875 ( 1)  0.046
  59 D   0.30946 0.30946 0.30946 0.07162 ( 1)  0.015
  60 S   0.00000 0.00000 0.00000 1.00000 ( 4)  0.212
  61 S   0.27369 0.27369 0.27369 0.17892 ( 1)  0.038
  62 Q   0.28658 0.28658 0.28658 0.14026 ( 1)  0.030
  63 Y   0.25717 0.25717 0.25717 0.22848 ( 1)  0.048
  64 P   0.30064 0.30064 0.30064 0.09809 ( 1)  0.021
  65 Y   0.30818 0.30818 0.30818 0.07547 ( 1)  0.016
  66 N   0.29811 0.29811 0.29811 0.10568 ( 1)  0.022
  67 C   0.30789 0.30789 0.30789 0.07632 ( 1)  0.016
  68 F   0.30112 0.30112 0.30112 0.09663 ( 1)  0.021
  69 N   0.26549 0.26549 0.26549 0.20353 ( 1)  0.043
  70 D   0.00000 0.00000 0.00000 1.00000 ( 4)  0.212
  71 D   0.30517 0.30517 0.30517 0.08448 ( 1)  0.018
  72 A   0.00000 0.00000 0.00000 1.00000 ( 4)  0.212
  73 D   0.31186 0.31186 0.31186 0.06442 ( 1)  0.014
  74 D   0.00000 0.00000 0.00000 1.00000 ( 4)  0.212
  75 Y   0.00000 0.00000 0.00000 1.00000 ( 4)  0.212
  76 P   0.28798 0.28798 0.28798 0.13606 ( 1)  0.029
  77 A   0.30133 0.30133 0.30133 0.09601 ( 1)  0.020
  78 G   0.00000 0.00000 0.00000 1.00000 ( 4)  0.212
  79 S   0.30974 0.30974 0.30974 0.07079 ( 1)  0.015
  80 S   0.29703 0.29703 0.29703 0.10892 ( 1)  0.023
  81 D   0.30946 0.30946 0.30946 0.07162 ( 1)  0.015
  82 E   0.00000 0.00000 0.00000 1.00000 ( 4)  0.212
  83 A   0.00000 0.00000 0.00000 1.00000 ( 4)  0.212
  84 K   0.00000 0.00000 0.00000 1.00000 ( 4)  0.212
  85 R   0.28807 0.28807 0.28807 0.13578 ( 1)  0.029
  86 L   0.30053 0.30053 0.30053 0.09840 ( 1)  0.021
  87 T   0.28306 0.28306 0.28306 0.15081 ( 1)  0.032
  88 R   0.28512 0.28512 0.28512 0.14465 ( 1)  0.031
  89 P   0.30064 0.30064 0.30064 0.09809 ( 1)  0.021
  90 A   0.28303 0.28303 0.28303 0.15092 ( 1)  0.032
  91 Y   0.30818 0.30818 0.30818 0.07547 ( 1)  0.016
  92 -   0.25000 0.25000 0.25000 0.25000 ( 4)  0.053
  93 -   0.25000 0.25000 0.25000 0.25000 ( 4)  0.053
  94 -   0.25000 0.25000 0.25000 0.25000 ( 4)  0.053
  95 S   0.30974 0.30974 0.30974 0.07079 ( 1)  0.015
  96 Y   0.30818 0.30818 0.30818 0.07547 ( 1)  0.016
  97 I   0.30283 0.30283 0.30283 0.09151 ( 1)  0.019
  98 A   0.30204 0.30204 0.30204 0.09387 ( 1)  0.020
  99 L   0.27427 0.27427 0.27427 0.17719 ( 1)  0.038
 100 I   0.30283 0.30283 0.30283 0.09151 ( 1)  0.019
 101 A   0.30204 0.30204 0.30204 0.09387 ( 1)  0.020
 102 M   0.28805 0.28805 0.28805 0.13585 ( 1)  0.029
 103 A   0.30204 0.30204 0.30204 0.09387 ( 1)  0.020
 104 I   0.26365 0.26365 0.26365 0.20904 ( 1)  0.044
 105 Q   0.28377 0.28377 0.28377 0.14869 ( 1)  0.032
 106 Q   0.28658 0.28658 0.28658 0.14026 ( 1)  0.030
 107 S   0.30974 0.30974 0.30974 0.07079 ( 1)  0.015
 108 P   0.29328 0.29328 0.29328 0.12015 ( 1)  0.025
 109 A   0.28541 0.28541 0.28541 0.14377 ( 1)  0.031
 110 G   0.30027 0.30027 0.30027 0.09920 ( 1)  0.021
 111 R   0.29135 0.29135 0.29135 0.12594 ( 1)  0.027
 112 V   0.28354 0.28354 0.28354 0.14938 ( 1)  0.032
 113 T   0.30138 0.30138 0.30138 0.09586 ( 1)  0.020
 114 L   0.27540 0.27540 0.27540 0.17381 ( 1)  0.037
 115 S   0.29638 0.29638 0.29638 0.11087 ( 1)  0.024
 116 G   0.30680 0.30680 0.30680 0.07961 ( 1)  0.017
 117 I   0.30283 0.30283 0.30283 0.09151 ( 1)  0.019
 118 Y   0.30818 0.30818 0.30818 0.07547 ( 1)  0.016
 119 D   0.31186 0.31186 0.31186 0.06442 ( 1)  0.014
 120 F   0.30112 0.30112 0.30112 0.09663 ( 1)  0.021
 121 I   0.30283 0.30283 0.30283 0.09151 ( 1)  0.019
 122 M   0.28805 0.28805 0.28805 0.13585 ( 1)  0.029
 123 R   0.30712 0.30712 0.30712 0.07864 ( 1)  0.017
 124 K   0.29188 0.29188 0.29188 0.12437 ( 1)  0.026
 125 F   0.29991 0.29991 0.29991 0.10027 ( 1)  0.021
 126 P   0.30064 0.30064 0.30064 0.09809 ( 1)  0.021
 127 Y   0.26353 0.26353 0.26353 0.20942 ( 1)  0.044
 128 Y   0.30818 0.30818 0.30818 0.07547 ( 1)  0.016
 129 R   0.30712 0.30712 0.30712 0.07864 ( 1)  0.017
 130 A   0.30204 0.30204 0.30204 0.09387 ( 1)  0.020
 131 N   0.31158 0.31158 0.31158 0.06526 ( 1)  0.014
 132 Q   0.28658 0.28658 0.28658 0.14026 ( 1)  0.030
 133 R   0.30712 0.30712 0.30712 0.07864 ( 1)  0.017
 134 A   0.30204 0.30204 0.30204 0.09387 ( 1)  0.020
 135 W   0.28218 0.28218 0.28218 0.15347 ( 1)  0.033
 136 Q   0.28658 0.28658 0.28658 0.14026 ( 1)  0.030
 137 N   0.31158 0.31158 0.31158 0.06526 ( 1)  0.014
 138 S   0.29965 0.29965 0.29965 0.10106 ( 1)  0.021
 139 I   0.30283 0.30283 0.30283 0.09151 ( 1)  0.019
 140 R   0.30544 0.30544 0.30544 0.08368 ( 1)  0.018
 141 H   0.31060 0.31060 0.31060 0.06821 ( 1)  0.014
 142 N   0.31158 0.31158 0.31158 0.06526 ( 1)  0.014
 143 L   0.27540 0.27540 0.27540 0.17381 ( 1)  0.037
 144 S   0.29816 0.29816 0.29816 0.10553 ( 1)  0.022
 145 L   0.30053 0.30053 0.30053 0.09840 ( 1)  0.021
 146 N   0.31158 0.31158 0.31158 0.06526 ( 1)  0.014
 147 S   0.30974 0.30974 0.30974 0.07079 ( 1)  0.015
 148 C   0.30789 0.30789 0.30789 0.07632 ( 1)  0.016
 149 F   0.30112 0.30112 0.30112 0.09663 ( 1)  0.021
 150 V   0.00000 0.00000 0.00000 1.00000 ( 4)  0.212
 151 K   0.29378 0.29378 0.29378 0.11867 ( 1)  0.025
 152 V   0.28354 0.28354 0.28354 0.14938 ( 1)  0.032
 153 P   0.00000 0.00000 0.00000 1.00000 ( 4)  0.212
 154 -   0.25000 0.25000 0.25000 0.25000 ( 4)  0.053
 155 -   0.25000 0.25000 0.25000 0.25000 ( 4)  0.053
 156 -   0.25000 0.25000 0.25000 0.25000 ( 4)  0.053
 157 -   0.25000 0.25000 0.25000 0.25000 ( 4)  0.053
 158 -   0.25000 0.25000 0.25000 0.25000 ( 4)  0.053
 159 -   0.25000 0.25000 0.25000 0.25000 ( 4)  0.053
 160 -   0.25000 0.25000 0.25000 0.25000 ( 4)  0.053
 161 -   0.25000 0.25000 0.25000 0.25000 ( 4)  0.053
 162 -   0.25000 0.25000 0.25000 0.25000 ( 4)  0.053
 163 -   0.25000 0.25000 0.25000 0.25000 ( 4)  0.053
 164 -   0.25000 0.25000 0.25000 0.25000 ( 4)  0.053
 165 -   0.25000 0.25000 0.25000 0.25000 ( 4)  0.053
 166 -   0.25000 0.25000 0.25000 0.25000 ( 4)  0.053
 167 -   0.25000 0.25000 0.25000 0.25000 ( 4)  0.053
 168 -   0.25000 0.25000 0.25000 0.25000 ( 4)  0.053
 169 -   0.25000 0.25000 0.25000 0.25000 ( 4)  0.053
 170 -   0.25000 0.25000 0.25000 0.25000 ( 4)  0.053
 171 -   0.25000 0.25000 0.25000 0.25000 ( 4)  0.053
 172 -   0.25000 0.25000 0.25000 0.25000 ( 4)  0.053
 173 -   0.25000 0.25000 0.25000 0.25000 ( 4)  0.053
 174 -   0.25000 0.25000 0.25000 0.25000 ( 4)  0.053
 175 -   0.25000 0.25000 0.25000 0.25000 ( 4)  0.053
 176 -   0.25000 0.25000 0.25000 0.25000 ( 4)  0.053
 177 -   0.25000 0.25000 0.25000 0.25000 ( 4)  0.053
 178 -   0.25000 0.25000 0.25000 0.25000 ( 4)  0.053
 179 -   0.25000 0.25000 0.25000 0.25000 ( 4)  0.053
 180 -   0.25000 0.25000 0.25000 0.25000 ( 4)  0.053
 181 -   0.25000 0.25000 0.25000 0.25000 ( 4)  0.053
 182 -   0.25000 0.25000 0.25000 0.25000 ( 4)  0.053
 183 -   0.25000 0.25000 0.25000 0.25000 ( 4)  0.053
 184 -   0.25000 0.25000 0.25000 0.25000 ( 4)  0.053
 185 -   0.25000 0.25000 0.25000 0.25000 ( 4)  0.053
 186 -   0.25000 0.25000 0.25000 0.25000 ( 4)  0.053
 187 -   0.25000 0.25000 0.25000 0.25000 ( 4)  0.053
 188 -   0.25000 0.25000 0.25000 0.25000 ( 4)  0.053
 189 -   0.25000 0.25000 0.25000 0.25000 ( 4)  0.053
 190 -   0.25000 0.25000 0.25000 0.25000 ( 4)  0.053
 191 -   0.25000 0.25000 0.25000 0.25000 ( 4)  0.053
 192 -   0.25000 0.25000 0.25000 0.25000 ( 4)  0.053
 193 -   0.25000 0.25000 0.25000 0.25000 ( 4)  0.053
 194 -   0.25000 0.25000 0.25000 0.25000 ( 4)  0.053
 195 -   0.25000 0.25000 0.25000 0.25000 ( 4)  0.053
 196 -   0.25000 0.25000 0.25000 0.25000 ( 4)  0.053
 197 -   0.25000 0.25000 0.25000 0.25000 ( 4)  0.053
 198 -   0.25000 0.25000 0.25000 0.25000 ( 4)  0.053
 199 -   0.25000 0.25000 0.25000 0.25000 ( 4)  0.053
 200 -   0.25000 0.25000 0.25000 0.25000 ( 4)  0.053
 201 -   0.25000 0.25000 0.25000 0.25000 ( 4)  0.053
 202 -   0.25000 0.25000 0.25000 0.25000 ( 4)  0.053
 203 -   0.25000 0.25000 0.25000 0.25000 ( 4)  0.053
 204 R   0.28512 0.28512 0.28512 0.14465 ( 1)  0.031
 205 S   0.00000 0.00000 0.00000 1.00000 ( 4)  0.212
 206 E   0.00000 0.00000 0.00000 1.00000 ( 4)  0.212
 207 G   0.30848 0.30848 0.30848 0.07456 ( 1)  0.016
 208 H   0.00000 0.00000 0.00000 1.00000 ( 4)  0.212
 209 E   0.00000 0.00000 0.00000 1.00000 ( 4)  0.212
 210 K   0.00000 0.00000 0.00000 1.00000 ( 4)  0.212
 211 G   0.30531 0.30531 0.30531 0.08408 ( 1)  0.018
 212 K   0.00000 0.00000 0.00000 1.00000 ( 4)  0.212
 213 G   0.30848 0.30848 0.30848 0.07456 ( 1)  0.016
 214 N   0.30228 0.30228 0.30228 0.09316 ( 1)  0.020
 215 Y   0.30015 0.30015 0.30015 0.09955 ( 1)  0.021
 216 W   0.27661 0.27661 0.27661 0.17017 ( 1)  0.036
 217 T   0.27511 0.27511 0.27511 0.17466 ( 1)  0.037
 218 F   0.29382 0.29382 0.29382 0.11855 ( 1)  0.025
 219 A   0.27787 0.27787 0.27787 0.16639 ( 1)  0.035
 220 G   0.29682 0.29682 0.29682 0.10953 ( 1)  0.023
 221 G   0.30113 0.30113 0.30113 0.09662 ( 1)  0.021
 222 C   0.29732 0.29732 0.29732 0.10803 ( 1)  0.023
 223 E   0.28756 0.28756 0.28756 0.13732 ( 1)  0.029
 224 S   0.27297 0.27297 0.27297 0.18108 ( 1)  0.038
 225 L   0.26900 0.26900 0.26900 0.19299 ( 1)  0.041
 226 L   0.26877 0.26877 0.26877 0.19368 ( 1)  0.041
 227 D   0.30463 0.30463 0.30463 0.08612 ( 1)  0.018
 228 L   0.29328 0.29328 0.29328 0.12017 ( 1)  0.026
 229 F   0.29382 0.29382 0.29382 0.11855 ( 1)  0.025
 230 E   0.28756 0.28756 0.28756 0.13732 ( 1)  0.029
 231 N   0.00000 0.00000 0.00000 1.00000 ( 4)  0.212
 232 G   0.30113 0.30113 0.30113 0.09662 ( 1)  0.021
 233 N   0.30432 0.30432 0.30432 0.08703 ( 1)  0.018
 234 Y   0.30082 0.30082 0.30082 0.09755 ( 1)  0.021
 235 R   0.28067 0.28067 0.28067 0.15800 ( 1)  0.034
 236 R   0.27677 0.27677 0.27677 0.16968 ( 1)  0.036
 237 R   0.28034 0.28034 0.28034 0.15898 ( 1)  0.034
 238 R   0.27825 0.27825 0.27825 0.16526 ( 1)  0.035
 239 R   0.27920 0.27920 0.27920 0.16240 ( 1)  0.034
 240 R   0.00000 0.00000 0.00000 1.00000 ( 4)  0.212
 241 R   0.28706 0.28706 0.28706 0.13881 ( 1)  0.029


lnL = -1411.448739

