Supplemental results for CODEML (seqf: algn  treef: tree)


dN/dS (w) for site classes (K=5)

p:   0.23936  0.23936  0.23936  0.23936  0.04257
w:   0.45108  0.48080  0.50364  0.53342  4.68808

Naive Empirical Bayes (NEB) probabilities for 5 classes & postmean_w & P(w>1)
(amino acids refer to 1st sequence: calJac_NFILZ_XM_035286919)

   1 R   0.23108 0.24040 0.24718 0.25555 0.02578 ( 4)  0.602  0.026
   2 G   0.23627 0.24461 0.25057 0.25778 0.01077 ( 4)  0.538  0.011
   3 C   0.26070 0.25265 0.24663 0.23902 0.00099 ( 1)  0.495  0.001
   4 L   0.25880 0.25201 0.24691 0.24044 0.00184 ( 1)  0.499  0.002
   5 L   0.25880 0.25201 0.24691 0.24044 0.00184 ( 1)  0.499  0.002
   6 A   0.25800 0.25167 0.24693 0.24089 0.00251 ( 1)  0.502  0.003
   7 P   0.26249 0.25307 0.24609 0.23732 0.00103 ( 1)  0.495  0.001
   8 R   0.25443 0.25018 0.24696 0.24285 0.00559 ( 1)  0.515  0.006
   9 W   0.25841 0.25192 0.24705 0.24085 0.00177 ( 1)  0.499  0.002
  10 T   0.25861 0.25196 0.24697 0.24063 0.00183 ( 1)  0.499  0.002
  11 G   0.23491 0.24341 0.24950 0.25690 0.01527 ( 4)  0.557  0.015
  12 L   0.25490 0.25007 0.24644 0.24179 0.00680 ( 1)  0.520  0.007
  13 A   0.26094 0.25268 0.24652 0.23874 0.00113 ( 1)  0.496  0.001
  14 T   0.08014 0.09465 0.10673 0.12368 0.59480 ( 5)  2.990  0.595
  15 S   0.26039 0.25249 0.24660 0.23915 0.00137 ( 1)  0.497  0.001
  16 -   0.25648 0.25084 0.24660 0.24122 0.00486 ( 1)  0.512  0.005
  17 R   0.23294 0.24221 0.24894 0.25721 0.01870 ( 4)  0.572  0.019
  18 S   0.26366 0.25346 0.24591 0.23643 0.00053 ( 1)  0.493  0.001
  19 S   0.23755 0.24498 0.25022 0.25646 0.01079 ( 4)  0.538  0.011
  20 P   0.20108 0.21402 0.22390 0.23669 0.12430 ( 4)  1.015  0.124
  21 E   0.23467 0.24358 0.25001 0.25786 0.01389 ( 4)  0.552  0.014
  22 S   0.23565 0.24417 0.25027 0.25769 0.01222 ( 4)  0.544  0.012
  23 A   0.25447 0.25020 0.24697 0.24283 0.00552 ( 1)  0.515  0.006
  24 S   0.18109 0.20021 0.21514 0.23488 0.16868 ( 4)  1.202  0.169
  25 P   0.25873 0.25189 0.24678 0.24029 0.00231 ( 1)  0.501  0.002
  26 T   0.21162 0.23204 0.24777 0.26824 0.04032 ( 4)  0.664  0.040
  27 L   0.21077 0.23070 0.24602 0.26591 0.04660 ( 4)  0.690  0.047
  28 N   0.25882 0.25210 0.24705 0.24062 0.00141 ( 1)  0.497  0.001
  29 R   0.25351 0.24980 0.24700 0.24339 0.00631 ( 1)  0.518  0.006
  30 I   0.25767 0.25168 0.24717 0.24142 0.00207 ( 1)  0.500  0.002
  31 D   0.26048 0.25260 0.24671 0.23925 0.00097 ( 1)  0.495  0.001
  32 M   0.26118 0.25282 0.24658 0.23869 0.00072 ( 1)  0.494  0.001
  33 A   0.23709 0.24458 0.24986 0.25616 0.01231 ( 4)  0.545  0.012
  34 L   0.25564 0.25085 0.24722 0.24259 0.00370 ( 1)  0.507  0.004
  35 Q   0.23495 0.24374 0.25006 0.25778 0.01348 ( 4)  0.550  0.013
  36 T   0.23286 0.24204 0.24869 0.25687 0.01954 ( 4)  0.575  0.020
  37 A   0.23745 0.24481 0.24998 0.25613 0.01163 ( 4)  0.542  0.012
  38 L   0.26240 0.25311 0.24622 0.23753 0.00074 ( 1)  0.494  0.001
  39 P   0.25511 0.25045 0.24694 0.24245 0.00505 ( 1)  0.513  0.005
  40 P   0.23217 0.24145 0.24819 0.25649 0.02171 ( 4)  0.584  0.022
  41 A   0.23916 0.24622 0.25113 0.25691 0.00658 ( 4)  0.521  0.007
  42 L   0.26355 0.25343 0.24594 0.23653 0.00055 ( 1)  0.493  0.001
  43 F   0.26248 0.25318 0.24627 0.23756 0.00051 ( 1)  0.493  0.001
  44 S   0.26066 0.25264 0.24665 0.23907 0.00097 ( 1)  0.495  0.001
  45 C   0.23227 0.24186 0.24885 0.25748 0.01955 ( 4)  0.575  0.020
  46 H   0.26215 0.25308 0.24633 0.23781 0.00064 ( 1)  0.494  0.001
  47 L   0.24082 0.24691 0.25106 0.25581 0.00541 ( 4)  0.516  0.005
  48 L   0.25564 0.25085 0.24722 0.24259 0.00370 ( 1)  0.507  0.004
  49 D   0.23156 0.24126 0.24835 0.25712 0.02171 ( 4)  0.584  0.022
  50 G   0.23300 0.24235 0.24914 0.25750 0.01801 ( 4)  0.569  0.018
  51 H   0.23408 0.24310 0.24962 0.25761 0.01559 ( 4)  0.559  0.016
  52 V   0.25602 0.25089 0.24703 0.24209 0.00398 ( 1)  0.508  0.004
  53 G   0.23171 0.24109 0.24791 0.25633 0.02297 ( 4)  0.590  0.023
  54 S   0.24097 0.24715 0.25136 0.25619 0.00433 ( 4)  0.511  0.004
  55 R   0.25351 0.24980 0.24700 0.24339 0.00631 ( 1)  0.518  0.006
  56 R   0.21612 0.22685 0.23485 0.24496 0.07721 ( 4)  0.817  0.077
  57 E   0.25869 0.25203 0.24702 0.24066 0.00160 ( 1)  0.498  0.002
  58 L   0.26355 0.25343 0.24594 0.23653 0.00055 ( 1)  0.493  0.001
  59 R   0.25443 0.25018 0.24696 0.24285 0.00559 ( 1)  0.515  0.006
  60 P   0.26249 0.25307 0.24609 0.23732 0.00103 ( 1)  0.495  0.001
  61 C   0.23826 0.24569 0.25092 0.25712 0.00800 ( 4)  0.527  0.008
  62 W   0.23373 0.24285 0.24945 0.25754 0.01644 ( 4)  0.562  0.016
  63 G   0.25777 0.25163 0.24701 0.24113 0.00246 ( 1)  0.502  0.002
  64 L   0.25880 0.25201 0.24691 0.24044 0.00184 ( 1)  0.499  0.002
  65 W   0.25841 0.25192 0.24705 0.24085 0.00177 ( 1)  0.499  0.002
  66 S   0.25511 0.25055 0.24710 0.24269 0.00455 ( 1)  0.511  0.005
  67 P   0.25683 0.25112 0.24683 0.24137 0.00385 ( 1)  0.508  0.004
  68 M   0.23815 0.24578 0.25116 0.25758 0.00733 ( 4)  0.524  0.007
  69 P   0.24054 0.24686 0.25118 0.25617 0.00524 ( 4)  0.515  0.005
  70 S   0.23729 0.24514 0.25071 0.25739 0.00946 ( 4)  0.533  0.009
  71 G   0.02654 0.03171 0.03607 0.04229 0.86339 ( 5)  4.116  0.863
  72 C   0.26149 0.25288 0.24647 0.23837 0.00080 ( 1)  0.495  0.001
  73 R   0.17288 0.19217 0.20737 0.22761 0.19996 ( 4)  1.334  0.200
  74 A   0.25877 0.25193 0.24681 0.24032 0.00217 ( 1)  0.501  0.002
  75 S   0.25551 0.25073 0.24713 0.24251 0.00412 ( 1)  0.509  0.004
  76 G   0.25777 0.25163 0.24701 0.24113 0.00246 ( 1)  0.502  0.002
  77 P   0.25683 0.25112 0.24683 0.24137 0.00385 ( 1)  0.508  0.004
  78 S   0.25543 0.25056 0.24689 0.24219 0.00493 ( 1)  0.512  0.005
  79 D   0.23117 0.24101 0.24821 0.25714 0.02247 ( 4)  0.588  0.022
  80 V   0.23620 0.24444 0.25031 0.25741 0.01163 ( 4)  0.542  0.012
  81 L   0.25564 0.25085 0.24722 0.24259 0.00370 ( 1)  0.507  0.004
  82 L   0.25880 0.25201 0.24691 0.24044 0.00184 ( 1)  0.499  0.002
  83 T   0.25524 0.25064 0.24716 0.24271 0.00426 ( 1)  0.510  0.004
  84 P   0.23884 0.24547 0.25007 0.25546 0.01016 ( 4)  0.536  0.010
  85 T   0.25854 0.25193 0.24698 0.24068 0.00188 ( 1)  0.499  0.002
  86 V   0.22963 0.23939 0.24653 0.25539 0.02906 ( 4)  0.615  0.029
  87 D   0.25789 0.25170 0.24705 0.24112 0.00224 ( 1)  0.501  0.002
  88 P   0.26249 0.25307 0.24609 0.23732 0.00103 ( 1)  0.495  0.001
  89 M   0.26118 0.25282 0.24658 0.23869 0.00072 ( 1)  0.494  0.001
  90 G   0.25638 0.25096 0.24687 0.24165 0.00414 ( 1)  0.509  0.004
  91 L   0.25880 0.25201 0.24691 0.24044 0.00184 ( 1)  0.499  0.002
  92 S   0.23565 0.24417 0.25027 0.25769 0.01222 ( 4)  0.544  0.012
  93 H   0.23245 0.24106 0.24727 0.25485 0.02438 ( 4)  0.596  0.024
  94 G   0.23295 0.24231 0.24911 0.25747 0.01816 ( 4)  0.570  0.018
  95 V   0.25960 0.25229 0.24682 0.23988 0.00142 ( 1)  0.497  0.001
  96 T   0.26213 0.25304 0.24629 0.23777 0.00077 ( 1)  0.494  0.001
  97 C   0.26149 0.25288 0.24647 0.23837 0.00080 ( 1)  0.495  0.001
  98 P   0.23482 0.24351 0.24977 0.25738 0.01452 ( 4)  0.554  0.015
  99 V   0.23874 0.24590 0.25090 0.25681 0.00765 ( 4)  0.525  0.008
 100 P   0.25511 0.25045 0.24694 0.24245 0.00505 ( 1)  0.513  0.005
 101 G   0.25642 0.25107 0.24703 0.24189 0.00359 ( 1)  0.507  0.004
 102 N   0.25812 0.25184 0.24712 0.24110 0.00183 ( 1)  0.499  0.002
 103 S   0.25749 0.25159 0.24715 0.24149 0.00228 ( 1)  0.501  0.002
 104 P   0.23193 0.24086 0.24732 0.25524 0.02465 ( 4)  0.597  0.025
 105 E   0.25869 0.25203 0.24702 0.24066 0.00160 ( 1)  0.498  0.002
 106 D   0.15707 0.17511 0.18937 0.20846 0.26999 ( 5)  1.627  0.270
 107 L   0.25880 0.25201 0.24691 0.24044 0.00184 ( 1)  0.499  0.002
 108 G   0.16359 0.18229 0.19706 0.21681 0.24025 ( 5)  1.503  0.240
 109 Q   0.25867 0.25201 0.24702 0.24066 0.00164 ( 1)  0.498  0.002
 110 P   0.26249 0.25307 0.24609 0.23732 0.00103 ( 1)  0.495  0.001
 111 S   0.25960 0.25228 0.24681 0.23987 0.00144 ( 1)  0.497  0.001
 112 L   0.25880 0.25201 0.24691 0.24044 0.00184 ( 1)  0.499  0.002
 113 P   0.26249 0.25307 0.24609 0.23732 0.00103 ( 1)  0.495  0.001
 114 H   0.26215 0.25308 0.24633 0.23781 0.00064 ( 1)  0.494  0.001
 115 K   0.25284 0.24948 0.24693 0.24364 0.00711 ( 1)  0.522  0.007
 116 L   0.25857 0.25190 0.24690 0.24054 0.00208 ( 1)  0.500  0.002
 117 R   0.23633 0.24423 0.24984 0.25659 0.01301 ( 4)  0.548  0.013
 118 I   0.26028 0.25254 0.24675 0.23942 0.00101 ( 1)  0.496  0.001
 119 K   0.25397 0.25001 0.24701 0.24316 0.00585 ( 1)  0.516  0.006
 120 S   0.26366 0.25346 0.24591 0.23643 0.00053 ( 1)  0.493  0.001
 121 Q   0.20436 0.21606 0.22491 0.23627 0.11840 ( 4)  0.990  0.118
 122 A   0.26154 0.25282 0.24634 0.23816 0.00113 ( 1)  0.496  0.001
 123 F   0.23256 0.24102 0.24710 0.25450 0.02482 ( 4)  0.597  0.025
 124 S   0.17663 0.19649 0.21214 0.23300 0.18175 ( 4)  1.257  0.182
 125 R   0.25681 0.25129 0.24713 0.24183 0.00295 ( 1)  0.504  0.003
 126 V   0.25059 0.24811 0.24622 0.24377 0.01131 ( 1)  0.539  0.011
 127 P   0.25360 0.24984 0.24699 0.24332 0.00626 ( 1)  0.518  0.006
 128 Q   0.00566 0.00690 0.00799 0.00956 0.96989 ( 5)  4.562  0.970
 129 G   0.25317 0.24965 0.24698 0.24354 0.00665 ( 1)  0.520  0.007
 130 W   0.25315 0.24965 0.24700 0.24359 0.00661 ( 1)  0.520  0.007
 131 E   0.25869 0.25203 0.24702 0.24066 0.00160 ( 1)  0.498  0.002
 132 G   0.25620 0.25101 0.24710 0.24210 0.00358 ( 1)  0.507  0.004
 133 G   0.25812 0.25173 0.24695 0.24085 0.00235 ( 1)  0.501  0.002
 134 Q   0.23420 0.24328 0.24985 0.25789 0.01478 ( 4)  0.555  0.015
 135 A   0.07585 0.08947 0.10078 0.11664 0.61726 ( 5)  3.084  0.617
 136 P   0.23517 0.24363 0.24970 0.25707 0.01443 ( 4)  0.554  0.014
 137 S   0.09929 0.11625 0.13021 0.14960 0.50466 ( 5)  2.612  0.505

Positively selected sites

	Prob(w>1)  mean w

    14 T      0.595         2.990
    71 G      0.863         4.116
   128 Q      0.970*        4.562
   135 A      0.617         3.084
   137 S      0.505         2.612


lnL = -1195.279560

Bayes Empirical Bayes (BEB) probabilities for 11 classes (class) & postmean_w
(amino acids refer to 1st sequence: calJac_NFILZ_XM_035286919)

   1 R   0.01158 0.03537 0.06104 0.08452 0.10406 0.11860 0.12746 0.13017 0.12649 0.13458 0.06613 (10)  0.755 +-  0.700
   2 G   0.01298 0.03887 0.06600 0.08994 0.10896 0.12218 0.12917 0.12974 0.12404 0.13031 0.04781 (10)  0.688 +-  0.495
   3 C   0.11420 0.11784 0.12090 0.11799 0.11131 0.10221 0.09155 0.07993 0.06786 0.06499 0.01122 ( 3)  0.461 +-  0.320
   4 L   0.10730 0.11222 0.11688 0.11584 0.11098 0.10349 0.09414 0.08345 0.07191 0.06982 0.01395 ( 3)  0.477 +-  0.343
   5 L   0.10730 0.11222 0.11688 0.11584 0.11098 0.10349 0.09414 0.08345 0.07191 0.06982 0.01395 ( 3)  0.477 +-  0.343
   6 A   0.10477 0.11011 0.11531 0.11492 0.11073 0.10386 0.09502 0.08473 0.07344 0.07169 0.01542 ( 3)  0.485 +-  0.360
   7 P   0.12233 0.12397 0.12472 0.11948 0.11076 0.10007 0.08831 0.07607 0.06381 0.06049 0.01001 ( 3)  0.447 +-  0.318
   8 R   0.09346 0.10068 0.10826 0.11079 0.10958 0.10546 0.09897 0.09045 0.08028 0.08001 0.02205 ( 4)  0.519 +-  0.428
   9 W   0.10553 0.11084 0.11596 0.11542 0.11103 0.10392 0.09486 0.08435 0.07289 0.07093 0.01425 ( 3)  0.480 +-  0.342
  10 T   0.10645 0.11157 0.11645 0.11565 0.11101 0.10370 0.09448 0.08387 0.07237 0.07034 0.01411 ( 3)  0.479 +-  0.343
  11 G   0.01272 0.03817 0.06495 0.08871 0.10775 0.12117 0.12851 0.12954 0.12432 0.13103 0.05312 (10)  0.707 +-  0.565
  12 L   0.09640 0.10309 0.10999 0.11170 0.10965 0.10477 0.09764 0.08866 0.07824 0.07761 0.02225 ( 4)  0.519 +-  0.472
  13 A   0.11549 0.11878 0.12144 0.11816 0.11116 0.10182 0.09101 0.07932 0.06725 0.06435 0.01122 ( 3)  0.459 +-  0.323
  14 T   0.00004 0.00102 0.00496 0.01351 0.02750 0.04672 0.06980 0.09416 0.11594 0.14689 0.47946 (11)  2.489 +-  2.353
  15 S   0.11343 0.11713 0.12029 0.11756 0.11110 0.10223 0.09179 0.08035 0.06842 0.06573 0.01197 ( 3)  0.464 +-  0.330
  16 -   0.10118 0.10695 0.11274 0.11320 0.10995 0.10402 0.09605 0.08647 0.07571 0.07460 0.01913 ( 4)  0.502 +-  0.417
  17 R   0.01178 0.03593 0.06195 0.08568 0.10533 0.11982 0.12848 0.13086 0.12678 0.13451 0.05887 (10)  0.727 +-  0.603
  18 S   0.12638 0.12735 0.12719 0.12085 0.11104 0.09935 0.08678 0.07393 0.06132 0.05749 0.00833 ( 2)  0.437 +-  0.302
  19 S   0.01409 0.04135 0.06908 0.09275 0.11084 0.12276 0.12833 0.12764 0.12099 0.12647 0.04570 ( 7)  0.679 +-  0.500
  20 P   0.00634 0.02164 0.04088 0.06160 0.08210 0.10086 0.11636 0.12702 0.13128 0.14613 0.16579 (11)  1.176 +-  1.480
  21 E   0.01227 0.03716 0.06369 0.08757 0.10702 0.12103 0.12901 0.13063 0.12584 0.13292 0.05287 (10)  0.705 +-  0.538
  22 S   0.01275 0.03830 0.06522 0.08912 0.10826 0.12173 0.12904 0.12997 0.12458 0.13114 0.04991 (10)  0.695 +-  0.516
  23 A   0.09356 0.10078 0.10834 0.11085 0.10961 0.10546 0.09894 0.09040 0.08021 0.07992 0.02194 ( 4)  0.519 +-  0.427
  24 S   0.00084 0.00786 0.02245 0.04312 0.06752 0.09295 0.11654 0.13531 0.14624 0.16609 0.20109 (11)  1.311 +-  1.547
  25 P   0.10761 0.11237 0.11687 0.11571 0.11078 0.10326 0.09393 0.08330 0.07184 0.06981 0.01452 ( 3)  0.479 +-  0.354
  26 T   0.00115 0.01038 0.02884 0.05386 0.08198 0.10965 0.13351 0.15044 0.15773 0.17399 0.09846 (10)  0.873 +-  0.723
  27 L   0.00119 0.01067 0.02942 0.05457 0.08255 0.10980 0.13302 0.14924 0.15590 0.17166 0.10197 (10)  0.891 +-  0.794
  28 N   0.10682 0.11193 0.11679 0.11592 0.11119 0.10376 0.09441 0.08369 0.07209 0.06994 0.01346 ( 3)  0.476 +-  0.333
  29 R   0.09052 0.09822 0.10640 0.10968 0.10925 0.10586 0.10000 0.09196 0.08211 0.08225 0.02376 ( 4)  0.528 +-  0.440
  30 I   0.10282 0.10862 0.11436 0.11455 0.11088 0.10442 0.09588 0.08575 0.07451 0.07286 0.01534 ( 4)  0.487 +-  0.349
  31 D   0.11317 0.11705 0.12039 0.11779 0.11137 0.10248 0.09197 0.08043 0.06839 0.06559 0.01136 ( 3)  0.462 +-  0.320
  32 M   0.11578 0.11918 0.12190 0.11859 0.11148 0.10197 0.09098 0.07909 0.06686 0.06376 0.01042 ( 3)  0.456 +-  0.312
  33 A   0.01397 0.04110 0.06875 0.09242 0.11056 0.12255 0.12821 0.12760 0.12102 0.12655 0.04727 ( 7)  0.686 +-  0.531
  34 L   0.09638 0.10322 0.11028 0.11212 0.11016 0.10529 0.09813 0.08906 0.07849 0.07774 0.01912 ( 4)  0.506 +-  0.385
  35 Q   0.01242 0.03751 0.06415 0.08804 0.10739 0.12123 0.12901 0.13041 0.12544 0.13236 0.05205 (10)  0.702 +-  0.533
  36 T   0.01186 0.03611 0.06217 0.08587 0.10543 0.11979 0.12831 0.13056 0.12639 0.13404 0.05947 (10)  0.730 +-  0.622
  37 A   0.01415 0.04151 0.06930 0.09296 0.11099 0.12279 0.12822 0.12737 0.12060 0.12596 0.04617 ( 7)  0.682 +-  0.521
  38 L   0.12123 0.12332 0.12453 0.11964 0.11115 0.10056 0.08880 0.07647 0.06408 0.06066 0.00956 ( 3)  0.447 +-  0.311
  39 P   0.09563 0.10251 0.10964 0.11161 0.10983 0.10517 0.09820 0.08933 0.07893 0.07837 0.02078 ( 4)  0.513 +-  0.419
  40 P   0.01171 0.03572 0.06159 0.08520 0.10478 0.11928 0.12801 0.13053 0.12663 0.13452 0.06204 (10)  0.739 +-  0.647
  41 A   0.01462 0.04270 0.07103 0.09492 0.11282 0.12419 0.12896 0.12732 0.11976 0.12437 0.03932 ( 7)  0.659 +-  0.432
  42 L   0.12590 0.12698 0.12694 0.12074 0.11105 0.09946 0.08696 0.07417 0.06157 0.05778 0.00844 ( 2)  0.438 +-  0.303
  43 F   0.12104 0.12332 0.12469 0.11990 0.11143 0.10078 0.08892 0.07647 0.06396 0.06042 0.00908 ( 3)  0.446 +-  0.304
  44 S   0.11398 0.11768 0.12081 0.11797 0.11135 0.10228 0.09165 0.08003 0.06795 0.06509 0.01121 ( 3)  0.461 +-  0.319
  45 C   0.01142 0.03507 0.06079 0.08452 0.10441 0.11932 0.12852 0.13144 0.12784 0.13598 0.06070 (10)  0.732 +-  0.604
  46 H   0.11985 0.12235 0.12400 0.11953 0.11137 0.10100 0.08936 0.07707 0.06466 0.06125 0.00954 ( 3)  0.449 +-  0.308
  47 L   0.01589 0.04555 0.07463 0.09828 0.11520 0.12513 0.12830 0.12516 0.11645 0.12002 0.03538 ( 7)  0.644 +-  0.413
  48 L   0.09638 0.10322 0.11028 0.11212 0.11016 0.10529 0.09813 0.08906 0.07849 0.07774 0.01912 ( 4)  0.506 +-  0.385
  49 D   0.01125 0.03464 0.06019 0.08385 0.10379 0.11886 0.12827 0.13145 0.12808 0.13644 0.06318 (10)  0.742 +-  0.635
  50 G   0.01171 0.03577 0.06176 0.08553 0.10526 0.11985 0.12862 0.13110 0.12709 0.13488 0.05842 (10)  0.724 +-  0.590
  51 H   0.01211 0.03676 0.06312 0.08695 0.10647 0.12063 0.12882 0.13068 0.12612 0.13340 0.05494 (10)  0.713 +-  0.563
  52 V   0.09818 0.10468 0.11132 0.11266 0.11021 0.10490 0.09738 0.08806 0.07736 0.07642 0.01883 ( 4)  0.503 +-  0.395
  53 G   0.01157 0.03539 0.06114 0.08472 0.10438 0.11900 0.12791 0.13061 0.12687 0.13491 0.06350 (10)  0.745 +-  0.663
  54 S   0.01579 0.04537 0.07447 0.09823 0.11530 0.12537 0.12863 0.12553 0.11679 0.12032 0.03421 ( 7)  0.641 +-  0.391
  55 R   0.09052 0.09822 0.10640 0.10968 0.10925 0.10586 0.10000 0.09196 0.08211 0.08225 0.02376 ( 4)  0.528 +-  0.440
  56 R   0.00907 0.02880 0.05130 0.07325 0.09294 0.10911 0.12073 0.12685 0.12668 0.13766 0.12362 (10)  1.021 +-  1.327
  57 E   0.10648 0.11163 0.11655 0.11576 0.11111 0.10377 0.09451 0.08386 0.07231 0.07022 0.01379 ( 3)  0.478 +-  0.337
  58 L   0.12590 0.12698 0.12694 0.12074 0.11105 0.09946 0.08696 0.07417 0.06157 0.05778 0.00844 ( 2)  0.438 +-  0.303
  59 R   0.09346 0.10068 0.10826 0.11079 0.10958 0.10546 0.09897 0.09045 0.08028 0.08001 0.02205 ( 4)  0.519 +-  0.428
  60 P   0.12233 0.12397 0.12472 0.11948 0.11076 0.10007 0.08831 0.07607 0.06381 0.06049 0.01001 ( 3)  0.447 +-  0.318
  61 C   0.01412 0.04153 0.06950 0.09340 0.11165 0.12357 0.12901 0.12803 0.12103 0.12614 0.04203 ( 7)  0.668 +-  0.456
  62 W   0.01199 0.03646 0.06270 0.08651 0.10608 0.12036 0.12873 0.13079 0.12640 0.13385 0.05613 (10)  0.717 +-  0.572
  63 G   0.10373 0.10929 0.11475 0.11466 0.11074 0.10410 0.09544 0.08527 0.07404 0.07237 0.01561 ( 3)  0.486 +-  0.358
  64 L   0.10730 0.11222 0.11688 0.11584 0.11098 0.10349 0.09414 0.08345 0.07191 0.06982 0.01395 ( 3)  0.477 +-  0.343
  65 W   0.10553 0.11084 0.11596 0.11542 0.11103 0.10392 0.09486 0.08435 0.07289 0.07093 0.01425 ( 3)  0.480 +-  0.342
  66 S   0.09512 0.10213 0.10942 0.11155 0.10992 0.10537 0.09849 0.08965 0.07925 0.07871 0.02040 ( 4)  0.512 +-  0.406
  67 P   0.10146 0.10729 0.11313 0.11357 0.11026 0.10421 0.09611 0.08639 0.07548 0.07423 0.01788 ( 4)  0.497 +-  0.393
  68 M   0.01389 0.04102 0.06889 0.09288 0.11135 0.12356 0.12930 0.12858 0.12175 0.12700 0.04180 ( 7)  0.667 +-  0.443
  69 P   0.01559 0.04490 0.07384 0.09758 0.11477 0.12504 0.12857 0.12574 0.11724 0.12101 0.03573 ( 7)  0.646 +-  0.410
  70 S   0.01358 0.04026 0.06782 0.09173 0.11033 0.12287 0.12904 0.12881 0.12244 0.12812 0.04499 ( 7)  0.678 +-  0.478
  71 G   0.00001 0.00037 0.00186 0.00526 0.01111 0.01962 0.03050 0.04288 0.05522 0.07485 0.75831 (11)  3.954 +-  2.737
  72 C   0.11726 0.12028 0.12258 0.11883 0.11135 0.10156 0.09037 0.07838 0.06613 0.06297 0.01030 ( 3)  0.454 +-  0.314
  73 R   0.00072 0.00690 0.02015 0.03949 0.06304 0.08838 0.11274 0.13304 0.14597 0.16777 0.22181 (11)  1.376 +-  1.588
  74 A   0.10761 0.11240 0.11692 0.11577 0.11083 0.10331 0.09396 0.08330 0.07181 0.06976 0.01433 ( 3)  0.478 +-  0.351
  75 S   0.09626 0.10310 0.11016 0.11201 0.11007 0.10524 0.09811 0.08907 0.07855 0.07784 0.01959 ( 4)  0.508 +-  0.396
  76 G   0.10373 0.10929 0.11475 0.11466 0.11074 0.10410 0.09544 0.08527 0.07404 0.07237 0.01561 ( 3)  0.486 +-  0.358
  77 P   0.10146 0.10729 0.11313 0.11357 0.11026 0.10421 0.09611 0.08639 0.07548 0.07423 0.01788 ( 4)  0.497 +-  0.393
  78 S   0.09683 0.10349 0.11035 0.11200 0.10990 0.10495 0.09775 0.08871 0.07821 0.07750 0.02031 ( 4)  0.510 +-  0.418
  79 D   0.01109 0.03425 0.05964 0.08328 0.10332 0.11857 0.12822 0.13166 0.12853 0.13710 0.06434 (10)  0.745 +-  0.638
  80 V   0.01309 0.03909 0.06626 0.09014 0.10904 0.12211 0.12895 0.12941 0.12363 0.12984 0.04844 (10)  0.690 +-  0.511
  81 L   0.09638 0.10322 0.11028 0.11212 0.11016 0.10529 0.09813 0.08906 0.07849 0.07774 0.01912 ( 4)  0.506 +-  0.385
  82 L   0.10730 0.11222 0.11688 0.11584 0.11098 0.10349 0.09414 0.08345 0.07191 0.06982 0.01395 ( 3)  0.477 +-  0.343
  83 T   0.09533 0.10232 0.10959 0.11168 0.10999 0.10539 0.09845 0.08956 0.07913 0.07853 0.02003 ( 4)  0.510 +-  0.399
  84 P   0.01509 0.04364 0.07198 0.09546 0.11277 0.12352 0.12778 0.12584 0.11823 0.12285 0.04284 ( 7)  0.670 +-  0.501
  85 T   0.10620 0.11136 0.11630 0.11556 0.11099 0.10374 0.09457 0.08400 0.07252 0.07052 0.01423 ( 3)  0.479 +-  0.344
  86 V   0.01105 0.03407 0.05926 0.08266 0.10249 0.11761 0.12723 0.13074 0.12778 0.13650 0.07061 (10)  0.771 +-  0.732
  87 D   0.10397 0.10952 0.11496 0.11482 0.11084 0.10412 0.09539 0.08515 0.07386 0.07213 0.01525 ( 3)  0.485 +-  0.353
  88 P   0.12233 0.12397 0.12472 0.11948 0.11076 0.10007 0.08831 0.07607 0.06381 0.06049 0.01001 ( 3)  0.447 +-  0.318
  89 M   0.11578 0.11918 0.12190 0.11859 0.11148 0.10197 0.09098 0.07909 0.06686 0.06376 0.01042 ( 3)  0.456 +-  0.312
  90 G   0.09973 0.10597 0.11228 0.11320 0.11032 0.10462 0.09676 0.08719 0.07633 0.07518 0.01843 ( 4)  0.501 +-  0.403
  91 L   0.10730 0.11222 0.11688 0.11584 0.11098 0.10349 0.09414 0.08345 0.07191 0.06982 0.01395 ( 3)  0.477 +-  0.343
  92 S   0.01275 0.03830 0.06522 0.08912 0.10826 0.12173 0.12904 0.12997 0.12458 0.13114 0.04991 (10)  0.695 +-  0.516
  93 H   0.01239 0.03728 0.06354 0.08696 0.10590 0.11947 0.12717 0.12873 0.12410 0.13135 0.06311 (10)  0.748 +-  0.714
  94 G   0.01169 0.03574 0.06171 0.08547 0.10521 0.11982 0.12861 0.13111 0.12712 0.13493 0.05860 (10)  0.725 +-  0.592
  95 V   0.11009 0.11452 0.11855 0.11677 0.11117 0.10301 0.09311 0.08202 0.07024 0.06781 0.01271 ( 3)  0.470 +-  0.332
  96 T   0.12004 0.12243 0.12396 0.11942 0.11122 0.10086 0.08926 0.07703 0.06467 0.06133 0.00978 ( 3)  0.449 +-  0.312
  97 C   0.11726 0.12028 0.12258 0.11883 0.11135 0.10156 0.09037 0.07838 0.06613 0.06297 0.01030 ( 3)  0.454 +-  0.314
  98 P   0.01250 0.03769 0.06436 0.08819 0.10744 0.12114 0.12878 0.13008 0.12504 0.13191 0.05286 (10)  0.706 +-  0.553
  99 V   0.01447 0.04232 0.07051 0.09435 0.11233 0.12386 0.12884 0.12743 0.12009 0.12491 0.04089 ( 7)  0.664 +-  0.452
 100 P   0.09563 0.10251 0.10964 0.11161 0.10983 0.10517 0.09820 0.08933 0.07893 0.07837 0.02078 ( 4)  0.513 +-  0.419
 101 G   0.09945 0.10572 0.11209 0.11310 0.11031 0.10471 0.09694 0.08744 0.07663 0.07553 0.01808 ( 4)  0.499 +-  0.385
 102 N   0.10440 0.10993 0.11532 0.11509 0.11099 0.10415 0.09529 0.08494 0.07356 0.07172 0.01462 ( 3)  0.483 +-  0.343
 103 S   0.10233 0.10821 0.11404 0.11435 0.11080 0.10446 0.09603 0.08599 0.07481 0.07324 0.01572 ( 4)  0.488 +-  0.354
 104 P   0.01203 0.03644 0.06246 0.08594 0.10517 0.11917 0.12737 0.12941 0.12516 0.13274 0.06412 (10)  0.751 +-  0.709
 105 E   0.10648 0.11163 0.11655 0.11576 0.11111 0.10377 0.09451 0.08386 0.07231 0.07022 0.01379 ( 3)  0.478 +-  0.337
 106 D   0.00063 0.00607 0.01790 0.03545 0.05716 0.08095 0.10433 0.12439 0.13792 0.16036 0.27484 (11)  1.627 +-  1.877
 107 L   0.10730 0.11222 0.11688 0.11584 0.11098 0.10349 0.09414 0.08345 0.07191 0.06982 0.01395 ( 3)  0.477 +-  0.343
 108 G   0.00065 0.00634 0.01868 0.03693 0.05946 0.08405 0.10809 0.12859 0.14221 0.16474 0.25025 (11)  1.500 +-  1.724
 109 Q   0.10644 0.11160 0.11651 0.11573 0.11109 0.10377 0.09452 0.08388 0.07234 0.07027 0.01385 ( 3)  0.478 +-  0.338
 110 P   0.12233 0.12397 0.12472 0.11948 0.11076 0.10007 0.08831 0.07607 0.06381 0.06049 0.01001 ( 3)  0.447 +-  0.318
 111 S   0.11012 0.11454 0.11856 0.11677 0.11116 0.10300 0.09310 0.08200 0.07023 0.06780 0.01273 ( 3)  0.470 +-  0.332
 112 L   0.10730 0.11222 0.11688 0.11584 0.11098 0.10349 0.09414 0.08345 0.07191 0.06982 0.01395 ( 3)  0.477 +-  0.343
 113 P   0.12233 0.12397 0.12472 0.11948 0.11076 0.10007 0.08831 0.07607 0.06381 0.06049 0.01001 ( 3)  0.447 +-  0.318
 114 H   0.11985 0.12235 0.12400 0.11953 0.11137 0.10100 0.08936 0.07707 0.06466 0.06125 0.00954 ( 3)  0.449 +-  0.308
 115 K   0.08870 0.09666 0.10518 0.10890 0.10895 0.10603 0.10057 0.09288 0.08325 0.08367 0.02521 ( 5)  0.535 +-  0.454
 116 L   0.10661 0.11165 0.11645 0.11559 0.11091 0.10359 0.09437 0.08379 0.07232 0.07031 0.01440 ( 3)  0.480 +-  0.350
 117 R   0.01346 0.03992 0.06724 0.09097 0.10951 0.12209 0.12843 0.12847 0.12241 0.12840 0.04910 ( 8)  0.693 +-  0.537
 118 I   0.11240 0.11643 0.11995 0.11756 0.11135 0.10264 0.09227 0.08084 0.06885 0.06612 0.01161 ( 3)  0.464 +-  0.321
 119 K   0.09189 0.09937 0.10729 0.11022 0.10944 0.10570 0.09954 0.09127 0.08126 0.08120 0.02283 ( 4)  0.523 +-  0.432
 120 S   0.12638 0.12735 0.12719 0.12085 0.11104 0.09935 0.08678 0.07393 0.06132 0.05749 0.00833 ( 2)  0.437 +-  0.302
 121 Q   0.00747 0.02449 0.04483 0.06569 0.08544 0.10274 0.11633 0.12496 0.12742 0.14070 0.15992 (11)  1.164 +-  1.499
 122 A   0.11819 0.12083 0.12274 0.11868 0.11100 0.10112 0.08993 0.07802 0.06588 0.06282 0.01079 ( 3)  0.455 +-  0.322
 123 F   0.01254 0.03764 0.06403 0.08746 0.10627 0.11962 0.12704 0.12829 0.12340 0.13038 0.06332 (10)  0.754 +-  0.751
 124 S   0.00072 0.00695 0.02036 0.04003 0.06407 0.09003 0.11505 0.13595 0.14928 0.17146 0.20609 (11)  1.289 +-  1.444
 125 R   0.10030 0.10648 0.11271 0.11353 0.11052 0.10470 0.09672 0.08703 0.07609 0.07483 0.01710 ( 4)  0.495 +-  0.370
 126 V   0.08399 0.09251 0.10178 0.10657 0.10782 0.10610 0.10176 0.09500 0.08606 0.08730 0.03111 ( 5)  0.561 +-  0.537
 127 P   0.09082 0.09847 0.10659 0.10980 0.10929 0.10582 0.09989 0.09180 0.08191 0.08200 0.02360 ( 4)  0.527 +-  0.440
 128 Q   0.00000 0.00011 0.00058 0.00175 0.00397 0.00750 0.01247 0.01870 0.02568 0.03767 0.89159 (11)  4.512 +-  2.583
 129 G   0.08955 0.09739 0.10576 0.10928 0.10911 0.10597 0.10032 0.09246 0.08272 0.08300 0.02445 ( 4)  0.531 +-  0.446
 130 W   0.08941 0.09728 0.10567 0.10924 0.10911 0.10600 0.10038 0.09254 0.08281 0.08312 0.02445 ( 4)  0.531 +-  0.444
 131 E   0.10648 0.11163 0.11655 0.11576 0.11111 0.10377 0.09451 0.08386 0.07231 0.07022 0.01379 ( 3)  0.478 +-  0.337
 132 G   0.09852 0.10498 0.11156 0.11283 0.11029 0.10491 0.09731 0.08792 0.07718 0.07617 0.01833 ( 4)  0.501 +-  0.384
 133 G   0.10507 0.11037 0.11550 0.11504 0.11078 0.10383 0.09493 0.08459 0.07327 0.07147 0.01516 ( 3)  0.484 +-  0.356
 134 Q   0.01206 0.03665 0.06300 0.08686 0.10644 0.12068 0.12897 0.13090 0.12638 0.13372 0.05433 (10)  0.710 +-  0.546
 135 A   0.00003 0.00099 0.00476 0.01290 0.02613 0.04420 0.06579 0.08847 0.10872 0.13795 0.51005 (11)  2.684 +-  2.485
 136 P   0.01277 0.03830 0.06515 0.08894 0.10798 0.12136 0.12864 0.12958 0.12426 0.13089 0.05215 (10)  0.704 +-  0.556
 137 S   0.00005 0.00135 0.00634 0.01672 0.03299 0.05439 0.07896 0.10362 0.12425 0.15333 0.42800 (11)  2.313 +-  2.330

Positively selected sites

	Prob(w>1)  mean w

    71 G      0.758         3.954 +- 2.737
   128 Q      0.892         4.512 +- 2.583
   135 A      0.510         2.684 +- 2.485

