Supplemental results for CODEML (seqf: algn  treef: tree)


dN/dS (w) for site classes (K=2)

p:   0.94319  0.05681
w:   0.02563  1.00000

Naive Empirical Bayes (NEB) probabilities for 2 classes & postmean_w
(amino acids refer to 1st sequence: aotNan_LOC105723390_XM_012461345)

   1 -   0.94319 0.05681 ( 1)  0.081
   2 -   0.94319 0.05681 ( 1)  0.081
   3 -   0.94319 0.05681 ( 1)  0.081
   4 -   0.94319 0.05681 ( 1)  0.081
   5 -   0.94319 0.05681 ( 1)  0.081
   6 -   0.94319 0.05681 ( 1)  0.081
   7 -   0.94319 0.05681 ( 1)  0.081
   8 -   0.94319 0.05681 ( 1)  0.081
   9 -   0.94319 0.05681 ( 1)  0.081
  10 -   0.94319 0.05681 ( 1)  0.081
  11 -   0.94319 0.05681 ( 1)  0.081
  12 -   0.94319 0.05681 ( 1)  0.081
  13 -   0.94319 0.05681 ( 1)  0.081
  14 -   0.94319 0.05681 ( 1)  0.081
  15 -   0.94319 0.05681 ( 1)  0.081
  16 -   0.94319 0.05681 ( 1)  0.081
  17 -   0.94319 0.05681 ( 1)  0.081
  18 -   0.94319 0.05681 ( 1)  0.081
  19 -   0.94319 0.05681 ( 1)  0.081
  20 -   0.94319 0.05681 ( 1)  0.081
  21 -   0.94319 0.05681 ( 1)  0.081
  22 -   0.94319 0.05681 ( 1)  0.081
  23 -   0.94319 0.05681 ( 1)  0.081
  24 -   0.94319 0.05681 ( 1)  0.081
  25 -   0.94319 0.05681 ( 1)  0.081
  26 -   0.94319 0.05681 ( 1)  0.081
  27 -   0.94319 0.05681 ( 1)  0.081
  28 -   0.94319 0.05681 ( 1)  0.081
  29 -   0.94319 0.05681 ( 1)  0.081
  30 -   0.94319 0.05681 ( 1)  0.081
  31 -   0.94319 0.05681 ( 1)  0.081
  32 -   0.94319 0.05681 ( 1)  0.081
  33 -   0.94319 0.05681 ( 1)  0.081
  34 -   0.94319 0.05681 ( 1)  0.081
  35 -   0.94319 0.05681 ( 1)  0.081
  36 -   0.94319 0.05681 ( 1)  0.081
  37 -   0.94319 0.05681 ( 1)  0.081
  38 -   0.94319 0.05681 ( 1)  0.081
  39 -   0.94319 0.05681 ( 1)  0.081
  40 -   0.94319 0.05681 ( 1)  0.081
  41 -   0.94319 0.05681 ( 1)  0.081
  42 -   0.94319 0.05681 ( 1)  0.081
  43 -   0.94319 0.05681 ( 1)  0.081
  44 -   0.94319 0.05681 ( 1)  0.081
  45 -   0.94319 0.05681 ( 1)  0.081
  46 -   0.94319 0.05681 ( 1)  0.081
  47 -   0.94319 0.05681 ( 1)  0.081
  48 -   0.94319 0.05681 ( 1)  0.081
  49 -   0.94319 0.05681 ( 1)  0.081
  50 -   0.94319 0.05681 ( 1)  0.081
  51 -   0.94319 0.05681 ( 1)  0.081
  52 -   0.94319 0.05681 ( 1)  0.081
  53 -   0.94319 0.05681 ( 1)  0.081
  54 -   0.94319 0.05681 ( 1)  0.081
  55 -   0.94319 0.05681 ( 1)  0.081
  56 -   0.94319 0.05681 ( 1)  0.081
  57 -   0.94319 0.05681 ( 1)  0.081
  58 -   0.94319 0.05681 ( 1)  0.081
  59 -   0.94319 0.05681 ( 1)  0.081
  60 -   0.94319 0.05681 ( 1)  0.081
  61 -   0.94319 0.05681 ( 1)  0.081
  62 -   0.94319 0.05681 ( 1)  0.081
  63 -   0.94319 0.05681 ( 1)  0.081
  64 -   0.94319 0.05681 ( 1)  0.081
  65 -   0.94319 0.05681 ( 1)  0.081
  66 -   0.94319 0.05681 ( 1)  0.081
  67 -   0.94319 0.05681 ( 1)  0.081
  68 -   0.94319 0.05681 ( 1)  0.081
  69 -   0.94319 0.05681 ( 1)  0.081
  70 -   0.94319 0.05681 ( 1)  0.081
  71 -   0.94319 0.05681 ( 1)  0.081
  72 -   0.94319 0.05681 ( 1)  0.081
  73 -   0.94319 0.05681 ( 1)  0.081
  74 -   0.94319 0.05681 ( 1)  0.081
  75 -   0.94319 0.05681 ( 1)  0.081
  76 -   0.94319 0.05681 ( 1)  0.081
  77 -   0.94319 0.05681 ( 1)  0.081
  78 -   0.94319 0.05681 ( 1)  0.081
  79 -   0.94319 0.05681 ( 1)  0.081
  80 -   0.94319 0.05681 ( 1)  0.081
  81 -   0.94319 0.05681 ( 1)  0.081
  82 -   0.94319 0.05681 ( 1)  0.081
  83 -   0.94319 0.05681 ( 1)  0.081
  84 -   0.94319 0.05681 ( 1)  0.081
  85 -   0.94319 0.05681 ( 1)  0.081
  86 -   0.94319 0.05681 ( 1)  0.081
  87 -   0.94319 0.05681 ( 1)  0.081
  88 -   0.94319 0.05681 ( 1)  0.081
  89 -   0.94319 0.05681 ( 1)  0.081
  90 -   0.94319 0.05681 ( 1)  0.081
  91 -   0.94319 0.05681 ( 1)  0.081
  92 -   0.94319 0.05681 ( 1)  0.081
  93 -   0.94319 0.05681 ( 1)  0.081
  94 -   0.94319 0.05681 ( 1)  0.081
  95 -   0.94319 0.05681 ( 1)  0.081
  96 -   0.94319 0.05681 ( 1)  0.081
  97 -   0.94319 0.05681 ( 1)  0.081
  98 -   0.94319 0.05681 ( 1)  0.081
  99 -   0.94319 0.05681 ( 1)  0.081
 100 -   0.94319 0.05681 ( 1)  0.081
 101 -   0.94319 0.05681 ( 1)  0.081
 102 -   0.94319 0.05681 ( 1)  0.081
 103 -   0.94319 0.05681 ( 1)  0.081
 104 -   0.94319 0.05681 ( 1)  0.081
 105 -   0.94319 0.05681 ( 1)  0.081
 106 -   0.94319 0.05681 ( 1)  0.081
 107 -   0.94319 0.05681 ( 1)  0.081
 108 -   0.94319 0.05681 ( 1)  0.081
 109 -   0.94319 0.05681 ( 1)  0.081
 110 -   0.94319 0.05681 ( 1)  0.081
 111 -   0.94319 0.05681 ( 1)  0.081
 112 -   0.94319 0.05681 ( 1)  0.081
 113 -   0.94319 0.05681 ( 1)  0.081
 114 -   0.94319 0.05681 ( 1)  0.081
 115 -   0.94319 0.05681 ( 1)  0.081
 116 -   0.94319 0.05681 ( 1)  0.081
 117 -   0.94319 0.05681 ( 1)  0.081
 118 -   0.94319 0.05681 ( 1)  0.081
 119 -   0.94319 0.05681 ( 1)  0.081
 120 -   0.94319 0.05681 ( 1)  0.081
 121 -   0.94319 0.05681 ( 1)  0.081
 122 -   0.94319 0.05681 ( 1)  0.081
 123 -   0.94319 0.05681 ( 1)  0.081
 124 -   0.94319 0.05681 ( 1)  0.081
 125 -   0.94319 0.05681 ( 1)  0.081
 126 -   0.94319 0.05681 ( 1)  0.081
 127 -   0.94319 0.05681 ( 1)  0.081
 128 -   0.94319 0.05681 ( 1)  0.081
 129 -   0.94319 0.05681 ( 1)  0.081
 130 -   0.94319 0.05681 ( 1)  0.081
 131 -   0.94319 0.05681 ( 1)  0.081
 132 -   0.94319 0.05681 ( 1)  0.081
 133 -   0.94319 0.05681 ( 1)  0.081
 134 -   0.94319 0.05681 ( 1)  0.081
 135 -   0.94319 0.05681 ( 1)  0.081
 136 -   0.94319 0.05681 ( 1)  0.081
 137 -   0.94319 0.05681 ( 1)  0.081
 138 -   0.94319 0.05681 ( 1)  0.081
 139 -   0.94319 0.05681 ( 1)  0.081
 140 -   0.94319 0.05681 ( 1)  0.081
 141 -   0.94319 0.05681 ( 1)  0.081
 142 -   0.94319 0.05681 ( 1)  0.081
 143 -   0.94319 0.05681 ( 1)  0.081
 144 -   0.94319 0.05681 ( 1)  0.081
 145 -   0.94319 0.05681 ( 1)  0.081
 146 -   0.94319 0.05681 ( 1)  0.081
 147 -   0.94319 0.05681 ( 1)  0.081
 148 -   0.94319 0.05681 ( 1)  0.081
 149 -   0.94319 0.05681 ( 1)  0.081
 150 -   0.94319 0.05681 ( 1)  0.081
 151 -   0.94319 0.05681 ( 1)  0.081
 152 -   0.94319 0.05681 ( 1)  0.081
 153 -   0.94319 0.05681 ( 1)  0.081
 154 -   0.94319 0.05681 ( 1)  0.081
 155 -   0.94319 0.05681 ( 1)  0.081
 156 -   0.94319 0.05681 ( 1)  0.081
 157 -   0.94319 0.05681 ( 1)  0.081
 158 -   0.94319 0.05681 ( 1)  0.081
 159 -   0.94319 0.05681 ( 1)  0.081
 160 -   0.94319 0.05681 ( 1)  0.081
 161 -   0.94319 0.05681 ( 1)  0.081
 162 -   0.94319 0.05681 ( 1)  0.081
 163 -   0.94319 0.05681 ( 1)  0.081
 164 -   0.94319 0.05681 ( 1)  0.081
 165 -   0.94319 0.05681 ( 1)  0.081
 166 -   0.94319 0.05681 ( 1)  0.081
 167 -   0.94319 0.05681 ( 1)  0.081
 168 -   0.94319 0.05681 ( 1)  0.081
 169 -   0.94319 0.05681 ( 1)  0.081
 170 -   0.94319 0.05681 ( 1)  0.081
 171 -   0.94319 0.05681 ( 1)  0.081
 172 -   0.94319 0.05681 ( 1)  0.081
 173 -   0.94319 0.05681 ( 1)  0.081
 174 -   0.94319 0.05681 ( 1)  0.081
 175 -   0.94319 0.05681 ( 1)  0.081
 176 -   0.94319 0.05681 ( 1)  0.081
 177 -   0.94319 0.05681 ( 1)  0.081
 178 -   0.94319 0.05681 ( 1)  0.081
 179 -   0.94319 0.05681 ( 1)  0.081
 180 -   0.94319 0.05681 ( 1)  0.081
 181 -   0.94319 0.05681 ( 1)  0.081
 182 -   0.94319 0.05681 ( 1)  0.081
 183 -   0.94319 0.05681 ( 1)  0.081
 184 -   0.94319 0.05681 ( 1)  0.081
 185 -   0.94319 0.05681 ( 1)  0.081
 186 -   0.94319 0.05681 ( 1)  0.081
 187 -   0.94319 0.05681 ( 1)  0.081
 188 -   0.94319 0.05681 ( 1)  0.081
 189 -   0.94319 0.05681 ( 1)  0.081
 190 -   0.94319 0.05681 ( 1)  0.081
 191 -   0.94319 0.05681 ( 1)  0.081
 192 -   0.94319 0.05681 ( 1)  0.081
 193 -   0.94319 0.05681 ( 1)  0.081
 194 -   0.94319 0.05681 ( 1)  0.081
 195 -   0.94319 0.05681 ( 1)  0.081
 196 -   0.94319 0.05681 ( 1)  0.081
 197 -   0.94319 0.05681 ( 1)  0.081
 198 -   0.94319 0.05681 ( 1)  0.081
 199 -   0.94319 0.05681 ( 1)  0.081
 200 -   0.94319 0.05681 ( 1)  0.081
 201 -   0.94319 0.05681 ( 1)  0.081
 202 -   0.94319 0.05681 ( 1)  0.081
 203 -   0.94319 0.05681 ( 1)  0.081
 204 -   0.94319 0.05681 ( 1)  0.081
 205 -   0.94319 0.05681 ( 1)  0.081
 206 -   0.94319 0.05681 ( 1)  0.081
 207 -   0.94319 0.05681 ( 1)  0.081
 208 -   0.94319 0.05681 ( 1)  0.081
 209 -   0.94319 0.05681 ( 1)  0.081
 210 -   0.94319 0.05681 ( 1)  0.081
 211 -   0.94319 0.05681 ( 1)  0.081
 212 -   0.94319 0.05681 ( 1)  0.081
 213 -   0.94319 0.05681 ( 1)  0.081
 214 -   0.94319 0.05681 ( 1)  0.081
 215 -   0.94319 0.05681 ( 1)  0.081
 216 -   0.94319 0.05681 ( 1)  0.081
 217 -   0.94319 0.05681 ( 1)  0.081
 218 -   0.94319 0.05681 ( 1)  0.081
 219 -   0.94319 0.05681 ( 1)  0.081
 220 -   0.94319 0.05681 ( 1)  0.081
 221 -   0.94319 0.05681 ( 1)  0.081
 222 -   0.94319 0.05681 ( 1)  0.081
 223 -   0.94319 0.05681 ( 1)  0.081
 224 -   0.94319 0.05681 ( 1)  0.081
 225 -   0.94319 0.05681 ( 1)  0.081
 226 -   0.94319 0.05681 ( 1)  0.081
 227 -   0.94319 0.05681 ( 1)  0.081
 228 -   0.94319 0.05681 ( 1)  0.081
 229 -   0.94319 0.05681 ( 1)  0.081
 230 -   0.94319 0.05681 ( 1)  0.081
 231 -   0.94319 0.05681 ( 1)  0.081
 232 -   0.94319 0.05681 ( 1)  0.081
 233 -   0.94319 0.05681 ( 1)  0.081
 234 -   0.94319 0.05681 ( 1)  0.081
 235 -   0.94319 0.05681 ( 1)  0.081
 236 -   0.94319 0.05681 ( 1)  0.081
 237 -   0.94319 0.05681 ( 1)  0.081
 238 -   0.94319 0.05681 ( 1)  0.081
 239 -   0.94319 0.05681 ( 1)  0.081
 240 -   0.94319 0.05681 ( 1)  0.081
 241 -   0.94319 0.05681 ( 1)  0.081
 242 -   0.94319 0.05681 ( 1)  0.081
 243 -   0.94319 0.05681 ( 1)  0.081
 244 -   0.94319 0.05681 ( 1)  0.081
 245 -   0.94319 0.05681 ( 1)  0.081
 246 -   0.94319 0.05681 ( 1)  0.081
 247 -   0.94319 0.05681 ( 1)  0.081
 248 -   0.94319 0.05681 ( 1)  0.081
 249 -   0.94319 0.05681 ( 1)  0.081
 250 -   0.94319 0.05681 ( 1)  0.081
 251 -   0.94319 0.05681 ( 1)  0.081
 252 -   0.94319 0.05681 ( 1)  0.081
 253 -   0.94319 0.05681 ( 1)  0.081
 254 -   0.94319 0.05681 ( 1)  0.081
 255 -   0.94319 0.05681 ( 1)  0.081
 256 -   0.94319 0.05681 ( 1)  0.081
 257 -   0.94319 0.05681 ( 1)  0.081
 258 -   0.94319 0.05681 ( 1)  0.081
 259 -   0.94319 0.05681 ( 1)  0.081
 260 -   0.94319 0.05681 ( 1)  0.081
 261 -   0.94319 0.05681 ( 1)  0.081
 262 -   0.94319 0.05681 ( 1)  0.081
 263 -   0.94319 0.05681 ( 1)  0.081
 264 -   0.94319 0.05681 ( 1)  0.081
 265 -   0.94319 0.05681 ( 1)  0.081
 266 -   0.94319 0.05681 ( 1)  0.081
 267 -   0.94319 0.05681 ( 1)  0.081
 268 -   0.94319 0.05681 ( 1)  0.081
 269 -   0.94319 0.05681 ( 1)  0.081
 270 M   0.99437 0.00563 ( 1)  0.031
 271 -   0.94319 0.05681 ( 1)  0.081
 272 -   0.94319 0.05681 ( 1)  0.081
 273 -   0.94319 0.05681 ( 1)  0.081
 274 -   0.94319 0.05681 ( 1)  0.081
 275 -   0.94319 0.05681 ( 1)  0.081
 276 -   0.94319 0.05681 ( 1)  0.081
 277 -   0.94319 0.05681 ( 1)  0.081
 278 -   0.94319 0.05681 ( 1)  0.081
 279 -   0.94319 0.05681 ( 1)  0.081
 280 -   0.94319 0.05681 ( 1)  0.081
 281 -   0.94319 0.05681 ( 1)  0.081
 282 -   0.94319 0.05681 ( 1)  0.081
 283 -   0.94319 0.05681 ( 1)  0.081
 284 -   0.94319 0.05681 ( 1)  0.081
 285 -   0.94319 0.05681 ( 1)  0.081
 286 -   0.94319 0.05681 ( 1)  0.081
 287 -   0.94319 0.05681 ( 1)  0.081
 288 -   0.94319 0.05681 ( 1)  0.081
 289 -   0.94319 0.05681 ( 1)  0.081
 290 -   0.94319 0.05681 ( 1)  0.081
 291 -   0.94319 0.05681 ( 1)  0.081
 292 -   0.94319 0.05681 ( 1)  0.081
 293 -   0.94319 0.05681 ( 1)  0.081
 294 -   0.94319 0.05681 ( 1)  0.081
 295 -   0.94319 0.05681 ( 1)  0.081
 296 -   0.94319 0.05681 ( 1)  0.081
 297 -   0.94319 0.05681 ( 1)  0.081
 298 -   0.94319 0.05681 ( 1)  0.081
 299 -   0.94319 0.05681 ( 1)  0.081
 300 -   0.94319 0.05681 ( 1)  0.081
 301 D   0.99571 0.00429 ( 1)  0.030
 302 C   0.97111 0.02889 ( 1)  0.054
 303 S   0.99219 0.00781 ( 1)  0.033
 304 C   0.98801 0.01199 ( 1)  0.037
 305 V   0.82823 0.17177 ( 1)  0.193
 306 S   0.99431 0.00569 ( 1)  0.031
 307 D   0.99330 0.00670 ( 1)  0.032
 308 L   0.97469 0.02531 ( 1)  0.050
 309 L   0.99433 0.00567 ( 1)  0.031
 310 F   0.99309 0.00691 ( 1)  0.032
 311 A   0.80278 0.19722 ( 1)  0.218
 312 P   0.98960 0.01040 ( 1)  0.036
 313 P   0.99339 0.00661 ( 1)  0.032
 314 A   0.99385 0.00615 ( 1)  0.032
 315 L   0.98381 0.01619 ( 1)  0.041
 316 P   0.98960 0.01040 ( 1)  0.036
 317 A   0.97447 0.02553 ( 1)  0.051
 318 L   0.99433 0.00567 ( 1)  0.031
 319 W   0.98022 0.01978 ( 1)  0.045
 320 T   0.99478 0.00522 ( 1)  0.031
 321 P   0.99494 0.00506 ( 1)  0.031
 322 -   0.94319 0.05681 ( 1)  0.081
 323 -   0.94319 0.05681 ( 1)  0.081
 324 -   0.94319 0.05681 ( 1)  0.081
 325 -   0.94319 0.05681 ( 1)  0.081
 326 -   0.94319 0.05681 ( 1)  0.081
 327 -   0.94319 0.05681 ( 1)  0.081
 328 -   0.94319 0.05681 ( 1)  0.081
 329 -   0.94319 0.05681 ( 1)  0.081
 330 -   0.94319 0.05681 ( 1)  0.081
 331 -   0.94319 0.05681 ( 1)  0.081
 332 -   0.94319 0.05681 ( 1)  0.081
 333 -   0.94319 0.05681 ( 1)  0.081
 334 -   0.94319 0.05681 ( 1)  0.081
 335 -   0.94319 0.05681 ( 1)  0.081
 336 -   0.94319 0.05681 ( 1)  0.081
 337 -   0.94319 0.05681 ( 1)  0.081
 338 -   0.94319 0.05681 ( 1)  0.081
 339 -   0.94319 0.05681 ( 1)  0.081
 340 -   0.94319 0.05681 ( 1)  0.081
 341 -   0.94319 0.05681 ( 1)  0.081
 342 -   0.94319 0.05681 ( 1)  0.081
 343 -   0.94319 0.05681 ( 1)  0.081
 344 -   0.94319 0.05681 ( 1)  0.081
 345 -   0.94319 0.05681 ( 1)  0.081
 346 -   0.94319 0.05681 ( 1)  0.081
 347 -   0.94319 0.05681 ( 1)  0.081
 348 -   0.94319 0.05681 ( 1)  0.081
 349 -   0.94319 0.05681 ( 1)  0.081
 350 -   0.94319 0.05681 ( 1)  0.081
 351 -   0.94319 0.05681 ( 1)  0.081
 352 -   0.94319 0.05681 ( 1)  0.081
 353 -   0.94319 0.05681 ( 1)  0.081
 354 -   0.94319 0.05681 ( 1)  0.081
 355 G   0.99193 0.00807 ( 1)  0.034
 356 F   0.97762 0.02238 ( 1)  0.047
 357 A   0.99622 0.00378 ( 1)  0.029
 358 F   0.99558 0.00442 ( 1)  0.030
 359 P   0.99239 0.00761 ( 1)  0.033
 360 D   0.98453 0.01547 ( 1)  0.041
 361 W   0.98420 0.01580 ( 1)  0.041
 362 A   0.99619 0.00381 ( 1)  0.029
 363 Y   0.99256 0.00744 ( 1)  0.033
 364 K   0.99186 0.00814 ( 1)  0.034
 365 P   0.98452 0.01548 ( 1)  0.041
 366 E   0.99275 0.00725 ( 1)  0.033
 367 S   0.98461 0.01539 ( 1)  0.041
 368 S   0.99649 0.00351 ( 1)  0.029
 369 P   0.97931 0.02069 ( 1)  0.046
 370 G   0.99525 0.00475 ( 1)  0.030
 371 S   0.99311 0.00689 ( 1)  0.032
 372 R   0.99084 0.00916 ( 1)  0.035
 373 Q   0.98737 0.01263 ( 1)  0.038
 374 I   0.99612 0.00388 ( 1)  0.029
 375 Q   0.98737 0.01263 ( 1)  0.038
 376 L   0.98953 0.01047 ( 1)  0.036
 377 W   0.98420 0.01580 ( 1)  0.041
 378 H   0.99525 0.00475 ( 1)  0.030
 379 F   0.97762 0.02238 ( 1)  0.047
 380 I   0.99612 0.00388 ( 1)  0.029
 381 L   0.98953 0.01047 ( 1)  0.036
 382 E   0.99275 0.00725 ( 1)  0.033
 383 L   0.98953 0.01047 ( 1)  0.036
 384 L   0.98953 0.01047 ( 1)  0.036
 385 Q   0.98737 0.01263 ( 1)  0.038
 386 K   0.99186 0.00814 ( 1)  0.034
 387 E   0.99204 0.00796 ( 1)  0.033
 388 E   0.99275 0.00725 ( 1)  0.033
 389 Y   0.99431 0.00569 ( 1)  0.031
 390 Q   0.98737 0.01263 ( 1)  0.038
 391 G   0.99099 0.00901 ( 1)  0.034
 392 V   0.99641 0.00359 ( 1)  0.029
 393 I   0.99238 0.00762 ( 1)  0.033
 394 A   0.99583 0.00417 ( 1)  0.030
 395 W   0.98420 0.01580 ( 1)  0.041
 396 Q   0.98737 0.01263 ( 1)  0.038
 397 G   0.99109 0.00891 ( 1)  0.034
 398 D   0.99571 0.00429 ( 1)  0.030
 399 Y   0.98948 0.01052 ( 1)  0.036
 400 G   0.98949 0.01051 ( 1)  0.036
 401 E   0.97135 0.02865 ( 1)  0.054
 402 F   0.99414 0.00586 ( 1)  0.031
 403 V   0.99684 0.00316 ( 1)  0.029
 404 I   0.99612 0.00388 ( 1)  0.029
 405 K   0.98743 0.01257 ( 1)  0.038
 406 D   0.99571 0.00429 ( 1)  0.030
 407 P   0.98710 0.01290 ( 1)  0.038
 408 D   0.99127 0.00873 ( 1)  0.034
 409 E   0.99275 0.00725 ( 1)  0.033
 410 V   0.99416 0.00584 ( 1)  0.031
 411 A   0.99622 0.00378 ( 1)  0.029
 412 R   0.98977 0.01023 ( 1)  0.036
 413 L   0.99331 0.00669 ( 1)  0.032
 414 W   0.98420 0.01580 ( 1)  0.041
 415 G   0.99449 0.00551 ( 1)  0.031
 416 I   0.98912 0.01088 ( 1)  0.036
 417 R   0.99478 0.00522 ( 1)  0.031
 418 K   0.98174 0.01826 ( 1)  0.043
 419 C   0.99412 0.00588 ( 1)  0.031
 420 K   0.99186 0.00814 ( 1)  0.034
 421 P   0.99576 0.00424 ( 1)  0.030
 422 H   0.99525 0.00475 ( 1)  0.030
 423 M   0.99437 0.00563 ( 1)  0.031
 424 N   0.98018 0.01982 ( 1)  0.045
 425 Y   0.99431 0.00569 ( 1)  0.031
 426 D   0.99571 0.00429 ( 1)  0.030
 427 K   0.99082 0.00918 ( 1)  0.035
 428 L   0.98953 0.01047 ( 1)  0.036
 429 S   0.99487 0.00513 ( 1)  0.031
 430 R   0.99073 0.00927 ( 1)  0.035
 431 A   0.99622 0.00378 ( 1)  0.029
 432 L   0.98953 0.01047 ( 1)  0.036
 433 R   0.97542 0.02458 ( 1)  0.050
 434 Y   0.99431 0.00569 ( 1)  0.031
 435 Y   0.99431 0.00569 ( 1)  0.031
 436 Y   0.99256 0.00744 ( 1)  0.033
 437 N   0.99531 0.00469 ( 1)  0.030
 438 K   0.99141 0.00859 ( 1)  0.034
 439 R   0.99073 0.00927 ( 1)  0.035
 440 I   0.97853 0.02147 ( 1)  0.047
 441 L   0.99631 0.00369 ( 1)  0.029
 442 H   0.99484 0.00516 ( 1)  0.031
 443 K   0.99186 0.00814 ( 1)  0.034
 444 T   0.99683 0.00317 ( 1)  0.029
 445 K   0.96847 0.03153 ( 1)  0.056
 446 G   0.99222 0.00778 ( 1)  0.033
 447 K   0.99186 0.00814 ( 1)  0.034
 448 R   0.99084 0.00916 ( 1)  0.035
 449 F   0.99558 0.00442 ( 1)  0.030
 450 T   0.99683 0.00317 ( 1)  0.029
 451 Y   0.99431 0.00569 ( 1)  0.031
 452 K   0.99186 0.00814 ( 1)  0.034
 453 F   0.99558 0.00442 ( 1)  0.030
 454 N   0.99531 0.00469 ( 1)  0.030
 455 F   0.99490 0.00510 ( 1)  0.031
 456 S   0.99487 0.00513 ( 1)  0.031
 457 K   0.96847 0.03153 ( 1)  0.056
 458 V   0.99468 0.00532 ( 1)  0.031
 459 V   0.99416 0.00584 ( 1)  0.031
 460 L   0.97901 0.02099 ( 1)  0.046
 461 V   0.99641 0.00359 ( 1)  0.029
 462 N   0.97744 0.02256 ( 1)  0.048
 463 Y   0.99407 0.00593 ( 1)  0.031
 464 P   0.99183 0.00817 ( 1)  0.034
 465 L   0.98953 0.01047 ( 1)  0.036
 466 L   0.98889 0.01111 ( 1)  0.036
 467 D   0.99130 0.00870 ( 1)  0.034
 468 V   0.80003 0.19997 ( 1)  0.220
 469 A   0.99335 0.00665 ( 1)  0.032
 470 A   0.96859 0.03141 ( 1)  0.056
 471 A   0.97846 0.02154 ( 1)  0.047
 472 A   0.99594 0.00406 ( 1)  0.030
 473 A   0.69410 0.30590 ( 1)  0.324
 474 G   0.99455 0.00545 ( 1)  0.031
 475 S   0.99649 0.00351 ( 1)  0.029
 476 P   0.96691 0.03309 ( 1)  0.058
 477 L   0.85380 0.14620 ( 1)  0.168
 478 L   0.97986 0.02014 ( 1)  0.045
 479 L   0.98953 0.01047 ( 1)  0.036
 480 T   0.99683 0.00317 ( 1)  0.029
 481 P   0.99576 0.00424 ( 1)  0.030
 482 S   0.97930 0.02070 ( 1)  0.046
 483 P   0.99400 0.00600 ( 1)  0.031
 484 F   0.98451 0.01549 ( 1)  0.041
 485 A   0.00082 0.99918 ( 2)  0.999
 486 G   0.99193 0.00807 ( 1)  0.034
 487 A   0.99583 0.00417 ( 1)  0.030
 488 P   0.97218 0.02782 ( 1)  0.053
 489 G   0.99193 0.00807 ( 1)  0.034
 490 P   0.96691 0.03309 ( 1)  0.058
 491 D   0.58462 0.41538 ( 1)  0.430
 492 A   0.97846 0.02154 ( 1)  0.047
 493 P   0.52342 0.47658 ( 1)  0.490
 494 P   0.99443 0.00557 ( 1)  0.031
 495 L   0.99650 0.00350 ( 1)  0.029
 496 T   0.99683 0.00317 ( 1)  0.029
 497 P   0.97751 0.02249 ( 1)  0.048
 498 E   0.99275 0.00725 ( 1)  0.033
 499 -   0.94319 0.05681 ( 1)  0.081
 500 -   0.94319 0.05681 ( 1)  0.081
 501 -   0.94319 0.05681 ( 1)  0.081
 502 -   0.94319 0.05681 ( 1)  0.081
 503 -   0.94319 0.05681 ( 1)  0.081
 504 -   0.94319 0.05681 ( 1)  0.081
 505 -   0.94319 0.05681 ( 1)  0.081
 506 -   0.94319 0.05681 ( 1)  0.081
 507 -   0.94319 0.05681 ( 1)  0.081
 508 -   0.94319 0.05681 ( 1)  0.081
 509 -   0.94319 0.05681 ( 1)  0.081
 510 -   0.94319 0.05681 ( 1)  0.081
 511 -   0.94319 0.05681 ( 1)  0.081
 512 -   0.94319 0.05681 ( 1)  0.081
 513 -   0.94319 0.05681 ( 1)  0.081
 514 -   0.94319 0.05681 ( 1)  0.081
 515 -   0.94319 0.05681 ( 1)  0.081
 516 -   0.94319 0.05681 ( 1)  0.081
 517 -   0.94319 0.05681 ( 1)  0.081
 518 -   0.94319 0.05681 ( 1)  0.081
 519 -   0.94319 0.05681 ( 1)  0.081
 520 -   0.94319 0.05681 ( 1)  0.081
 521 -   0.94319 0.05681 ( 1)  0.081
 522 -   0.94319 0.05681 ( 1)  0.081
 523 -   0.94319 0.05681 ( 1)  0.081
 524 -   0.94319 0.05681 ( 1)  0.081
 525 -   0.94319 0.05681 ( 1)  0.081
 526 -   0.94319 0.05681 ( 1)  0.081
 527 -   0.94319 0.05681 ( 1)  0.081
 528 -   0.94319 0.05681 ( 1)  0.081
 529 -   0.94319 0.05681 ( 1)  0.081
 530 -   0.94319 0.05681 ( 1)  0.081
 531 -   0.94319 0.05681 ( 1)  0.081
 532 -   0.94319 0.05681 ( 1)  0.081
 533 -   0.94319 0.05681 ( 1)  0.081
 534 -   0.94319 0.05681 ( 1)  0.081
 535 -   0.94319 0.05681 ( 1)  0.081
 536 -   0.94319 0.05681 ( 1)  0.081
 537 -   0.94319 0.05681 ( 1)  0.081
 538 -   0.94319 0.05681 ( 1)  0.081
 539 -   0.94319 0.05681 ( 1)  0.081
 540 -   0.94319 0.05681 ( 1)  0.081
 541 -   0.94319 0.05681 ( 1)  0.081
 542 -   0.94319 0.05681 ( 1)  0.081
 543 -   0.94319 0.05681 ( 1)  0.081
 544 -   0.94319 0.05681 ( 1)  0.081
 545 -   0.94319 0.05681 ( 1)  0.081
 546 -   0.94319 0.05681 ( 1)  0.081
 547 -   0.94319 0.05681 ( 1)  0.081
 548 -   0.94319 0.05681 ( 1)  0.081
 549 -   0.94319 0.05681 ( 1)  0.081
 550 -   0.94319 0.05681 ( 1)  0.081
 551 -   0.94319 0.05681 ( 1)  0.081
 552 -   0.94319 0.05681 ( 1)  0.081
 553 -   0.94319 0.05681 ( 1)  0.081
 554 -   0.94319 0.05681 ( 1)  0.081
 555 -   0.94319 0.05681 ( 1)  0.081
 556 -   0.94319 0.05681 ( 1)  0.081
 557 -   0.94319 0.05681 ( 1)  0.081
 558 -   0.94319 0.05681 ( 1)  0.081
 559 -   0.94319 0.05681 ( 1)  0.081
 560 -   0.94319 0.05681 ( 1)  0.081
 561 -   0.94319 0.05681 ( 1)  0.081
 562 -   0.94319 0.05681 ( 1)  0.081
 563 -   0.94319 0.05681 ( 1)  0.081
 564 -   0.94319 0.05681 ( 1)  0.081
 565 -   0.94319 0.05681 ( 1)  0.081
 566 -   0.94319 0.05681 ( 1)  0.081
 567 -   0.94319 0.05681 ( 1)  0.081
 568 -   0.94319 0.05681 ( 1)  0.081
 569 -   0.94319 0.05681 ( 1)  0.081
 570 -   0.94319 0.05681 ( 1)  0.081
 571 -   0.94319 0.05681 ( 1)  0.081
 572 -   0.94319 0.05681 ( 1)  0.081
 573 -   0.94319 0.05681 ( 1)  0.081
 574 -   0.94319 0.05681 ( 1)  0.081
 575 -   0.94319 0.05681 ( 1)  0.081
 576 -   0.94319 0.05681 ( 1)  0.081
 577 -   0.94319 0.05681 ( 1)  0.081
 578 -   0.94319 0.05681 ( 1)  0.081
 579 -   0.94319 0.05681 ( 1)  0.081
 580 -   0.94319 0.05681 ( 1)  0.081
 581 -   0.94319 0.05681 ( 1)  0.081
 582 -   0.94319 0.05681 ( 1)  0.081
 583 -   0.94319 0.05681 ( 1)  0.081
 584 -   0.94319 0.05681 ( 1)  0.081
 585 -   0.94319 0.05681 ( 1)  0.081
 586 -   0.94319 0.05681 ( 1)  0.081
 587 -   0.94319 0.05681 ( 1)  0.081
 588 -   0.94319 0.05681 ( 1)  0.081
 589 -   0.94319 0.05681 ( 1)  0.081
 590 -   0.94319 0.05681 ( 1)  0.081
 591 -   0.94319 0.05681 ( 1)  0.081
 592 -   0.94319 0.05681 ( 1)  0.081
 593 -   0.94319 0.05681 ( 1)  0.081
 594 -   0.94319 0.05681 ( 1)  0.081
 595 -   0.94319 0.05681 ( 1)  0.081
 596 -   0.94319 0.05681 ( 1)  0.081
 597 -   0.94319 0.05681 ( 1)  0.081
 598 -   0.94319 0.05681 ( 1)  0.081
 599 T   0.99683 0.00317 ( 1)  0.029
 600 L   0.98698 0.01302 ( 1)  0.038
 601 Q   0.98264 0.01736 ( 1)  0.043
 602 T   0.99625 0.00375 ( 1)  0.029
 603 L   0.98910 0.01090 ( 1)  0.036
 604 F   0.99531 0.00469 ( 1)  0.030
 605 S   0.97803 0.02197 ( 1)  0.047
 606 A   0.99509 0.00491 ( 1)  0.030
 607 P   0.96650 0.03350 ( 1)  0.058
 608 R   0.99400 0.00600 ( 1)  0.031
 609 L   0.98910 0.01090 ( 1)  0.036
 610 G   0.96491 0.03509 ( 1)  0.060
 611 E   0.99239 0.00761 ( 1)  0.033
 612 P   0.97468 0.02532 ( 1)  0.050
 613 G   0.99155 0.00845 ( 1)  0.034
 614 A   0.85905 0.14095 ( 1)  0.163
 615 R   0.99013 0.00987 ( 1)  0.035
 616 T   0.97521 0.02479 ( 1)  0.050
 617 P   0.83699 0.16301 ( 1)  0.184
 618 L   0.98903 0.01097 ( 1)  0.036
 619 F   0.99458 0.00542 ( 1)  0.031
 620 T   0.00331 0.99669 ( 2)  0.997
 621 S   0.69280 0.30720 ( 1)  0.325
 622 E   0.99239 0.00761 ( 1)  0.033
 623 T   0.98637 0.01363 ( 1)  0.039
 624 D   0.98858 0.01142 ( 1)  0.037
 625 K   0.96804 0.03196 ( 1)  0.057
 626 P   0.66062 0.33938 ( 1)  0.356
 627 R   0.97423 0.02577 ( 1)  0.051
 628 L   0.98792 0.01208 ( 1)  0.037
 629 D   0.99544 0.00456 ( 1)  0.030
 630 S   0.99422 0.00578 ( 1)  0.031
 631 P   0.51743 0.48257 ( 1)  0.496
 632 F   0.99531 0.00469 ( 1)  0.030
 633 P   0.98701 0.01299 ( 1)  0.038
 634 F   0.99531 0.00469 ( 1)  0.030
 635 L   0.98910 0.01090 ( 1)  0.036
 636 G   0.83387 0.16613 ( 1)  0.188
 637 S   0.97803 0.02197 ( 1)  0.047
 638 G   0.97575 0.02425 ( 1)  0.049
 639 A   0.99597 0.00403 ( 1)  0.030
 640 T   0.15200 0.84800 ( 2)  0.852
 641 G   0.81353 0.18647 ( 1)  0.207
 642 Y   0.98029 0.01971 ( 1)  0.045
 643 S   0.99626 0.00374 ( 1)  0.029
 644 K   0.99149 0.00851 ( 1)  0.034
 645 P   0.99548 0.00452 ( 1)  0.030
 646 P   0.57349 0.42651 ( 1)  0.441
 647 G   0.99496 0.00504 ( 1)  0.031
 648 L   0.98910 0.01090 ( 1)  0.036
 649 L   0.98910 0.01090 ( 1)  0.036
 650 G   0.97575 0.02425 ( 1)  0.049
 651 P   0.97702 0.02298 ( 1)  0.048
 652 Y   0.98029 0.01971 ( 1)  0.045
 653 G   0.99422 0.00578 ( 1)  0.031
 654 R   0.99448 0.00552 ( 1)  0.031
 655 A   0.99597 0.00403 ( 1)  0.030
 656 F   0.99531 0.00469 ( 1)  0.030
 657 P   0.97702 0.02298 ( 1)  0.048
 658 E   0.99239 0.00761 ( 1)  0.033
 659 Y   0.99400 0.00600 ( 1)  0.031
 660 P   0.99548 0.00452 ( 1)  0.030
 661 W   0.98372 0.01628 ( 1)  0.041
 662 N   0.99503 0.00497 ( 1)  0.030
 663 F   0.97714 0.02286 ( 1)  0.048
 664 N   0.99503 0.00497 ( 1)  0.030
 665 P   0.98756 0.01244 ( 1)  0.038
 666 Y   0.99400 0.00600 ( 1)  0.031
 667 L   0.99500 0.00500 ( 1)  0.031
 668 T   0.99251 0.00749 ( 1)  0.033
 669 G   0.99422 0.00578 ( 1)  0.031
 670 P   0.99548 0.00452 ( 1)  0.030
 671 F   0.99531 0.00469 ( 1)  0.030
 672 P   0.99548 0.00452 ( 1)  0.030
 673 K   0.99149 0.00851 ( 1)  0.034
 674 L   0.98910 0.01090 ( 1)  0.036
 675 P   0.98601 0.01399 ( 1)  0.039
 676 P   0.99124 0.00876 ( 1)  0.034
 677 S   0.97803 0.02197 ( 1)  0.047
 678 L   0.99537 0.00463 ( 1)  0.030
 679 Y   0.99391 0.00609 ( 1)  0.032
 680 P   0.99500 0.00500 ( 1)  0.031
 681 P   0.98071 0.01929 ( 1)  0.044
 682 H   0.99205 0.00795 ( 1)  0.033
 683 F   0.99531 0.00469 ( 1)  0.030
 684 Y   0.99232 0.00768 ( 1)  0.033
 685 P   0.99473 0.00527 ( 1)  0.031
 686 N   0.99503 0.00497 ( 1)  0.030
 687 P   0.97850 0.02150 ( 1)  0.047
 688 L   0.98875 0.01125 ( 1)  0.037
 689 A   0.99622 0.00378 ( 1)  0.029
 690 S   0.03464 0.96536 ( 2)  0.966
 691 S   0.99649 0.00351 ( 1)  0.029
 692 L   0.98875 0.01125 ( 1)  0.037
 693 G   0.82684 0.17316 ( 1)  0.194
 694 H   0.99427 0.00573 ( 1)  0.031
 695 L   0.98910 0.01090 ( 1)  0.036
 696 P   0.99548 0.00452 ( 1)  0.030
 697 S   0.98797 0.01203 ( 1)  0.037
 698 A   0.42996 0.57004 ( 2)  0.581
 699 G   0.99155 0.00845 ( 1)  0.034
 700 A   0.96732 0.03268 ( 1)  0.057
 701 G   0.73548 0.26452 ( 1)  0.283
 702 G   0.96491 0.03509 ( 1)  0.060
 703 G   0.99496 0.00504 ( 1)  0.031
 704 P   0.99548 0.00452 ( 1)  0.030
 705 T   0.96802 0.03198 ( 1)  0.057
 706 A   0.99536 0.00464 ( 1)  0.030
 707 M   0.00000 1.00000 ( 2)  1.000
 708 P   0.99548 0.00452 ( 1)  0.030
 709 L   0.98910 0.01090 ( 1)  0.036
 710 L   0.98756 0.01244 ( 1)  0.038
 711 A   0.99196 0.00804 ( 1)  0.033
 712 S   0.73287 0.26713 ( 1)  0.286
 713 T   0.97038 0.02962 ( 1)  0.054
 714 G   0.99155 0.00845 ( 1)  0.034
 715 E   0.99239 0.00761 ( 1)  0.033
 716 S   0.08243 0.91757 ( 2)  0.920
 717 L   0.98910 0.01090 ( 1)  0.036
 718 G   0.83393 0.16607 ( 1)  0.187
 719 P   0.99178 0.00822 ( 1)  0.034
 720 E   0.99239 0.00761 ( 1)  0.033
 721 R   0.99003 0.00997 ( 1)  0.035
 722 P   0.99483 0.00517 ( 1)  0.031
 723 S   0.03020 0.96980 ( 2)  0.971
 724 G   0.99496 0.00504 ( 1)  0.031
 725 L   0.98910 0.01090 ( 1)  0.036
 726 A   0.96968 0.03032 ( 1)  0.055
 727 A   0.99201 0.00799 ( 1)  0.033
 728 A   0.99597 0.00403 ( 1)  0.030
 729 P   0.99190 0.00810 ( 1)  0.034
 730 R   0.99395 0.00605 ( 1)  0.032
 731 L   0.98792 0.01208 ( 1)  0.037
 732 A   0.97886 0.02114 ( 1)  0.046
 733 L   0.98853 0.01147 ( 1)  0.037
 734 P   0.98692 0.01308 ( 1)  0.038
 735 G   0.99155 0.00845 ( 1)  0.034
 736 A   0.02812 0.97188 ( 2)  0.973
 737 G   0.99155 0.00845 ( 1)  0.034
 738 G   0.97754 0.02246 ( 1)  0.048
 739 P   0.00061 0.99939 ( 2)  0.999
 740 E   0.99239 0.00761 ( 1)  0.033
 741 A   0.97946 0.02054 ( 1)  0.046
 742 A   0.83245 0.16755 ( 1)  0.189
 743 L   0.98378 0.01622 ( 1)  0.041
 744 G   0.97575 0.02425 ( 1)  0.049
 745 G   0.99099 0.00901 ( 1)  0.034
 746 K   0.99149 0.00851 ( 1)  0.034
 747 E   0.99239 0.00761 ( 1)  0.033
 748 D   0.99544 0.00456 ( 1)  0.030
 749 S   0.99458 0.00542 ( 1)  0.031
 750 D   0.99544 0.00456 ( 1)  0.030
 751 S   0.99234 0.00766 ( 1)  0.033
 752 E   0.99239 0.00761 ( 1)  0.033
 753 L   0.98898 0.01102 ( 1)  0.036
 754 E   0.99239 0.00761 ( 1)  0.033
 755 I   0.99472 0.00528 ( 1)  0.031
 756 T   0.99661 0.00339 ( 1)  0.029
 757 D   0.99537 0.00463 ( 1)  0.030
 758 V   0.99662 0.00338 ( 1)  0.029
 759 S   0.99298 0.00702 ( 1)  0.032
 760 G   0.99496 0.00504 ( 1)  0.031
 761 C   0.99380 0.00620 ( 1)  0.032
 762 S   0.99458 0.00542 ( 1)  0.031
 763 S   0.97803 0.02197 ( 1)  0.047
 764 D   0.99544 0.00456 ( 1)  0.030
 765 S   0.98619 0.01381 ( 1)  0.039
 766 E   0.99239 0.00761 ( 1)  0.033
 767 G   0.99422 0.00578 ( 1)  0.031
 768 D   0.98028 0.01972 ( 1)  0.045
 769 E   0.99239 0.00761 ( 1)  0.033
 770 G   0.74622 0.25378 ( 1)  0.273
 771 L   0.99594 0.00406 ( 1)  0.030
 772 P   0.05881 0.94119 ( 2)  0.943
 773 V   0.76977 0.23023 ( 1)  0.250
 774 P   0.99548 0.00452 ( 1)  0.030
 775 P   0.99548 0.00452 ( 1)  0.030
 776 K   0.99149 0.00851 ( 1)  0.034
 777 A   0.98622 0.01378 ( 1)  0.039
 778 K   0.99149 0.00851 ( 1)  0.034
 779 A   0.99049 0.00951 ( 1)  0.035
 780 G   0.99496 0.00504 ( 1)  0.031
 781 K   0.96804 0.03196 ( 1)  0.057
 782 G   0.99155 0.00845 ( 1)  0.034
 783 G   0.99099 0.00901 ( 1)  0.034
 784 T   0.08675 0.91325 ( 2)  0.915
 785 G   0.99409 0.00591 ( 1)  0.031
 786 S   0.99487 0.00513 ( 1)  0.031
 787 -   0.94319 0.05681 ( 1)  0.081
 788 -   0.94319 0.05681 ( 1)  0.081
 789 -   0.94319 0.05681 ( 1)  0.081
 790 -   0.94319 0.05681 ( 1)  0.081
 791 -   0.94319 0.05681 ( 1)  0.081
 792 -   0.94319 0.05681 ( 1)  0.081
 793 -   0.94319 0.05681 ( 1)  0.081
 794 -   0.94319 0.05681 ( 1)  0.081
 795 -   0.94319 0.05681 ( 1)  0.081
 796 -   0.94319 0.05681 ( 1)  0.081
 797 -   0.94319 0.05681 ( 1)  0.081
 798 -   0.94319 0.05681 ( 1)  0.081
 799 -   0.94319 0.05681 ( 1)  0.081
 800 -   0.94319 0.05681 ( 1)  0.081
 801 -   0.94319 0.05681 ( 1)  0.081
 802 -   0.94319 0.05681 ( 1)  0.081
 803 -   0.94319 0.05681 ( 1)  0.081
 804 -   0.94319 0.05681 ( 1)  0.081
 805 -   0.94319 0.05681 ( 1)  0.081
 806 -   0.94319 0.05681 ( 1)  0.081
 807 -   0.94319 0.05681 ( 1)  0.081
 808 -   0.94319 0.05681 ( 1)  0.081
 809 -   0.94319 0.05681 ( 1)  0.081
 810 -   0.94319 0.05681 ( 1)  0.081
 811 -   0.94319 0.05681 ( 1)  0.081
 812 -   0.94319 0.05681 ( 1)  0.081
 813 -   0.94319 0.05681 ( 1)  0.081
 814 -   0.94319 0.05681 ( 1)  0.081
 815 -   0.94319 0.05681 ( 1)  0.081
 816 -   0.94319 0.05681 ( 1)  0.081
 817 -   0.94319 0.05681 ( 1)  0.081
 818 -   0.94319 0.05681 ( 1)  0.081
 819 -   0.94319 0.05681 ( 1)  0.081
 820 -   0.94319 0.05681 ( 1)  0.081
 821 -   0.94319 0.05681 ( 1)  0.081
 822 -   0.94319 0.05681 ( 1)  0.081
 823 -   0.94319 0.05681 ( 1)  0.081
 824 -   0.94319 0.05681 ( 1)  0.081
 825 -   0.94319 0.05681 ( 1)  0.081
 826 -   0.94319 0.05681 ( 1)  0.081
 827 -   0.94319 0.05681 ( 1)  0.081
 828 -   0.94319 0.05681 ( 1)  0.081
 829 -   0.94319 0.05681 ( 1)  0.081
 830 -   0.94319 0.05681 ( 1)  0.081
 831 -   0.94319 0.05681 ( 1)  0.081
 832 -   0.94319 0.05681 ( 1)  0.081
 833 -   0.94319 0.05681 ( 1)  0.081
 834 -   0.94319 0.05681 ( 1)  0.081
 835 -   0.94319 0.05681 ( 1)  0.081
 836 -   0.94319 0.05681 ( 1)  0.081
 837 -   0.94319 0.05681 ( 1)  0.081
 838 -   0.94319 0.05681 ( 1)  0.081
 839 -   0.94319 0.05681 ( 1)  0.081
 840 -   0.94319 0.05681 ( 1)  0.081
 841 -   0.94319 0.05681 ( 1)  0.081
 842 -   0.94319 0.05681 ( 1)  0.081
 843 -   0.94319 0.05681 ( 1)  0.081
 844 -   0.94319 0.05681 ( 1)  0.081
 845 -   0.94319 0.05681 ( 1)  0.081
 846 -   0.94319 0.05681 ( 1)  0.081
 847 -   0.94319 0.05681 ( 1)  0.081
 848 -   0.94319 0.05681 ( 1)  0.081
 849 -   0.94319 0.05681 ( 1)  0.081
 850 -   0.94319 0.05681 ( 1)  0.081
 851 -   0.94319 0.05681 ( 1)  0.081
 852 -   0.94319 0.05681 ( 1)  0.081
 853 -   0.94319 0.05681 ( 1)  0.081
 854 -   0.94319 0.05681 ( 1)  0.081
 855 -   0.94319 0.05681 ( 1)  0.081
 856 -   0.94319 0.05681 ( 1)  0.081
 857 -   0.94319 0.05681 ( 1)  0.081
 858 -   0.94319 0.05681 ( 1)  0.081
 859 -   0.94319 0.05681 ( 1)  0.081
 860 -   0.94319 0.05681 ( 1)  0.081
 861 -   0.94319 0.05681 ( 1)  0.081
 862 -   0.94319 0.05681 ( 1)  0.081
 863 -   0.94319 0.05681 ( 1)  0.081
 864 -   0.94319 0.05681 ( 1)  0.081
 865 -   0.94319 0.05681 ( 1)  0.081
 866 -   0.94319 0.05681 ( 1)  0.081
 867 -   0.94319 0.05681 ( 1)  0.081
 868 -   0.94319 0.05681 ( 1)  0.081
 869 -   0.94319 0.05681 ( 1)  0.081
 870 -   0.94319 0.05681 ( 1)  0.081
 871 -   0.94319 0.05681 ( 1)  0.081
 872 -   0.94319 0.05681 ( 1)  0.081
 873 -   0.94319 0.05681 ( 1)  0.081
 874 -   0.94319 0.05681 ( 1)  0.081
 875 -   0.94319 0.05681 ( 1)  0.081
 876 -   0.94319 0.05681 ( 1)  0.081
 877 -   0.94319 0.05681 ( 1)  0.081
 878 -   0.94319 0.05681 ( 1)  0.081
 879 -   0.94319 0.05681 ( 1)  0.081
 880 -   0.94319 0.05681 ( 1)  0.081
 881 -   0.94319 0.05681 ( 1)  0.081
 882 -   0.94319 0.05681 ( 1)  0.081
 883 -   0.94319 0.05681 ( 1)  0.081
 884 -   0.94319 0.05681 ( 1)  0.081
 885 -   0.94319 0.05681 ( 1)  0.081
 886 -   0.94319 0.05681 ( 1)  0.081
 887 -   0.94319 0.05681 ( 1)  0.081
 888 -   0.94319 0.05681 ( 1)  0.081
 889 -   0.94319 0.05681 ( 1)  0.081
 890 -   0.94319 0.05681 ( 1)  0.081
 891 -   0.94319 0.05681 ( 1)  0.081
 892 -   0.94319 0.05681 ( 1)  0.081
 893 -   0.94319 0.05681 ( 1)  0.081
 894 -   0.94319 0.05681 ( 1)  0.081
 895 -   0.94319 0.05681 ( 1)  0.081
 896 -   0.94319 0.05681 ( 1)  0.081
 897 -   0.94319 0.05681 ( 1)  0.081
 898 -   0.94319 0.05681 ( 1)  0.081
 899 -   0.94319 0.05681 ( 1)  0.081
 900 -   0.94319 0.05681 ( 1)  0.081
 901 -   0.94319 0.05681 ( 1)  0.081
 902 -   0.94319 0.05681 ( 1)  0.081
 903 -   0.94319 0.05681 ( 1)  0.081
 904 -   0.94319 0.05681 ( 1)  0.081
 905 -   0.94319 0.05681 ( 1)  0.081
 906 -   0.94319 0.05681 ( 1)  0.081
 907 -   0.94319 0.05681 ( 1)  0.081
 908 -   0.94319 0.05681 ( 1)  0.081
 909 -   0.94319 0.05681 ( 1)  0.081
 910 -   0.94319 0.05681 ( 1)  0.081
 911 -   0.94319 0.05681 ( 1)  0.081
 912 -   0.94319 0.05681 ( 1)  0.081
 913 -   0.94319 0.05681 ( 1)  0.081
 914 -   0.94319 0.05681 ( 1)  0.081
 915 -   0.94319 0.05681 ( 1)  0.081
 916 -   0.94319 0.05681 ( 1)  0.081
 917 -   0.94319 0.05681 ( 1)  0.081
 918 -   0.94319 0.05681 ( 1)  0.081
 919 -   0.94319 0.05681 ( 1)  0.081
 920 -   0.94319 0.05681 ( 1)  0.081
 921 -   0.94319 0.05681 ( 1)  0.081
 922 -   0.94319 0.05681 ( 1)  0.081
 923 -   0.94319 0.05681 ( 1)  0.081
 924 -   0.94319 0.05681 ( 1)  0.081
 925 -   0.94319 0.05681 ( 1)  0.081
 926 -   0.94319 0.05681 ( 1)  0.081
 927 -   0.94319 0.05681 ( 1)  0.081
 928 -   0.94319 0.05681 ( 1)  0.081
 929 -   0.94319 0.05681 ( 1)  0.081
 930 -   0.94319 0.05681 ( 1)  0.081
 931 -   0.94319 0.05681 ( 1)  0.081
 932 -   0.94319 0.05681 ( 1)  0.081
 933 -   0.94319 0.05681 ( 1)  0.081
 934 -   0.94319 0.05681 ( 1)  0.081
 935 -   0.94319 0.05681 ( 1)  0.081
 936 -   0.94319 0.05681 ( 1)  0.081
 937 -   0.94319 0.05681 ( 1)  0.081
 938 -   0.94319 0.05681 ( 1)  0.081
 939 -   0.94319 0.05681 ( 1)  0.081
 940 -   0.94319 0.05681 ( 1)  0.081
 941 -   0.94319 0.05681 ( 1)  0.081
 942 -   0.94319 0.05681 ( 1)  0.081
 943 -   0.94319 0.05681 ( 1)  0.081
 944 -   0.94319 0.05681 ( 1)  0.081
 945 -   0.94319 0.05681 ( 1)  0.081
 946 -   0.94319 0.05681 ( 1)  0.081
 947 -   0.94319 0.05681 ( 1)  0.081
 948 -   0.94319 0.05681 ( 1)  0.081
 949 -   0.94319 0.05681 ( 1)  0.081
 950 -   0.94319 0.05681 ( 1)  0.081
 951 -   0.94319 0.05681 ( 1)  0.081
 952 -   0.94319 0.05681 ( 1)  0.081
 953 -   0.94319 0.05681 ( 1)  0.081
 954 -   0.94319 0.05681 ( 1)  0.081
 955 -   0.94319 0.05681 ( 1)  0.081
 956 -   0.94319 0.05681 ( 1)  0.081
 957 -   0.94319 0.05681 ( 1)  0.081
 958 -   0.94319 0.05681 ( 1)  0.081
 959 -   0.94319 0.05681 ( 1)  0.081
 960 -   0.94319 0.05681 ( 1)  0.081
 961 -   0.94319 0.05681 ( 1)  0.081
 962 -   0.94319 0.05681 ( 1)  0.081
 963 -   0.94319 0.05681 ( 1)  0.081
 964 -   0.94319 0.05681 ( 1)  0.081
 965 -   0.94319 0.05681 ( 1)  0.081
 966 -   0.94319 0.05681 ( 1)  0.081
 967 -   0.94319 0.05681 ( 1)  0.081
 968 -   0.94319 0.05681 ( 1)  0.081
 969 -   0.94319 0.05681 ( 1)  0.081
 970 -   0.94319 0.05681 ( 1)  0.081
 971 -   0.94319 0.05681 ( 1)  0.081
 972 -   0.94319 0.05681 ( 1)  0.081
 973 -   0.94319 0.05681 ( 1)  0.081
 974 -   0.94319 0.05681 ( 1)  0.081
 975 -   0.94319 0.05681 ( 1)  0.081
 976 -   0.94319 0.05681 ( 1)  0.081
 977 -   0.94319 0.05681 ( 1)  0.081
 978 -   0.94319 0.05681 ( 1)  0.081
 979 -   0.94319 0.05681 ( 1)  0.081
 980 -   0.94319 0.05681 ( 1)  0.081
 981 -   0.94319 0.05681 ( 1)  0.081
 982 -   0.94319 0.05681 ( 1)  0.081
 983 -   0.94319 0.05681 ( 1)  0.081
 984 -   0.94319 0.05681 ( 1)  0.081
 985 -   0.94319 0.05681 ( 1)  0.081
 986 -   0.94319 0.05681 ( 1)  0.081
 987 -   0.94319 0.05681 ( 1)  0.081
 988 -   0.94319 0.05681 ( 1)  0.081
 989 -   0.94319 0.05681 ( 1)  0.081
 990 -   0.94319 0.05681 ( 1)  0.081
 991 -   0.94319 0.05681 ( 1)  0.081
 992 -   0.94319 0.05681 ( 1)  0.081
 993 -   0.94319 0.05681 ( 1)  0.081
 994 -   0.94319 0.05681 ( 1)  0.081
 995 -   0.94319 0.05681 ( 1)  0.081
 996 -   0.94319 0.05681 ( 1)  0.081
 997 -   0.94319 0.05681 ( 1)  0.081
 998 -   0.94319 0.05681 ( 1)  0.081
 999 -   0.94319 0.05681 ( 1)  0.081
1000 -   0.94319 0.05681 ( 1)  0.081
1001 -   0.94319 0.05681 ( 1)  0.081
1002 -   0.94319 0.05681 ( 1)  0.081
1003 -   0.94319 0.05681 ( 1)  0.081
1004 -   0.94319 0.05681 ( 1)  0.081
1005 -   0.94319 0.05681 ( 1)  0.081
1006 -   0.94319 0.05681 ( 1)  0.081
1007 -   0.94319 0.05681 ( 1)  0.081
1008 -   0.94319 0.05681 ( 1)  0.081
1009 -   0.94319 0.05681 ( 1)  0.081
1010 -   0.94319 0.05681 ( 1)  0.081
1011 -   0.94319 0.05681 ( 1)  0.081
1012 -   0.94319 0.05681 ( 1)  0.081
1013 -   0.94319 0.05681 ( 1)  0.081
1014 -   0.94319 0.05681 ( 1)  0.081
1015 -   0.94319 0.05681 ( 1)  0.081
1016 -   0.94319 0.05681 ( 1)  0.081


lnL = -3982.909074

