Supplemental results for CODEML (seqf: algn  treef: tree)


dN/dS (w) for site classes (K=2)

p:   0.98036  0.01964
w:   0.00803  1.00000

Naive Empirical Bayes (NEB) probabilities for 2 classes & postmean_w
(amino acids refer to 1st sequence: aotNan_LOC105723390_XM_012461345)

   1 -   0.98036 0.01964 ( 1)  0.028
   2 -   0.98036 0.01964 ( 1)  0.028
   3 -   0.98036 0.01964 ( 1)  0.028
   4 -   0.98036 0.01964 ( 1)  0.028
   5 -   0.98036 0.01964 ( 1)  0.028
   6 -   0.98036 0.01964 ( 1)  0.028
   7 -   0.98036 0.01964 ( 1)  0.028
   8 -   0.98036 0.01964 ( 1)  0.028
   9 -   0.98036 0.01964 ( 1)  0.028
  10 -   0.98036 0.01964 ( 1)  0.028
  11 -   0.98036 0.01964 ( 1)  0.028
  12 -   0.98036 0.01964 ( 1)  0.028
  13 -   0.98036 0.01964 ( 1)  0.028
  14 -   0.98036 0.01964 ( 1)  0.028
  15 -   0.98036 0.01964 ( 1)  0.028
  16 -   0.98036 0.01964 ( 1)  0.028
  17 -   0.98036 0.01964 ( 1)  0.028
  18 -   0.98036 0.01964 ( 1)  0.028
  19 -   0.98036 0.01964 ( 1)  0.028
  20 -   0.98036 0.01964 ( 1)  0.028
  21 -   0.98036 0.01964 ( 1)  0.028
  22 -   0.98036 0.01964 ( 1)  0.028
  23 -   0.98036 0.01964 ( 1)  0.028
  24 -   0.98036 0.01964 ( 1)  0.028
  25 -   0.98036 0.01964 ( 1)  0.028
  26 -   0.98036 0.01964 ( 1)  0.028
  27 -   0.98036 0.01964 ( 1)  0.028
  28 -   0.98036 0.01964 ( 1)  0.028
  29 -   0.98036 0.01964 ( 1)  0.028
  30 -   0.98036 0.01964 ( 1)  0.028
  31 -   0.98036 0.01964 ( 1)  0.028
  32 -   0.98036 0.01964 ( 1)  0.028
  33 -   0.98036 0.01964 ( 1)  0.028
  34 -   0.98036 0.01964 ( 1)  0.028
  35 -   0.98036 0.01964 ( 1)  0.028
  36 -   0.98036 0.01964 ( 1)  0.028
  37 -   0.98036 0.01964 ( 1)  0.028
  38 -   0.98036 0.01964 ( 1)  0.028
  39 -   0.98036 0.01964 ( 1)  0.028
  40 -   0.98036 0.01964 ( 1)  0.028
  41 -   0.98036 0.01964 ( 1)  0.028
  42 -   0.98036 0.01964 ( 1)  0.028
  43 -   0.98036 0.01964 ( 1)  0.028
  44 -   0.98036 0.01964 ( 1)  0.028
  45 -   0.98036 0.01964 ( 1)  0.028
  46 -   0.98036 0.01964 ( 1)  0.028
  47 -   0.98036 0.01964 ( 1)  0.028
  48 -   0.98036 0.01964 ( 1)  0.028
  49 -   0.98036 0.01964 ( 1)  0.028
  50 -   0.98036 0.01964 ( 1)  0.028
  51 -   0.98036 0.01964 ( 1)  0.028
  52 -   0.98036 0.01964 ( 1)  0.028
  53 -   0.98036 0.01964 ( 1)  0.028
  54 -   0.98036 0.01964 ( 1)  0.028
  55 -   0.98036 0.01964 ( 1)  0.028
  56 -   0.98036 0.01964 ( 1)  0.028
  57 -   0.98036 0.01964 ( 1)  0.028
  58 -   0.98036 0.01964 ( 1)  0.028
  59 -   0.98036 0.01964 ( 1)  0.028
  60 -   0.98036 0.01964 ( 1)  0.028
  61 -   0.98036 0.01964 ( 1)  0.028
  62 -   0.98036 0.01964 ( 1)  0.028
  63 -   0.98036 0.01964 ( 1)  0.028
  64 -   0.98036 0.01964 ( 1)  0.028
  65 -   0.98036 0.01964 ( 1)  0.028
  66 -   0.98036 0.01964 ( 1)  0.028
  67 -   0.98036 0.01964 ( 1)  0.028
  68 -   0.98036 0.01964 ( 1)  0.028
  69 -   0.98036 0.01964 ( 1)  0.028
  70 -   0.98036 0.01964 ( 1)  0.028
  71 -   0.98036 0.01964 ( 1)  0.028
  72 -   0.98036 0.01964 ( 1)  0.028
  73 -   0.98036 0.01964 ( 1)  0.028
  74 -   0.98036 0.01964 ( 1)  0.028
  75 -   0.98036 0.01964 ( 1)  0.028
  76 -   0.98036 0.01964 ( 1)  0.028
  77 -   0.98036 0.01964 ( 1)  0.028
  78 -   0.98036 0.01964 ( 1)  0.028
  79 -   0.98036 0.01964 ( 1)  0.028
  80 -   0.98036 0.01964 ( 1)  0.028
  81 -   0.98036 0.01964 ( 1)  0.028
  82 -   0.98036 0.01964 ( 1)  0.028
  83 -   0.98036 0.01964 ( 1)  0.028
  84 -   0.98036 0.01964 ( 1)  0.028
  85 -   0.98036 0.01964 ( 1)  0.028
  86 -   0.98036 0.01964 ( 1)  0.028
  87 -   0.98036 0.01964 ( 1)  0.028
  88 -   0.98036 0.01964 ( 1)  0.028
  89 -   0.98036 0.01964 ( 1)  0.028
  90 -   0.98036 0.01964 ( 1)  0.028
  91 -   0.98036 0.01964 ( 1)  0.028
  92 -   0.98036 0.01964 ( 1)  0.028
  93 -   0.98036 0.01964 ( 1)  0.028
  94 -   0.98036 0.01964 ( 1)  0.028
  95 -   0.98036 0.01964 ( 1)  0.028
  96 -   0.98036 0.01964 ( 1)  0.028
  97 -   0.98036 0.01964 ( 1)  0.028
  98 -   0.98036 0.01964 ( 1)  0.028
  99 -   0.98036 0.01964 ( 1)  0.028
 100 -   0.98036 0.01964 ( 1)  0.028
 101 -   0.98036 0.01964 ( 1)  0.028
 102 -   0.98036 0.01964 ( 1)  0.028
 103 -   0.98036 0.01964 ( 1)  0.028
 104 -   0.98036 0.01964 ( 1)  0.028
 105 -   0.98036 0.01964 ( 1)  0.028
 106 -   0.98036 0.01964 ( 1)  0.028
 107 -   0.98036 0.01964 ( 1)  0.028
 108 -   0.98036 0.01964 ( 1)  0.028
 109 -   0.98036 0.01964 ( 1)  0.028
 110 -   0.98036 0.01964 ( 1)  0.028
 111 -   0.98036 0.01964 ( 1)  0.028
 112 -   0.98036 0.01964 ( 1)  0.028
 113 -   0.98036 0.01964 ( 1)  0.028
 114 -   0.98036 0.01964 ( 1)  0.028
 115 -   0.98036 0.01964 ( 1)  0.028
 116 -   0.98036 0.01964 ( 1)  0.028
 117 -   0.98036 0.01964 ( 1)  0.028
 118 -   0.98036 0.01964 ( 1)  0.028
 119 -   0.98036 0.01964 ( 1)  0.028
 120 -   0.98036 0.01964 ( 1)  0.028
 121 -   0.98036 0.01964 ( 1)  0.028
 122 -   0.98036 0.01964 ( 1)  0.028
 123 -   0.98036 0.01964 ( 1)  0.028
 124 -   0.98036 0.01964 ( 1)  0.028
 125 -   0.98036 0.01964 ( 1)  0.028
 126 -   0.98036 0.01964 ( 1)  0.028
 127 -   0.98036 0.01964 ( 1)  0.028
 128 -   0.98036 0.01964 ( 1)  0.028
 129 -   0.98036 0.01964 ( 1)  0.028
 130 -   0.98036 0.01964 ( 1)  0.028
 131 -   0.98036 0.01964 ( 1)  0.028
 132 -   0.98036 0.01964 ( 1)  0.028
 133 -   0.98036 0.01964 ( 1)  0.028
 134 -   0.98036 0.01964 ( 1)  0.028
 135 -   0.98036 0.01964 ( 1)  0.028
 136 -   0.98036 0.01964 ( 1)  0.028
 137 -   0.98036 0.01964 ( 1)  0.028
 138 -   0.98036 0.01964 ( 1)  0.028
 139 -   0.98036 0.01964 ( 1)  0.028
 140 -   0.98036 0.01964 ( 1)  0.028
 141 -   0.98036 0.01964 ( 1)  0.028
 142 -   0.98036 0.01964 ( 1)  0.028
 143 -   0.98036 0.01964 ( 1)  0.028
 144 -   0.98036 0.01964 ( 1)  0.028
 145 -   0.98036 0.01964 ( 1)  0.028
 146 -   0.98036 0.01964 ( 1)  0.028
 147 -   0.98036 0.01964 ( 1)  0.028
 148 -   0.98036 0.01964 ( 1)  0.028
 149 -   0.98036 0.01964 ( 1)  0.028
 150 -   0.98036 0.01964 ( 1)  0.028
 151 -   0.98036 0.01964 ( 1)  0.028
 152 -   0.98036 0.01964 ( 1)  0.028
 153 -   0.98036 0.01964 ( 1)  0.028
 154 -   0.98036 0.01964 ( 1)  0.028
 155 -   0.98036 0.01964 ( 1)  0.028
 156 -   0.98036 0.01964 ( 1)  0.028
 157 -   0.98036 0.01964 ( 1)  0.028
 158 -   0.98036 0.01964 ( 1)  0.028
 159 -   0.98036 0.01964 ( 1)  0.028
 160 -   0.98036 0.01964 ( 1)  0.028
 161 -   0.98036 0.01964 ( 1)  0.028
 162 -   0.98036 0.01964 ( 1)  0.028
 163 -   0.98036 0.01964 ( 1)  0.028
 164 -   0.98036 0.01964 ( 1)  0.028
 165 -   0.98036 0.01964 ( 1)  0.028
 166 -   0.98036 0.01964 ( 1)  0.028
 167 -   0.98036 0.01964 ( 1)  0.028
 168 -   0.98036 0.01964 ( 1)  0.028
 169 -   0.98036 0.01964 ( 1)  0.028
 170 -   0.98036 0.01964 ( 1)  0.028
 171 -   0.98036 0.01964 ( 1)  0.028
 172 -   0.98036 0.01964 ( 1)  0.028
 173 -   0.98036 0.01964 ( 1)  0.028
 174 -   0.98036 0.01964 ( 1)  0.028
 175 -   0.98036 0.01964 ( 1)  0.028
 176 -   0.98036 0.01964 ( 1)  0.028
 177 -   0.98036 0.01964 ( 1)  0.028
 178 -   0.98036 0.01964 ( 1)  0.028
 179 -   0.98036 0.01964 ( 1)  0.028
 180 -   0.98036 0.01964 ( 1)  0.028
 181 -   0.98596 0.01404 ( 1)  0.022
 182 -   0.98036 0.01964 ( 1)  0.028
 183 -   0.98036 0.01964 ( 1)  0.028
 184 -   0.98036 0.01964 ( 1)  0.028
 185 -   0.98036 0.01964 ( 1)  0.028
 186 -   0.98036 0.01964 ( 1)  0.028
 187 -   0.98036 0.01964 ( 1)  0.028
 188 -   0.98036 0.01964 ( 1)  0.028
 189 -   0.98036 0.01964 ( 1)  0.028
 190 -   0.98036 0.01964 ( 1)  0.028
 191 -   0.98036 0.01964 ( 1)  0.028
 192 -   0.98036 0.01964 ( 1)  0.028
 193 -   0.98036 0.01964 ( 1)  0.028
 194 -   0.98036 0.01964 ( 1)  0.028
 195 -   0.98036 0.01964 ( 1)  0.028
 196 -   0.98036 0.01964 ( 1)  0.028
 197 -   0.98036 0.01964 ( 1)  0.028
 198 -   0.98036 0.01964 ( 1)  0.028
 199 -   0.98036 0.01964 ( 1)  0.028
 200 -   0.98036 0.01964 ( 1)  0.028
 201 -   0.98036 0.01964 ( 1)  0.028
 202 -   0.98036 0.01964 ( 1)  0.028
 203 -   0.98036 0.01964 ( 1)  0.028
 204 -   0.98036 0.01964 ( 1)  0.028
 205 -   0.98036 0.01964 ( 1)  0.028
 206 -   0.98036 0.01964 ( 1)  0.028
 207 -   0.98036 0.01964 ( 1)  0.028
 208 -   0.98036 0.01964 ( 1)  0.028
 209 -   0.98036 0.01964 ( 1)  0.028
 210 -   0.98036 0.01964 ( 1)  0.028
 211 -   0.98036 0.01964 ( 1)  0.028
 212 -   0.98036 0.01964 ( 1)  0.028
 213 -   0.98036 0.01964 ( 1)  0.028
 214 -   0.98036 0.01964 ( 1)  0.028
 215 -   0.98036 0.01964 ( 1)  0.028
 216 -   0.98036 0.01964 ( 1)  0.028
 217 -   0.98036 0.01964 ( 1)  0.028
 218 -   0.98036 0.01964 ( 1)  0.028
 219 -   0.98036 0.01964 ( 1)  0.028
 220 -   0.98036 0.01964 ( 1)  0.028
 221 -   0.98036 0.01964 ( 1)  0.028
 222 -   0.98036 0.01964 ( 1)  0.028
 223 -   0.98036 0.01964 ( 1)  0.028
 224 -   0.98036 0.01964 ( 1)  0.028
 225 -   0.98036 0.01964 ( 1)  0.028
 226 -   0.98036 0.01964 ( 1)  0.028
 227 -   0.98036 0.01964 ( 1)  0.028
 228 -   0.98036 0.01964 ( 1)  0.028
 229 -   0.98036 0.01964 ( 1)  0.028
 230 -   0.98036 0.01964 ( 1)  0.028
 231 -   0.98036 0.01964 ( 1)  0.028
 232 -   0.98036 0.01964 ( 1)  0.028
 233 -   0.98036 0.01964 ( 1)  0.028
 234 -   0.98142 0.01858 ( 1)  0.026
 235 -   0.98609 0.01391 ( 1)  0.022
 236 -   0.98601 0.01399 ( 1)  0.022
 237 -   0.36619 0.63381 ( 2)  0.637
 238 -   0.98590 0.01410 ( 1)  0.022
 239 -   0.98535 0.01465 ( 1)  0.023
 240 -   0.98654 0.01346 ( 1)  0.021
 241 -   0.98653 0.01347 ( 1)  0.021
 242 -   0.98590 0.01410 ( 1)  0.022
 243 -   0.33853 0.66147 ( 2)  0.664
 244 -   0.98357 0.01643 ( 1)  0.024
 245 -   0.98218 0.01782 ( 1)  0.026
 246 -   0.98674 0.01326 ( 1)  0.021
 247 -   0.98357 0.01643 ( 1)  0.024
 248 -   0.98251 0.01749 ( 1)  0.025
 249 -   0.98357 0.01643 ( 1)  0.024
 250 -   0.98210 0.01790 ( 1)  0.026
 251 -   0.98578 0.01422 ( 1)  0.022
 252 -   0.98357 0.01643 ( 1)  0.024
 253 -   0.98584 0.01416 ( 1)  0.022
 254 -   0.98578 0.01422 ( 1)  0.022
 255 -   0.98535 0.01465 ( 1)  0.023
 256 -   0.98570 0.01430 ( 1)  0.022
 257 -   0.98556 0.01444 ( 1)  0.022
 258 -   0.98251 0.01749 ( 1)  0.025
 259 -   0.98585 0.01415 ( 1)  0.022
 260 -   0.29701 0.70299 ( 2)  0.705
 261 -   0.98584 0.01416 ( 1)  0.022
 262 -   0.98654 0.01346 ( 1)  0.021
 263 -   0.98578 0.01422 ( 1)  0.022
 264 -   0.98641 0.01359 ( 1)  0.022
 265 -   0.98586 0.01414 ( 1)  0.022
 266 -   0.98590 0.01410 ( 1)  0.022
 267 -   0.98654 0.01346 ( 1)  0.021
 268 -   0.98570 0.01430 ( 1)  0.022
 269 -   0.98590 0.01410 ( 1)  0.022
 270 M   0.99896 0.00104 ( 1)  0.009
 271 -   0.98036 0.01964 ( 1)  0.028
 272 -   0.98036 0.01964 ( 1)  0.028
 273 -   0.98036 0.01964 ( 1)  0.028
 274 -   0.98036 0.01964 ( 1)  0.028
 275 -   0.98036 0.01964 ( 1)  0.028
 276 -   0.98036 0.01964 ( 1)  0.028
 277 -   0.98036 0.01964 ( 1)  0.028
 278 -   0.98036 0.01964 ( 1)  0.028
 279 -   0.98036 0.01964 ( 1)  0.028
 280 -   0.98036 0.01964 ( 1)  0.028
 281 -   0.98036 0.01964 ( 1)  0.028
 282 -   0.98036 0.01964 ( 1)  0.028
 283 -   0.98036 0.01964 ( 1)  0.028
 284 -   0.98036 0.01964 ( 1)  0.028
 285 -   0.98036 0.01964 ( 1)  0.028
 286 -   0.98036 0.01964 ( 1)  0.028
 287 -   0.98036 0.01964 ( 1)  0.028
 288 -   0.98036 0.01964 ( 1)  0.028
 289 -   0.98036 0.01964 ( 1)  0.028
 290 -   0.98036 0.01964 ( 1)  0.028
 291 -   0.98036 0.01964 ( 1)  0.028
 292 -   0.98036 0.01964 ( 1)  0.028
 293 -   0.98036 0.01964 ( 1)  0.028
 294 -   0.98036 0.01964 ( 1)  0.028
 295 -   0.98036 0.01964 ( 1)  0.028
 296 -   0.98036 0.01964 ( 1)  0.028
 297 -   0.98036 0.01964 ( 1)  0.028
 298 -   0.98036 0.01964 ( 1)  0.028
 299 -   0.98036 0.01964 ( 1)  0.028
 300 -   0.98036 0.01964 ( 1)  0.028
 301 D   0.99940 0.00060 ( 1)  0.009
 302 C   0.99150 0.00850 ( 1)  0.016
 303 S   0.99880 0.00120 ( 1)  0.009
 304 C   0.99790 0.00210 ( 1)  0.010
 305 V   0.82208 0.17792 ( 1)  0.185
 306 S   0.99811 0.00189 ( 1)  0.010
 307 D   0.99897 0.00103 ( 1)  0.009
 308 L   0.99021 0.00979 ( 1)  0.018
 309 L   0.99823 0.00177 ( 1)  0.010
 310 F   0.99844 0.00156 ( 1)  0.010
 311 A   0.82505 0.17495 ( 1)  0.182
 312 P   0.99775 0.00225 ( 1)  0.010
 313 P   0.99826 0.00174 ( 1)  0.010
 314 A   0.99823 0.00177 ( 1)  0.010
 315 L   0.99448 0.00552 ( 1)  0.014
 316 P   0.99775 0.00225 ( 1)  0.010
 317 A   0.99030 0.00970 ( 1)  0.018
 318 L   0.99823 0.00177 ( 1)  0.010
 319 W   0.99498 0.00502 ( 1)  0.013
 320 T   0.99819 0.00181 ( 1)  0.010
 321 P   0.99861 0.00139 ( 1)  0.009
 322 -   0.98036 0.01964 ( 1)  0.028
 323 -   0.98036 0.01964 ( 1)  0.028
 324 -   0.98036 0.01964 ( 1)  0.028
 325 -   0.98036 0.01964 ( 1)  0.028
 326 -   0.98036 0.01964 ( 1)  0.028
 327 -   0.98036 0.01964 ( 1)  0.028
 328 -   0.98036 0.01964 ( 1)  0.028
 329 -   0.98036 0.01964 ( 1)  0.028
 330 -   0.98036 0.01964 ( 1)  0.028
 331 -   0.98036 0.01964 ( 1)  0.028
 332 -   0.98036 0.01964 ( 1)  0.028
 333 -   0.98036 0.01964 ( 1)  0.028
 334 -   0.98036 0.01964 ( 1)  0.028
 335 -   0.98036 0.01964 ( 1)  0.028
 336 -   0.98036 0.01964 ( 1)  0.028
 337 -   0.98036 0.01964 ( 1)  0.028
 338 -   0.98036 0.01964 ( 1)  0.028
 339 -   0.98036 0.01964 ( 1)  0.028
 340 -   0.98036 0.01964 ( 1)  0.028
 341 -   0.98036 0.01964 ( 1)  0.028
 342 -   0.98036 0.01964 ( 1)  0.028
 343 -   0.98036 0.01964 ( 1)  0.028
 344 -   0.98036 0.01964 ( 1)  0.028
 345 -   0.98036 0.01964 ( 1)  0.028
 346 -   0.98036 0.01964 ( 1)  0.028
 347 -   0.98036 0.01964 ( 1)  0.028
 348 -   0.98036 0.01964 ( 1)  0.028
 349 -   0.98036 0.01964 ( 1)  0.028
 350 -   0.98036 0.01964 ( 1)  0.028
 351 -   0.98036 0.01964 ( 1)  0.028
 352 -   0.98036 0.01964 ( 1)  0.028
 353 -   0.98036 0.01964 ( 1)  0.028
 354 -   0.98036 0.01964 ( 1)  0.028
 355 G   0.99899 0.00101 ( 1)  0.009
 356 F   0.99247 0.00753 ( 1)  0.016
 357 A   0.99893 0.00107 ( 1)  0.009
 358 F   0.99902 0.00098 ( 1)  0.009
 359 P   0.99835 0.00165 ( 1)  0.010
 360 D   0.99598 0.00402 ( 1)  0.012
 361 W   0.99610 0.00390 ( 1)  0.012
 362 A   0.99891 0.00109 ( 1)  0.009
 363 Y   0.99897 0.00103 ( 1)  0.009
 364 K   0.99911 0.00089 ( 1)  0.009
 365 P   0.99307 0.00693 ( 1)  0.015
 366 E   0.99907 0.00093 ( 1)  0.009
 367 S   0.99666 0.00334 ( 1)  0.011
 368 S   0.99877 0.00123 ( 1)  0.009
 369 P   0.99204 0.00796 ( 1)  0.016
 370 G   0.99929 0.00071 ( 1)  0.009
 371 S   0.99801 0.00199 ( 1)  0.010
 372 R   0.99889 0.00111 ( 1)  0.009
 373 Q   0.99702 0.00298 ( 1)  0.011
 374 I   0.99898 0.00102 ( 1)  0.009
 375 Q   0.99702 0.00298 ( 1)  0.011
 376 L   0.99587 0.00413 ( 1)  0.012
 377 W   0.99610 0.00390 ( 1)  0.012
 378 H   0.99936 0.00064 ( 1)  0.009
 379 F   0.99247 0.00753 ( 1)  0.016
 380 I   0.99904 0.00096 ( 1)  0.009
 381 L   0.99587 0.00413 ( 1)  0.012
 382 E   0.99907 0.00093 ( 1)  0.009
 383 L   0.99587 0.00413 ( 1)  0.012
 384 L   0.99587 0.00413 ( 1)  0.012
 385 Q   0.99702 0.00298 ( 1)  0.011
 386 K   0.99911 0.00089 ( 1)  0.009
 387 E   0.99889 0.00111 ( 1)  0.009
 388 E   0.99907 0.00093 ( 1)  0.009
 389 Y   0.99929 0.00071 ( 1)  0.009
 390 Q   0.99702 0.00298 ( 1)  0.011
 391 G   0.99842 0.00158 ( 1)  0.010
 392 V   0.99878 0.00122 ( 1)  0.009
 393 I   0.99792 0.00208 ( 1)  0.010
 394 A   0.99882 0.00118 ( 1)  0.009
 395 W   0.99610 0.00390 ( 1)  0.012
 396 Q   0.99702 0.00298 ( 1)  0.011
 397 G   0.99885 0.00115 ( 1)  0.009
 398 D   0.99940 0.00060 ( 1)  0.009
 399 Y   0.99876 0.00124 ( 1)  0.009
 400 G   0.99851 0.00149 ( 1)  0.010
 401 E   0.99066 0.00934 ( 1)  0.017
 402 F   0.99877 0.00123 ( 1)  0.009
 403 V   0.99891 0.00109 ( 1)  0.009
 404 I   0.99904 0.00096 ( 1)  0.009
 405 K   0.99812 0.00188 ( 1)  0.010
 406 D   0.99940 0.00060 ( 1)  0.009
 407 P   0.99497 0.00503 ( 1)  0.013
 408 D   0.99834 0.00166 ( 1)  0.010
 409 E   0.99907 0.00093 ( 1)  0.009
 410 V   0.99852 0.00148 ( 1)  0.010
 411 A   0.99893 0.00107 ( 1)  0.009
 412 R   0.99867 0.00133 ( 1)  0.009
 413 L   0.99747 0.00253 ( 1)  0.011
 414 W   0.99610 0.00390 ( 1)  0.012
 415 G   0.99909 0.00091 ( 1)  0.009
 416 I   0.99651 0.00349 ( 1)  0.011
 417 R   0.99926 0.00074 ( 1)  0.009
 418 K   0.99598 0.00402 ( 1)  0.012
 419 C   0.99922 0.00078 ( 1)  0.009
 420 K   0.99911 0.00089 ( 1)  0.009
 421 P   0.99888 0.00112 ( 1)  0.009
 422 H   0.99936 0.00064 ( 1)  0.009
 423 M   0.99896 0.00104 ( 1)  0.009
 424 N   0.99487 0.00513 ( 1)  0.013
 425 Y   0.99923 0.00077 ( 1)  0.009
 426 D   0.99940 0.00060 ( 1)  0.009
 427 K   0.99893 0.00107 ( 1)  0.009
 428 L   0.99587 0.00413 ( 1)  0.012
 429 S   0.99928 0.00072 ( 1)  0.009
 430 R   0.99884 0.00116 ( 1)  0.009
 431 A   0.99893 0.00107 ( 1)  0.009
 432 L   0.99587 0.00413 ( 1)  0.012
 433 R   0.99238 0.00762 ( 1)  0.016
 434 Y   0.99929 0.00071 ( 1)  0.009
 435 Y   0.99929 0.00071 ( 1)  0.009
 436 Y   0.99869 0.00131 ( 1)  0.009
 437 N   0.99943 0.00057 ( 1)  0.009
 438 K   0.99899 0.00101 ( 1)  0.009
 439 R   0.99884 0.00116 ( 1)  0.009
 440 I   0.99245 0.00755 ( 1)  0.016
 441 L   0.99860 0.00140 ( 1)  0.009
 442 H   0.99928 0.00072 ( 1)  0.009
 443 K   0.99911 0.00089 ( 1)  0.009
 444 T   0.99883 0.00117 ( 1)  0.009
 445 K   0.99030 0.00970 ( 1)  0.018
 446 G   0.99901 0.00099 ( 1)  0.009
 447 K   0.99911 0.00089 ( 1)  0.009
 448 R   0.99889 0.00111 ( 1)  0.009
 449 F   0.99902 0.00098 ( 1)  0.009
 450 T   0.99883 0.00117 ( 1)  0.009
 451 Y   0.99929 0.00071 ( 1)  0.009
 452 K   0.99911 0.00089 ( 1)  0.009
 453 F   0.99902 0.00098 ( 1)  0.009
 454 N   0.99943 0.00057 ( 1)  0.009
 455 F   0.99824 0.00176 ( 1)  0.010


lnL = -2222.969184

