Supplemental results for CODEML (seqf: algn  treef: tree)


dN/dS (w) for site classes (K=4)

p:   0.25000  0.25000  0.25000  0.25000
w:   0.00000  0.00000  0.00000  0.06607

Naive Empirical Bayes (NEB) probabilities for 4 classes & postmean_w
(amino acids refer to 1st sequence: aotNan_LOC105723390_XM_012461345)

   1 -   0.25000 0.25000 0.25000 0.25000 ( 1)  0.017
   2 -   0.25000 0.25000 0.25000 0.25000 ( 1)  0.017
   3 -   0.25000 0.25000 0.25000 0.25000 ( 1)  0.017
   4 -   0.25000 0.25000 0.25000 0.25000 ( 1)  0.017
   5 -   0.25000 0.25000 0.25000 0.25000 ( 1)  0.017
   6 -   0.25000 0.25000 0.25000 0.25000 ( 1)  0.017
   7 -   0.25000 0.25000 0.25000 0.25000 ( 1)  0.017
   8 -   0.25000 0.25000 0.25000 0.25000 ( 1)  0.017
   9 -   0.25000 0.25000 0.25000 0.25000 ( 1)  0.017
  10 -   0.25000 0.25000 0.25000 0.25000 ( 1)  0.017
  11 -   0.25000 0.25000 0.25000 0.25000 ( 1)  0.017
  12 -   0.25000 0.25000 0.25000 0.25000 ( 1)  0.017
  13 -   0.25000 0.25000 0.25000 0.25000 ( 1)  0.017
  14 -   0.25000 0.25000 0.25000 0.25000 ( 1)  0.017
  15 -   0.25000 0.25000 0.25000 0.25000 ( 1)  0.017
  16 -   0.25000 0.25000 0.25000 0.25000 ( 1)  0.017
  17 -   0.25000 0.25000 0.25000 0.25000 ( 1)  0.017
  18 -   0.25000 0.25000 0.25000 0.25000 ( 1)  0.017
  19 -   0.25000 0.25000 0.25000 0.25000 ( 1)  0.017
  20 -   0.25000 0.25000 0.25000 0.25000 ( 1)  0.017
  21 -   0.25000 0.25000 0.25000 0.25000 ( 1)  0.017
  22 -   0.25000 0.25000 0.25000 0.25000 ( 1)  0.017
  23 -   0.25000 0.25000 0.25000 0.25000 ( 1)  0.017
  24 -   0.25000 0.25000 0.25000 0.25000 ( 1)  0.017
  25 -   0.25000 0.25000 0.25000 0.25000 ( 1)  0.017
  26 -   0.25000 0.25000 0.25000 0.25000 ( 1)  0.017
  27 -   0.25000 0.25000 0.25000 0.25000 ( 1)  0.017
  28 -   0.25000 0.25000 0.25000 0.25000 ( 1)  0.017
  29 -   0.25000 0.25000 0.25000 0.25000 ( 1)  0.017
  30 -   0.25000 0.25000 0.25000 0.25000 ( 1)  0.017
  31 -   0.25000 0.25000 0.25000 0.25000 ( 1)  0.017
  32 -   0.25000 0.25000 0.25000 0.25000 ( 1)  0.017
  33 -   0.25000 0.25000 0.25000 0.25000 ( 1)  0.017
  34 -   0.25000 0.25000 0.25000 0.25000 ( 1)  0.017
  35 -   0.25000 0.25000 0.25000 0.25000 ( 1)  0.017
  36 -   0.25000 0.25000 0.25000 0.25000 ( 1)  0.017
  37 -   0.25000 0.25000 0.25000 0.25000 ( 1)  0.017
  38 -   0.25000 0.25000 0.25000 0.25000 ( 1)  0.017
  39 -   0.25000 0.25000 0.25000 0.25000 ( 1)  0.017
  40 -   0.25000 0.25000 0.25000 0.25000 ( 1)  0.017
  41 -   0.25000 0.25000 0.25000 0.25000 ( 1)  0.017
  42 -   0.25000 0.25000 0.25000 0.25000 ( 1)  0.017
  43 -   0.25000 0.25000 0.25000 0.25000 ( 1)  0.017
  44 -   0.25000 0.25000 0.25000 0.25000 ( 1)  0.017
  45 -   0.25000 0.25000 0.25000 0.25000 ( 1)  0.017
  46 -   0.25000 0.25000 0.25000 0.25000 ( 1)  0.017
  47 -   0.25000 0.25000 0.25000 0.25000 ( 1)  0.017
  48 -   0.25000 0.25000 0.25000 0.25000 ( 1)  0.017
  49 -   0.25000 0.25000 0.25000 0.25000 ( 1)  0.017
  50 -   0.25000 0.25000 0.25000 0.25000 ( 1)  0.017
  51 -   0.25000 0.25000 0.25000 0.25000 ( 1)  0.017
  52 -   0.25000 0.25000 0.25000 0.25000 ( 1)  0.017
  53 -   0.25000 0.25000 0.25000 0.25000 ( 1)  0.017
  54 -   0.25000 0.25000 0.25000 0.25000 ( 1)  0.017
  55 -   0.25000 0.25000 0.25000 0.25000 ( 1)  0.017
  56 -   0.25000 0.25000 0.25000 0.25000 ( 1)  0.017
  57 -   0.25000 0.25000 0.25000 0.25000 ( 1)  0.017
  58 -   0.25000 0.25000 0.25000 0.25000 ( 1)  0.017
  59 -   0.25000 0.25000 0.25000 0.25000 ( 1)  0.017
  60 -   0.25000 0.25000 0.25000 0.25000 ( 1)  0.017
  61 -   0.25000 0.25000 0.25000 0.25000 ( 1)  0.017
  62 -   0.25000 0.25000 0.25000 0.25000 ( 1)  0.017
  63 -   0.25000 0.25000 0.25000 0.25000 ( 1)  0.017
  64 -   0.25000 0.25000 0.25000 0.25000 ( 1)  0.017
  65 -   0.25000 0.25000 0.25000 0.25000 ( 1)  0.017
  66 -   0.25000 0.25000 0.25000 0.25000 ( 1)  0.017
  67 -   0.25000 0.25000 0.25000 0.25000 ( 1)  0.017
  68 -   0.25000 0.25000 0.25000 0.25000 ( 1)  0.017
  69 -   0.25000 0.25000 0.25000 0.25000 ( 1)  0.017
  70 -   0.25000 0.25000 0.25000 0.25000 ( 1)  0.017
  71 -   0.25000 0.25000 0.25000 0.25000 ( 1)  0.017
  72 -   0.25000 0.25000 0.25000 0.25000 ( 1)  0.017
  73 -   0.25000 0.25000 0.25000 0.25000 ( 1)  0.017
  74 -   0.25000 0.25000 0.25000 0.25000 ( 1)  0.017
  75 -   0.25000 0.25000 0.25000 0.25000 ( 1)  0.017
  76 -   0.25000 0.25000 0.25000 0.25000 ( 1)  0.017
  77 -   0.25000 0.25000 0.25000 0.25000 ( 1)  0.017
  78 -   0.25000 0.25000 0.25000 0.25000 ( 1)  0.017
  79 -   0.25000 0.25000 0.25000 0.25000 ( 1)  0.017
  80 -   0.25000 0.25000 0.25000 0.25000 ( 1)  0.017
  81 -   0.25000 0.25000 0.25000 0.25000 ( 1)  0.017
  82 -   0.25000 0.25000 0.25000 0.25000 ( 1)  0.017
  83 -   0.25000 0.25000 0.25000 0.25000 ( 1)  0.017
  84 -   0.25000 0.25000 0.25000 0.25000 ( 1)  0.017
  85 -   0.25000 0.25000 0.25000 0.25000 ( 1)  0.017
  86 -   0.25000 0.25000 0.25000 0.25000 ( 1)  0.017
  87 -   0.25000 0.25000 0.25000 0.25000 ( 1)  0.017
  88 -   0.25000 0.25000 0.25000 0.25000 ( 1)  0.017
  89 -   0.25000 0.25000 0.25000 0.25000 ( 1)  0.017
  90 -   0.25000 0.25000 0.25000 0.25000 ( 1)  0.017
  91 -   0.25000 0.25000 0.25000 0.25000 ( 1)  0.017
  92 -   0.25000 0.25000 0.25000 0.25000 ( 1)  0.017
  93 -   0.25000 0.25000 0.25000 0.25000 ( 1)  0.017
  94 -   0.25000 0.25000 0.25000 0.25000 ( 1)  0.017
  95 -   0.25000 0.25000 0.25000 0.25000 ( 1)  0.017
  96 -   0.25000 0.25000 0.25000 0.25000 ( 1)  0.017
  97 -   0.25000 0.25000 0.25000 0.25000 ( 1)  0.017
  98 -   0.25000 0.25000 0.25000 0.25000 ( 1)  0.017
  99 -   0.25000 0.25000 0.25000 0.25000 ( 1)  0.017
 100 -   0.25000 0.25000 0.25000 0.25000 ( 1)  0.017
 101 -   0.25000 0.25000 0.25000 0.25000 ( 1)  0.017
 102 -   0.25000 0.25000 0.25000 0.25000 ( 1)  0.017
 103 -   0.25000 0.25000 0.25000 0.25000 ( 1)  0.017
 104 -   0.25000 0.25000 0.25000 0.25000 ( 1)  0.017
 105 -   0.25000 0.25000 0.25000 0.25000 ( 1)  0.017
 106 -   0.25000 0.25000 0.25000 0.25000 ( 1)  0.017
 107 -   0.25000 0.25000 0.25000 0.25000 ( 1)  0.017
 108 -   0.25000 0.25000 0.25000 0.25000 ( 1)  0.017
 109 -   0.25000 0.25000 0.25000 0.25000 ( 1)  0.017
 110 -   0.25000 0.25000 0.25000 0.25000 ( 1)  0.017
 111 -   0.25000 0.25000 0.25000 0.25000 ( 1)  0.017
 112 -   0.25000 0.25000 0.25000 0.25000 ( 1)  0.017
 113 -   0.25000 0.25000 0.25000 0.25000 ( 1)  0.017
 114 -   0.25000 0.25000 0.25000 0.25000 ( 1)  0.017
 115 -   0.25000 0.25000 0.25000 0.25000 ( 1)  0.017
 116 -   0.25000 0.25000 0.25000 0.25000 ( 1)  0.017
 117 -   0.25000 0.25000 0.25000 0.25000 ( 1)  0.017
 118 -   0.25000 0.25000 0.25000 0.25000 ( 1)  0.017
 119 -   0.25000 0.25000 0.25000 0.25000 ( 1)  0.017
 120 -   0.25000 0.25000 0.25000 0.25000 ( 1)  0.017
 121 -   0.25000 0.25000 0.25000 0.25000 ( 1)  0.017
 122 -   0.25000 0.25000 0.25000 0.25000 ( 1)  0.017
 123 -   0.25000 0.25000 0.25000 0.25000 ( 1)  0.017
 124 -   0.25000 0.25000 0.25000 0.25000 ( 1)  0.017
 125 -   0.25000 0.25000 0.25000 0.25000 ( 1)  0.017
 126 -   0.25000 0.25000 0.25000 0.25000 ( 1)  0.017
 127 -   0.25000 0.25000 0.25000 0.25000 ( 1)  0.017
 128 -   0.25000 0.25000 0.25000 0.25000 ( 1)  0.017
 129 -   0.25000 0.25000 0.25000 0.25000 ( 1)  0.017
 130 -   0.25000 0.25000 0.25000 0.25000 ( 1)  0.017
 131 -   0.25000 0.25000 0.25000 0.25000 ( 1)  0.017
 132 -   0.25000 0.25000 0.25000 0.25000 ( 1)  0.017
 133 -   0.25000 0.25000 0.25000 0.25000 ( 1)  0.017
 134 -   0.25000 0.25000 0.25000 0.25000 ( 1)  0.017
 135 -   0.25000 0.25000 0.25000 0.25000 ( 1)  0.017
 136 -   0.25000 0.25000 0.25000 0.25000 ( 1)  0.017
 137 -   0.25000 0.25000 0.25000 0.25000 ( 1)  0.017
 138 -   0.25000 0.25000 0.25000 0.25000 ( 1)  0.017
 139 -   0.25000 0.25000 0.25000 0.25000 ( 1)  0.017
 140 -   0.25000 0.25000 0.25000 0.25000 ( 1)  0.017
 141 -   0.25000 0.25000 0.25000 0.25000 ( 1)  0.017
 142 -   0.25000 0.25000 0.25000 0.25000 ( 1)  0.017
 143 -   0.25000 0.25000 0.25000 0.25000 ( 1)  0.017
 144 -   0.25000 0.25000 0.25000 0.25000 ( 1)  0.017
 145 -   0.25000 0.25000 0.25000 0.25000 ( 1)  0.017
 146 -   0.25000 0.25000 0.25000 0.25000 ( 1)  0.017
 147 -   0.25000 0.25000 0.25000 0.25000 ( 1)  0.017
 148 -   0.25000 0.25000 0.25000 0.25000 ( 1)  0.017
 149 -   0.25000 0.25000 0.25000 0.25000 ( 1)  0.017
 150 -   0.25000 0.25000 0.25000 0.25000 ( 1)  0.017
 151 -   0.25000 0.25000 0.25000 0.25000 ( 1)  0.017
 152 -   0.25000 0.25000 0.25000 0.25000 ( 1)  0.017
 153 -   0.25000 0.25000 0.25000 0.25000 ( 1)  0.017
 154 -   0.25000 0.25000 0.25000 0.25000 ( 1)  0.017
 155 -   0.25000 0.25000 0.25000 0.25000 ( 1)  0.017
 156 -   0.25000 0.25000 0.25000 0.25000 ( 1)  0.017
 157 -   0.25000 0.25000 0.25000 0.25000 ( 1)  0.017
 158 -   0.25000 0.25000 0.25000 0.25000 ( 1)  0.017
 159 -   0.25000 0.25000 0.25000 0.25000 ( 1)  0.017
 160 -   0.25000 0.25000 0.25000 0.25000 ( 1)  0.017
 161 -   0.25000 0.25000 0.25000 0.25000 ( 1)  0.017
 162 -   0.25000 0.25000 0.25000 0.25000 ( 1)  0.017
 163 -   0.25000 0.25000 0.25000 0.25000 ( 1)  0.017
 164 -   0.25000 0.25000 0.25000 0.25000 ( 1)  0.017
 165 -   0.25000 0.25000 0.25000 0.25000 ( 1)  0.017
 166 -   0.25000 0.25000 0.25000 0.25000 ( 1)  0.017
 167 -   0.25000 0.25000 0.25000 0.25000 ( 1)  0.017
 168 -   0.25000 0.25000 0.25000 0.25000 ( 1)  0.017
 169 -   0.25000 0.25000 0.25000 0.25000 ( 1)  0.017
 170 -   0.25000 0.25000 0.25000 0.25000 ( 1)  0.017
 171 -   0.25000 0.25000 0.25000 0.25000 ( 1)  0.017
 172 -   0.25000 0.25000 0.25000 0.25000 ( 1)  0.017
 173 -   0.25000 0.25000 0.25000 0.25000 ( 1)  0.017
 174 -   0.25000 0.25000 0.25000 0.25000 ( 1)  0.017
 175 -   0.25000 0.25000 0.25000 0.25000 ( 1)  0.017
 176 -   0.25000 0.25000 0.25000 0.25000 ( 1)  0.017
 177 -   0.25000 0.25000 0.25000 0.25000 ( 1)  0.017
 178 -   0.25000 0.25000 0.25000 0.25000 ( 1)  0.017
 179 -   0.25000 0.25000 0.25000 0.25000 ( 1)  0.017
 180 -   0.25000 0.25000 0.25000 0.25000 ( 1)  0.017
 181 -   0.25153 0.25153 0.25153 0.24542 ( 1)  0.016
 182 -   0.25000 0.25000 0.25000 0.25000 ( 1)  0.017
 183 -   0.25000 0.25000 0.25000 0.25000 ( 1)  0.017
 184 -   0.25000 0.25000 0.25000 0.25000 ( 1)  0.017
 185 -   0.25000 0.25000 0.25000 0.25000 ( 1)  0.017
 186 -   0.25000 0.25000 0.25000 0.25000 ( 1)  0.017
 187 -   0.25000 0.25000 0.25000 0.25000 ( 1)  0.017
 188 -   0.25000 0.25000 0.25000 0.25000 ( 1)  0.017
 189 -   0.25000 0.25000 0.25000 0.25000 ( 1)  0.017
 190 -   0.25000 0.25000 0.25000 0.25000 ( 1)  0.017
 191 -   0.25000 0.25000 0.25000 0.25000 ( 1)  0.017
 192 -   0.25000 0.25000 0.25000 0.25000 ( 1)  0.017
 193 -   0.25000 0.25000 0.25000 0.25000 ( 1)  0.017
 194 -   0.25000 0.25000 0.25000 0.25000 ( 1)  0.017
 195 -   0.25000 0.25000 0.25000 0.25000 ( 1)  0.017
 196 -   0.25000 0.25000 0.25000 0.25000 ( 1)  0.017
 197 -   0.25000 0.25000 0.25000 0.25000 ( 1)  0.017
 198 -   0.25000 0.25000 0.25000 0.25000 ( 1)  0.017
 199 -   0.25000 0.25000 0.25000 0.25000 ( 1)  0.017
 200 -   0.25000 0.25000 0.25000 0.25000 ( 1)  0.017
 201 -   0.25000 0.25000 0.25000 0.25000 ( 1)  0.017
 202 -   0.25000 0.25000 0.25000 0.25000 ( 1)  0.017
 203 -   0.25000 0.25000 0.25000 0.25000 ( 1)  0.017
 204 -   0.25000 0.25000 0.25000 0.25000 ( 1)  0.017
 205 -   0.25000 0.25000 0.25000 0.25000 ( 1)  0.017
 206 -   0.25000 0.25000 0.25000 0.25000 ( 1)  0.017
 207 -   0.25000 0.25000 0.25000 0.25000 ( 1)  0.017
 208 -   0.25000 0.25000 0.25000 0.25000 ( 1)  0.017
 209 -   0.25000 0.25000 0.25000 0.25000 ( 1)  0.017
 210 -   0.25000 0.25000 0.25000 0.25000 ( 1)  0.017
 211 -   0.25000 0.25000 0.25000 0.25000 ( 1)  0.017
 212 -   0.25000 0.25000 0.25000 0.25000 ( 1)  0.017
 213 -   0.25000 0.25000 0.25000 0.25000 ( 1)  0.017
 214 -   0.25000 0.25000 0.25000 0.25000 ( 1)  0.017
 215 -   0.25000 0.25000 0.25000 0.25000 ( 1)  0.017
 216 -   0.25000 0.25000 0.25000 0.25000 ( 1)  0.017
 217 -   0.25000 0.25000 0.25000 0.25000 ( 1)  0.017
 218 -   0.25000 0.25000 0.25000 0.25000 ( 1)  0.017
 219 -   0.25000 0.25000 0.25000 0.25000 ( 1)  0.017
 220 -   0.25000 0.25000 0.25000 0.25000 ( 1)  0.017
 221 -   0.25000 0.25000 0.25000 0.25000 ( 1)  0.017
 222 -   0.25000 0.25000 0.25000 0.25000 ( 1)  0.017
 223 -   0.25000 0.25000 0.25000 0.25000 ( 1)  0.017
 224 -   0.25000 0.25000 0.25000 0.25000 ( 1)  0.017
 225 -   0.25000 0.25000 0.25000 0.25000 ( 1)  0.017
 226 -   0.25000 0.25000 0.25000 0.25000 ( 1)  0.017
 227 -   0.25000 0.25000 0.25000 0.25000 ( 1)  0.017
 228 -   0.25000 0.25000 0.25000 0.25000 ( 1)  0.017
 229 -   0.25000 0.25000 0.25000 0.25000 ( 1)  0.017
 230 -   0.25000 0.25000 0.25000 0.25000 ( 1)  0.017
 231 -   0.25000 0.25000 0.25000 0.25000 ( 1)  0.017
 232 -   0.25000 0.25000 0.25000 0.25000 ( 1)  0.017
 233 -   0.25000 0.25000 0.25000 0.25000 ( 1)  0.017
 234 -   0.25024 0.25024 0.25024 0.24927 ( 1)  0.016
 235 -   0.25162 0.25162 0.25162 0.24514 ( 1)  0.016
 236 -   0.25155 0.25155 0.25155 0.24534 ( 1)  0.016
 237 -   0.00000 0.00000 0.00000 1.00000 ( 4)  0.066
 238 -   0.25152 0.25152 0.25152 0.24544 ( 1)  0.016
 239 -   0.25134 0.25134 0.25134 0.24599 ( 1)  0.016
 240 -   0.25174 0.25174 0.25174 0.24478 ( 1)  0.016
 241 -   0.25172 0.25172 0.25172 0.24485 ( 1)  0.016
 242 -   0.25152 0.25152 0.25152 0.24544 ( 1)  0.016
 243 -   0.00000 0.00000 0.00000 1.00000 ( 4)  0.066
 244 -   0.25082 0.25082 0.25082 0.24755 ( 1)  0.016
 245 -   0.25043 0.25043 0.25043 0.24870 ( 1)  0.016
 246 -   0.25186 0.25186 0.25186 0.24443 ( 1)  0.016
 247 -   0.25082 0.25082 0.25082 0.24755 ( 1)  0.016
 248 -   0.25051 0.25051 0.25051 0.24847 ( 1)  0.016
 249 -   0.25082 0.25082 0.25082 0.24755 ( 1)  0.016
 250 -   0.25041 0.25041 0.25041 0.24877 ( 1)  0.016
 251 -   0.25150 0.25150 0.25150 0.24550 ( 1)  0.016
 252 -   0.25082 0.25082 0.25082 0.24755 ( 1)  0.016
 253 -   0.25150 0.25150 0.25150 0.24550 ( 1)  0.016
 254 -   0.25147 0.25147 0.25147 0.24560 ( 1)  0.016
 255 -   0.25134 0.25134 0.25134 0.24599 ( 1)  0.016
 256 -   0.25144 0.25144 0.25144 0.24568 ( 1)  0.016
 257 -   0.25141 0.25141 0.25141 0.24577 ( 1)  0.016
 258 -   0.25051 0.25051 0.25051 0.24847 ( 1)  0.016
 259 -   0.25152 0.25152 0.25152 0.24543 ( 1)  0.016
 260 -   0.00000 0.00000 0.00000 1.00000 ( 4)  0.066
 261 -   0.25150 0.25150 0.25150 0.24550 ( 1)  0.016
 262 -   0.25174 0.25174 0.25174 0.24478 ( 1)  0.016
 263 -   0.25150 0.25150 0.25150 0.24550 ( 1)  0.016
 264 -   0.25167 0.25167 0.25167 0.24498 ( 1)  0.016
 265 -   0.25149 0.25149 0.25149 0.24553 ( 1)  0.016
 266 -   0.25152 0.25152 0.25152 0.24544 ( 1)  0.016
 267 -   0.25174 0.25174 0.25174 0.24478 ( 1)  0.016
 268 -   0.25144 0.25144 0.25144 0.24568 ( 1)  0.016
 269 -   0.25152 0.25152 0.25152 0.24544 ( 1)  0.016
 270 M   0.26191 0.26191 0.26191 0.21426 ( 1)  0.014
 271 -   0.25000 0.25000 0.25000 0.25000 ( 1)  0.017
 272 -   0.25000 0.25000 0.25000 0.25000 ( 1)  0.017
 273 -   0.25000 0.25000 0.25000 0.25000 ( 1)  0.017
 274 -   0.25000 0.25000 0.25000 0.25000 ( 1)  0.017
 275 -   0.25000 0.25000 0.25000 0.25000 ( 1)  0.017
 276 -   0.25000 0.25000 0.25000 0.25000 ( 1)  0.017
 277 -   0.25000 0.25000 0.25000 0.25000 ( 1)  0.017
 278 -   0.25000 0.25000 0.25000 0.25000 ( 1)  0.017
 279 -   0.25000 0.25000 0.25000 0.25000 ( 1)  0.017
 280 -   0.25000 0.25000 0.25000 0.25000 ( 1)  0.017
 281 -   0.25000 0.25000 0.25000 0.25000 ( 1)  0.017
 282 -   0.25000 0.25000 0.25000 0.25000 ( 1)  0.017
 283 -   0.25000 0.25000 0.25000 0.25000 ( 1)  0.017
 284 -   0.25000 0.25000 0.25000 0.25000 ( 1)  0.017
 285 -   0.25000 0.25000 0.25000 0.25000 ( 1)  0.017
 286 -   0.25000 0.25000 0.25000 0.25000 ( 1)  0.017
 287 -   0.25000 0.25000 0.25000 0.25000 ( 1)  0.017
 288 -   0.25000 0.25000 0.25000 0.25000 ( 1)  0.017
 289 -   0.25000 0.25000 0.25000 0.25000 ( 1)  0.017
 290 -   0.25000 0.25000 0.25000 0.25000 ( 1)  0.017
 291 -   0.25000 0.25000 0.25000 0.25000 ( 1)  0.017
 292 -   0.25000 0.25000 0.25000 0.25000 ( 1)  0.017
 293 -   0.25000 0.25000 0.25000 0.25000 ( 1)  0.017
 294 -   0.25000 0.25000 0.25000 0.25000 ( 1)  0.017
 295 -   0.25000 0.25000 0.25000 0.25000 ( 1)  0.017
 296 -   0.25000 0.25000 0.25000 0.25000 ( 1)  0.017
 297 -   0.25000 0.25000 0.25000 0.25000 ( 1)  0.017
 298 -   0.25000 0.25000 0.25000 0.25000 ( 1)  0.017
 299 -   0.25000 0.25000 0.25000 0.25000 ( 1)  0.017
 300 -   0.25000 0.25000 0.25000 0.25000 ( 1)  0.017
 301 D   0.26434 0.26434 0.26434 0.20698 ( 1)  0.014
 302 C   0.25348 0.25348 0.25348 0.23956 ( 1)  0.016
 303 S   0.26137 0.26137 0.26137 0.21589 ( 1)  0.014
 304 C   0.25917 0.25917 0.25917 0.22248 ( 1)  0.015
 305 V   0.00000 0.00000 0.00000 1.00000 ( 4)  0.066
 306 S   0.25961 0.25961 0.25961 0.22116 ( 1)  0.015
 307 D   0.26227 0.26227 0.26227 0.21318 ( 1)  0.014
 308 L   0.25291 0.25291 0.25291 0.24126 ( 1)  0.016
 309 L   0.26000 0.26000 0.26000 0.22000 ( 1)  0.015
 310 F   0.26039 0.26039 0.26039 0.21882 ( 1)  0.014
 311 A   0.00000 0.00000 0.00000 1.00000 ( 4)  0.066
 312 P   0.25895 0.25895 0.25895 0.22315 ( 1)  0.015
 313 P   0.25999 0.25999 0.25999 0.22002 ( 1)  0.015
 314 A   0.25992 0.25992 0.25992 0.22025 ( 1)  0.015
 315 L   0.25534 0.25534 0.25534 0.23398 ( 1)  0.015
 316 P   0.25895 0.25895 0.25895 0.22315 ( 1)  0.015
 317 A   0.25295 0.25295 0.25295 0.24116 ( 1)  0.016
 318 L   0.26000 0.26000 0.26000 0.22000 ( 1)  0.015
 319 W   0.25567 0.25567 0.25567 0.23298 ( 1)  0.015
 320 T   0.25979 0.25979 0.25979 0.22064 ( 1)  0.015
 321 P   0.26086 0.26086 0.26086 0.21742 ( 1)  0.014
 322 -   0.25000 0.25000 0.25000 0.25000 ( 1)  0.017
 323 -   0.25000 0.25000 0.25000 0.25000 ( 1)  0.017
 324 -   0.25000 0.25000 0.25000 0.25000 ( 1)  0.017
 325 -   0.25000 0.25000 0.25000 0.25000 ( 1)  0.017
 326 -   0.25000 0.25000 0.25000 0.25000 ( 1)  0.017
 327 -   0.25000 0.25000 0.25000 0.25000 ( 1)  0.017
 328 -   0.25000 0.25000 0.25000 0.25000 ( 1)  0.017
 329 -   0.25000 0.25000 0.25000 0.25000 ( 1)  0.017
 330 -   0.25000 0.25000 0.25000 0.25000 ( 1)  0.017
 331 -   0.25000 0.25000 0.25000 0.25000 ( 1)  0.017
 332 -   0.25000 0.25000 0.25000 0.25000 ( 1)  0.017
 333 -   0.25000 0.25000 0.25000 0.25000 ( 1)  0.017
 334 -   0.25000 0.25000 0.25000 0.25000 ( 1)  0.017
 335 -   0.25000 0.25000 0.25000 0.25000 ( 1)  0.017
 336 -   0.25000 0.25000 0.25000 0.25000 ( 1)  0.017
 337 -   0.25000 0.25000 0.25000 0.25000 ( 1)  0.017
 338 -   0.25000 0.25000 0.25000 0.25000 ( 1)  0.017
 339 -   0.25000 0.25000 0.25000 0.25000 ( 1)  0.017
 340 -   0.25000 0.25000 0.25000 0.25000 ( 1)  0.017
 341 -   0.25000 0.25000 0.25000 0.25000 ( 1)  0.017
 342 -   0.25000 0.25000 0.25000 0.25000 ( 1)  0.017
 343 -   0.25000 0.25000 0.25000 0.25000 ( 1)  0.017
 344 -   0.25000 0.25000 0.25000 0.25000 ( 1)  0.017
 345 -   0.25000 0.25000 0.25000 0.25000 ( 1)  0.017
 346 -   0.25000 0.25000 0.25000 0.25000 ( 1)  0.017
 347 -   0.25000 0.25000 0.25000 0.25000 ( 1)  0.017
 348 -   0.25000 0.25000 0.25000 0.25000 ( 1)  0.017
 349 -   0.25000 0.25000 0.25000 0.25000 ( 1)  0.017
 350 -   0.25000 0.25000 0.25000 0.25000 ( 1)  0.017
 351 -   0.25000 0.25000 0.25000 0.25000 ( 1)  0.017
 352 -   0.25000 0.25000 0.25000 0.25000 ( 1)  0.017
 353 -   0.25000 0.25000 0.25000 0.25000 ( 1)  0.017
 354 -   0.25000 0.25000 0.25000 0.25000 ( 1)  0.017
 355 G   0.26209 0.26209 0.26209 0.21372 ( 1)  0.014
 356 F   0.25396 0.25396 0.25396 0.23812 ( 1)  0.016
 357 A   0.26186 0.26186 0.26186 0.21442 ( 1)  0.014
 358 F   0.26217 0.26217 0.26217 0.21349 ( 1)  0.014
 359 P   0.26015 0.26015 0.26015 0.21956 ( 1)  0.015
 360 D   0.25667 0.25667 0.25667 0.22999 ( 1)  0.015
 361 W   0.25667 0.25667 0.25667 0.22999 ( 1)  0.015
 362 A   0.26179 0.26179 0.26179 0.21462 ( 1)  0.014
 363 Y   0.26214 0.26214 0.26214 0.21358 ( 1)  0.014
 364 K   0.26265 0.26265 0.26265 0.21205 ( 1)  0.014
 365 P   0.25443 0.25443 0.25443 0.23671 ( 1)  0.016
 366 E   0.26260 0.26260 0.26260 0.21221 ( 1)  0.014
 367 S   0.25733 0.25733 0.25733 0.22802 ( 1)  0.015
 368 S   0.26126 0.26126 0.26126 0.21621 ( 1)  0.014
 369 P   0.25376 0.25376 0.25376 0.23873 ( 1)  0.016
 370 G   0.26348 0.26348 0.26348 0.20956 ( 1)  0.014
 371 S   0.25937 0.25937 0.25937 0.22188 ( 1)  0.015
 372 R   0.26163 0.26163 0.26163 0.21511 ( 1)  0.014
 373 Q   0.25786 0.25786 0.25786 0.22642 ( 1)  0.015
 374 I   0.26205 0.26205 0.26205 0.21386 ( 1)  0.014
 375 Q   0.25786 0.25786 0.25786 0.22642 ( 1)  0.015
 376 L   0.25652 0.25652 0.25652 0.23043 ( 1)  0.015
 377 W   0.25667 0.25667 0.25667 0.22999 ( 1)  0.015
 378 H   0.26413 0.26413 0.26413 0.20761 ( 1)  0.014
 379 F   0.25396 0.25396 0.25396 0.23812 ( 1)  0.016
 380 I   0.26229 0.26229 0.26229 0.21313 ( 1)  0.014
 381 L   0.25652 0.25652 0.25652 0.23043 ( 1)  0.015
 382 E   0.26260 0.26260 0.26260 0.21221 ( 1)  0.014
 383 L   0.25652 0.25652 0.25652 0.23043 ( 1)  0.015
 384 L   0.25652 0.25652 0.25652 0.23043 ( 1)  0.015
 385 Q   0.25786 0.25786 0.25786 0.22642 ( 1)  0.015
 386 K   0.26265 0.26265 0.26265 0.21205 ( 1)  0.014
 387 E   0.26192 0.26192 0.26192 0.21423 ( 1)  0.014
 388 E   0.26260 0.26260 0.26260 0.21221 ( 1)  0.014
 389 Y   0.26361 0.26361 0.26361 0.20917 ( 1)  0.014
 390 Q   0.25786 0.25786 0.25786 0.22642 ( 1)  0.015
 391 G   0.26042 0.26042 0.26042 0.21873 ( 1)  0.014
 392 V   0.26144 0.26144 0.26144 0.21568 ( 1)  0.014
 393 I   0.25936 0.25936 0.25936 0.22193 ( 1)  0.015
 394 A   0.26150 0.26150 0.26150 0.21549 ( 1)  0.014
 395 W   0.25667 0.25667 0.25667 0.22999 ( 1)  0.015
 396 Q   0.25786 0.25786 0.25786 0.22642 ( 1)  0.015
 397 G   0.26156 0.26156 0.26156 0.21531 ( 1)  0.014
 398 D   0.26434 0.26434 0.26434 0.20698 ( 1)  0.014
 399 Y   0.26138 0.26138 0.26138 0.21586 ( 1)  0.014
 400 G   0.26055 0.26055 0.26055 0.21834 ( 1)  0.014
 401 E   0.25308 0.25308 0.25308 0.24076 ( 1)  0.016
 402 F   0.26133 0.26133 0.26133 0.21602 ( 1)  0.014
 403 V   0.26188 0.26188 0.26188 0.21435 ( 1)  0.014
 404 I   0.26229 0.26229 0.26229 0.21313 ( 1)  0.014
 405 K   0.25983 0.25983 0.25983 0.22052 ( 1)  0.015
 406 D   0.26434 0.26434 0.26434 0.20698 ( 1)  0.014
 407 P   0.25576 0.25576 0.25576 0.23272 ( 1)  0.015
 408 D   0.26038 0.26038 0.26038 0.21885 ( 1)  0.014
 409 E   0.26260 0.26260 0.26260 0.21221 ( 1)  0.014
 410 V   0.26065 0.26065 0.26065 0.21804 ( 1)  0.014
 411 A   0.26186 0.26186 0.26186 0.21442 ( 1)  0.014
 412 R   0.26103 0.26103 0.26103 0.21692 ( 1)  0.014
 413 L   0.25857 0.25857 0.25857 0.22430 ( 1)  0.015
 414 W   0.25667 0.25667 0.25667 0.22999 ( 1)  0.015
 415 G   0.26254 0.26254 0.26254 0.21237 ( 1)  0.014
 416 I   0.25721 0.25721 0.25721 0.22838 ( 1)  0.015
 417 R   0.26331 0.26331 0.26331 0.21007 ( 1)  0.014
 418 K   0.25672 0.25672 0.25672 0.22985 ( 1)  0.015
 419 C   0.26299 0.26299 0.26299 0.21103 ( 1)  0.014
 420 K   0.26265 0.26265 0.26265 0.21205 ( 1)  0.014
 421 P   0.26171 0.26171 0.26171 0.21488 ( 1)  0.014
 422 H   0.26413 0.26413 0.26413 0.20761 ( 1)  0.014
 423 M   0.26191 0.26191 0.26191 0.21426 ( 1)  0.014
 424 N   0.25561 0.25561 0.25561 0.23317 ( 1)  0.015
 425 Y   0.26331 0.26331 0.26331 0.21008 ( 1)  0.014
 426 D   0.26434 0.26434 0.26434 0.20698 ( 1)  0.014
 427 K   0.26192 0.26192 0.26192 0.21424 ( 1)  0.014
 428 L   0.25652 0.25652 0.25652 0.23043 ( 1)  0.015
 429 S   0.26330 0.26330 0.26330 0.21010 ( 1)  0.014
 430 R   0.26156 0.26156 0.26156 0.21532 ( 1)  0.014
 431 A   0.26186 0.26186 0.26186 0.21442 ( 1)  0.014
 432 L   0.25652 0.25652 0.25652 0.23043 ( 1)  0.015
 433 R   0.25392 0.25392 0.25392 0.23824 ( 1)  0.016
 434 Y   0.26361 0.26361 0.26361 0.20917 ( 1)  0.014
 435 Y   0.26361 0.26361 0.26361 0.20917 ( 1)  0.014
 436 Y   0.26118 0.26118 0.26118 0.21646 ( 1)  0.014
 437 N   0.26446 0.26446 0.26446 0.20663 ( 1)  0.014
 438 K   0.26217 0.26217 0.26217 0.21348 ( 1)  0.014
 439 R   0.26156 0.26156 0.26156 0.21532 ( 1)  0.014
 440 I   0.25396 0.25396 0.25396 0.23813 ( 1)  0.016
 441 L   0.26098 0.26098 0.26098 0.21706 ( 1)  0.014
 442 H   0.26368 0.26368 0.26368 0.20896 ( 1)  0.014
 443 K   0.26265 0.26265 0.26265 0.21205 ( 1)  0.014
 444 T   0.26147 0.26147 0.26146 0.21560 ( 1)  0.014
 445 K   0.25292 0.25292 0.25292 0.24123 ( 1)  0.016
 446 G   0.26219 0.26219 0.26218 0.21345 ( 1)  0.014
 447 K   0.26265 0.26265 0.26265 0.21205 ( 1)  0.014
 448 R   0.26163 0.26163 0.26163 0.21511 ( 1)  0.014
 449 F   0.26217 0.26217 0.26217 0.21349 ( 1)  0.014
 450 T   0.26147 0.26147 0.26146 0.21560 ( 1)  0.014
 451 Y   0.26361 0.26361 0.26361 0.20917 ( 1)  0.014
 452 K   0.26265 0.26265 0.26265 0.21205 ( 1)  0.014
 453 F   0.26217 0.26217 0.26217 0.21349 ( 1)  0.014
 454 N   0.26446 0.26446 0.26446 0.20663 ( 1)  0.014
 455 F   0.25999 0.25999 0.25999 0.22003 ( 1)  0.015


lnL = -2223.396712

