Supplemental results for CODEML (seqf: algn  treef: tree)


dN/dS (w) for site classes (K=5)

p:   0.24598  0.24598  0.24598  0.24598  0.01608
w:   0.00090  0.00370  0.00829  0.01854  9.16939

Naive Empirical Bayes (NEB) probabilities for 5 classes & postmean_w & P(w>1)
(amino acids refer to 1st sequence: aotNan_LOC105723390_XM_012461345)

   1 -   0.24598 0.24598 0.24598 0.24598 0.01608 ( 1)  0.155  0.016
   2 -   0.24598 0.24598 0.24598 0.24598 0.01608 ( 1)  0.155  0.016
   3 -   0.24598 0.24598 0.24598 0.24598 0.01608 ( 1)  0.155  0.016
   4 -   0.24598 0.24598 0.24598 0.24598 0.01608 ( 3)  0.155  0.016
   5 -   0.24598 0.24598 0.24598 0.24598 0.01608 ( 1)  0.155  0.016
   6 -   0.24598 0.24598 0.24598 0.24598 0.01608 ( 1)  0.155  0.016
   7 -   0.24598 0.24598 0.24598 0.24598 0.01608 ( 3)  0.155  0.016
   8 -   0.24598 0.24598 0.24598 0.24598 0.01608 ( 1)  0.155  0.016
   9 -   0.24598 0.24598 0.24598 0.24598 0.01608 ( 1)  0.155  0.016
  10 -   0.24598 0.24598 0.24598 0.24598 0.01608 ( 3)  0.155  0.016
  11 -   0.24598 0.24598 0.24598 0.24598 0.01608 ( 1)  0.155  0.016
  12 -   0.24598 0.24598 0.24598 0.24598 0.01608 ( 1)  0.155  0.016
  13 -   0.24598 0.24598 0.24598 0.24598 0.01608 ( 3)  0.155  0.016
  14 -   0.24598 0.24598 0.24598 0.24598 0.01608 ( 1)  0.155  0.016
  15 -   0.24598 0.24598 0.24598 0.24598 0.01608 ( 1)  0.155  0.016
  16 -   0.24598 0.24598 0.24598 0.24598 0.01608 ( 1)  0.155  0.016
  17 -   0.24598 0.24598 0.24598 0.24598 0.01608 ( 1)  0.155  0.016
  18 -   0.24598 0.24598 0.24598 0.24598 0.01608 ( 1)  0.155  0.016
  19 -   0.24598 0.24598 0.24598 0.24598 0.01608 ( 3)  0.155  0.016
  20 -   0.24598 0.24598 0.24598 0.24598 0.01608 ( 3)  0.155  0.016
  21 -   0.24598 0.24598 0.24598 0.24598 0.01608 ( 1)  0.155  0.016
  22 -   0.24598 0.24598 0.24598 0.24598 0.01608 ( 1)  0.155  0.016
  23 -   0.24598 0.24598 0.24598 0.24598 0.01608 ( 1)  0.155  0.016
  24 -   0.24598 0.24598 0.24598 0.24598 0.01608 ( 1)  0.155  0.016
  25 -   0.24598 0.24598 0.24598 0.24598 0.01608 ( 1)  0.155  0.016
  26 -   0.24598 0.24598 0.24598 0.24598 0.01608 ( 1)  0.155  0.016
  27 -   0.24598 0.24598 0.24598 0.24598 0.01608 ( 1)  0.155  0.016
  28 -   0.24598 0.24598 0.24598 0.24598 0.01608 ( 1)  0.155  0.016
  29 -   0.24598 0.24598 0.24598 0.24598 0.01608 ( 1)  0.155  0.016
  30 -   0.24598 0.24598 0.24598 0.24598 0.01608 ( 1)  0.155  0.016
  31 -   0.24598 0.24598 0.24598 0.24598 0.01608 ( 1)  0.155  0.016
  32 -   0.24598 0.24598 0.24598 0.24598 0.01608 ( 4)  0.155  0.016
  33 -   0.24598 0.24598 0.24598 0.24598 0.01608 ( 1)  0.155  0.016
  34 -   0.24598 0.24598 0.24598 0.24598 0.01608 ( 1)  0.155  0.016
  35 -   0.24598 0.24598 0.24598 0.24598 0.01608 ( 3)  0.155  0.016
  36 -   0.24598 0.24598 0.24598 0.24598 0.01608 ( 3)  0.155  0.016
  37 -   0.24598 0.24598 0.24598 0.24598 0.01608 ( 1)  0.155  0.016
  38 -   0.24598 0.24598 0.24598 0.24598 0.01608 ( 1)  0.155  0.016
  39 -   0.24598 0.24598 0.24598 0.24598 0.01608 ( 3)  0.155  0.016
  40 -   0.24598 0.24598 0.24598 0.24598 0.01608 ( 1)  0.155  0.016
  41 -   0.24598 0.24598 0.24598 0.24598 0.01608 ( 1)  0.155  0.016
  42 -   0.24598 0.24598 0.24598 0.24598 0.01608 ( 1)  0.155  0.016
  43 -   0.24598 0.24598 0.24598 0.24598 0.01608 ( 1)  0.155  0.016
  44 -   0.24598 0.24598 0.24598 0.24598 0.01608 ( 1)  0.155  0.016
  45 -   0.24598 0.24598 0.24598 0.24598 0.01608 ( 1)  0.155  0.016
  46 -   0.24598 0.24598 0.24598 0.24598 0.01608 ( 1)  0.155  0.016
  47 -   0.24598 0.24598 0.24598 0.24598 0.01608 ( 1)  0.155  0.016
  48 -   0.24598 0.24598 0.24598 0.24598 0.01608 ( 3)  0.155  0.016
  49 -   0.24598 0.24598 0.24598 0.24598 0.01608 ( 1)  0.155  0.016
  50 -   0.24598 0.24598 0.24598 0.24598 0.01608 ( 1)  0.155  0.016
  51 -   0.24598 0.24598 0.24598 0.24598 0.01608 ( 2)  0.155  0.016
  52 -   0.24598 0.24598 0.24598 0.24598 0.01608 ( 1)  0.155  0.016
  53 -   0.24598 0.24598 0.24598 0.24598 0.01608 ( 3)  0.155  0.016
  54 -   0.24598 0.24598 0.24598 0.24598 0.01608 ( 1)  0.155  0.016
  55 -   0.24598 0.24598 0.24598 0.24598 0.01608 ( 1)  0.155  0.016
  56 -   0.24598 0.24598 0.24598 0.24598 0.01608 ( 3)  0.155  0.016
  57 -   0.24598 0.24598 0.24598 0.24598 0.01608 ( 1)  0.155  0.016
  58 -   0.24598 0.24598 0.24598 0.24598 0.01608 ( 1)  0.155  0.016
  59 -   0.24598 0.24598 0.24598 0.24598 0.01608 ( 1)  0.155  0.016
  60 -   0.24598 0.24598 0.24598 0.24598 0.01608 ( 3)  0.155  0.016
  61 -   0.24598 0.24598 0.24598 0.24598 0.01608 ( 1)  0.155  0.016
  62 -   0.24598 0.24598 0.24598 0.24598 0.01608 ( 3)  0.155  0.016
  63 -   0.24598 0.24598 0.24598 0.24598 0.01608 ( 3)  0.155  0.016
  64 -   0.24598 0.24598 0.24598 0.24598 0.01608 ( 1)  0.155  0.016
  65 -   0.24598 0.24598 0.24598 0.24598 0.01608 ( 1)  0.155  0.016
  66 -   0.24598 0.24598 0.24598 0.24598 0.01608 ( 3)  0.155  0.016
  67 -   0.24598 0.24598 0.24598 0.24598 0.01608 ( 1)  0.155  0.016
  68 -   0.24598 0.24598 0.24598 0.24598 0.01608 ( 1)  0.155  0.016
  69 -   0.24598 0.24598 0.24598 0.24598 0.01608 ( 1)  0.155  0.016
  70 -   0.24598 0.24598 0.24598 0.24598 0.01608 ( 1)  0.155  0.016
  71 -   0.24598 0.24598 0.24598 0.24598 0.01608 ( 1)  0.155  0.016
  72 -   0.24598 0.24598 0.24598 0.24598 0.01608 ( 3)  0.155  0.016
  73 -   0.24598 0.24598 0.24598 0.24598 0.01608 ( 1)  0.155  0.016
  74 -   0.24598 0.24598 0.24598 0.24598 0.01608 ( 1)  0.155  0.016
  75 -   0.24598 0.24598 0.24598 0.24598 0.01608 ( 1)  0.155  0.016
  76 -   0.24598 0.24598 0.24598 0.24598 0.01608 ( 1)  0.155  0.016
  77 -   0.24598 0.24598 0.24598 0.24598 0.01608 ( 1)  0.155  0.016
  78 -   0.24598 0.24598 0.24598 0.24598 0.01608 ( 3)  0.155  0.016
  79 -   0.24598 0.24598 0.24598 0.24598 0.01608 ( 3)  0.155  0.016
  80 -   0.24598 0.24598 0.24598 0.24598 0.01608 ( 1)  0.155  0.016
  81 -   0.24598 0.24598 0.24598 0.24598 0.01608 ( 1)  0.155  0.016
  82 -   0.24598 0.24598 0.24598 0.24598 0.01608 ( 3)  0.155  0.016
  83 -   0.24598 0.24598 0.24598 0.24598 0.01608 ( 1)  0.155  0.016
  84 -   0.24598 0.24598 0.24598 0.24598 0.01608 ( 1)  0.155  0.016
  85 -   0.24598 0.24598 0.24598 0.24598 0.01608 ( 3)  0.155  0.016
  86 -   0.24598 0.24598 0.24598 0.24598 0.01608 ( 1)  0.155  0.016
  87 -   0.24598 0.24598 0.24598 0.24598 0.01608 ( 1)  0.155  0.016
  88 -   0.24598 0.24598 0.24598 0.24598 0.01608 ( 3)  0.155  0.016
  89 -   0.24598 0.24598 0.24598 0.24598 0.01608 ( 1)  0.155  0.016
  90 -   0.24598 0.24598 0.24598 0.24598 0.01608 ( 3)  0.155  0.016
  91 -   0.24598 0.24598 0.24598 0.24598 0.01608 ( 3)  0.155  0.016
  92 -   0.24598 0.24598 0.24598 0.24598 0.01608 ( 1)  0.155  0.016
  93 -   0.24598 0.24598 0.24598 0.24598 0.01608 ( 3)  0.155  0.016
  94 -   0.24598 0.24598 0.24598 0.24598 0.01608 ( 1)  0.155  0.016
  95 -   0.24598 0.24598 0.24598 0.24598 0.01608 ( 1)  0.155  0.016
  96 -   0.24598 0.24598 0.24598 0.24598 0.01608 ( 1)  0.155  0.016
  97 -   0.24598 0.24598 0.24598 0.24598 0.01608 ( 1)  0.155  0.016
  98 -   0.24598 0.24598 0.24598 0.24598 0.01608 ( 1)  0.155  0.016
  99 -   0.24598 0.24598 0.24598 0.24598 0.01608 ( 1)  0.155  0.016
 100 -   0.24598 0.24598 0.24598 0.24598 0.01608 ( 1)  0.155  0.016
 101 -   0.24598 0.24598 0.24598 0.24598 0.01608 ( 1)  0.155  0.016
 102 -   0.24598 0.24598 0.24598 0.24598 0.01608 ( 1)  0.155  0.016
 103 -   0.24598 0.24598 0.24598 0.24598 0.01608 ( 1)  0.155  0.016
 104 -   0.24598 0.24598 0.24598 0.24598 0.01608 ( 2)  0.155  0.016
 105 -   0.24598 0.24598 0.24598 0.24598 0.01608 ( 1)  0.155  0.016
 106 -   0.24598 0.24598 0.24598 0.24598 0.01608 ( 1)  0.155  0.016
 107 -   0.24598 0.24598 0.24598 0.24598 0.01608 ( 1)  0.155  0.016
 108 -   0.24598 0.24598 0.24598 0.24598 0.01608 ( 3)  0.155  0.016
 109 -   0.24598 0.24598 0.24598 0.24598 0.01608 ( 1)  0.155  0.016
 110 -   0.24598 0.24598 0.24598 0.24598 0.01608 ( 1)  0.155  0.016
 111 -   0.24598 0.24598 0.24598 0.24598 0.01608 ( 3)  0.155  0.016
 112 -   0.24598 0.24598 0.24598 0.24598 0.01608 ( 1)  0.155  0.016
 113 -   0.24598 0.24598 0.24598 0.24598 0.01608 ( 1)  0.155  0.016
 114 -   0.24598 0.24598 0.24598 0.24598 0.01608 ( 1)  0.155  0.016
 115 -   0.24598 0.24598 0.24598 0.24598 0.01608 ( 1)  0.155  0.016
 116 -   0.24598 0.24598 0.24598 0.24598 0.01608 ( 1)  0.155  0.016
 117 -   0.24598 0.24598 0.24598 0.24598 0.01608 ( 1)  0.155  0.016
 118 -   0.24598 0.24598 0.24598 0.24598 0.01608 ( 3)  0.155  0.016
 119 -   0.24598 0.24598 0.24598 0.24598 0.01608 ( 1)  0.155  0.016
 120 -   0.24598 0.24598 0.24598 0.24598 0.01608 ( 1)  0.155  0.016
 121 -   0.24598 0.24598 0.24598 0.24598 0.01608 ( 1)  0.155  0.016
 122 -   0.24598 0.24598 0.24598 0.24598 0.01608 ( 1)  0.155  0.016
 123 -   0.24598 0.24598 0.24598 0.24598 0.01608 ( 1)  0.155  0.016
 124 -   0.24598 0.24598 0.24598 0.24598 0.01608 ( 3)  0.155  0.016
 125 -   0.24598 0.24598 0.24598 0.24598 0.01608 ( 1)  0.155  0.016
 126 -   0.24598 0.24598 0.24598 0.24598 0.01608 ( 1)  0.155  0.016
 127 -   0.24598 0.24598 0.24598 0.24598 0.01608 ( 3)  0.155  0.016
 128 -   0.24598 0.24598 0.24598 0.24598 0.01608 ( 1)  0.155  0.016
 129 -   0.24598 0.24598 0.24598 0.24598 0.01608 ( 1)  0.155  0.016
 130 -   0.24598 0.24598 0.24598 0.24598 0.01608 ( 1)  0.155  0.016
 131 -   0.24598 0.24598 0.24598 0.24598 0.01608 ( 1)  0.155  0.016
 132 -   0.24598 0.24598 0.24598 0.24598 0.01608 ( 3)  0.155  0.016
 133 -   0.24598 0.24598 0.24598 0.24598 0.01608 ( 1)  0.155  0.016
 134 -   0.24598 0.24598 0.24598 0.24598 0.01608 ( 1)  0.155  0.016
 135 -   0.24598 0.24598 0.24598 0.24598 0.01608 ( 1)  0.155  0.016
 136 -   0.24598 0.24598 0.24598 0.24598 0.01608 ( 3)  0.155  0.016
 137 -   0.24598 0.24598 0.24598 0.24598 0.01608 ( 1)  0.155  0.016
 138 -   0.24598 0.24598 0.24598 0.24598 0.01608 ( 3)  0.155  0.016
 139 -   0.24598 0.24598 0.24598 0.24598 0.01608 ( 1)  0.155  0.016
 140 -   0.24598 0.24598 0.24598 0.24598 0.01608 ( 1)  0.155  0.016
 141 -   0.24598 0.24598 0.24598 0.24598 0.01608 ( 1)  0.155  0.016
 142 -   0.24598 0.24598 0.24598 0.24598 0.01608 ( 1)  0.155  0.016
 143 -   0.24598 0.24598 0.24598 0.24598 0.01608 ( 3)  0.155  0.016
 144 -   0.24598 0.24598 0.24598 0.24598 0.01608 ( 3)  0.155  0.016
 145 -   0.24598 0.24598 0.24598 0.24598 0.01608 ( 3)  0.155  0.016
 146 -   0.24598 0.24598 0.24598 0.24598 0.01608 ( 1)  0.155  0.016
 147 -   0.24598 0.24598 0.24598 0.24598 0.01608 ( 1)  0.155  0.016
 148 -   0.24598 0.24598 0.24598 0.24598 0.01608 ( 1)  0.155  0.016
 149 -   0.24598 0.24598 0.24598 0.24598 0.01608 ( 3)  0.155  0.016
 150 -   0.24598 0.24598 0.24598 0.24598 0.01608 ( 2)  0.155  0.016
 151 -   0.24598 0.24598 0.24598 0.24598 0.01608 ( 3)  0.155  0.016
 152 -   0.24598 0.24598 0.24598 0.24598 0.01608 ( 3)  0.155  0.016
 153 -   0.24598 0.24598 0.24598 0.24598 0.01608 ( 1)  0.155  0.016
 154 -   0.24598 0.24598 0.24598 0.24598 0.01608 ( 3)  0.155  0.016
 155 -   0.24598 0.24598 0.24598 0.24598 0.01608 ( 3)  0.155  0.016
 156 -   0.24598 0.24598 0.24598 0.24598 0.01608 ( 3)  0.155  0.016
 157 -   0.24598 0.24598 0.24598 0.24598 0.01608 ( 3)  0.155  0.016
 158 -   0.24598 0.24598 0.24598 0.24598 0.01608 ( 1)  0.155  0.016
 159 -   0.24598 0.24598 0.24598 0.24598 0.01608 ( 1)  0.155  0.016
 160 -   0.24598 0.24598 0.24598 0.24598 0.01608 ( 1)  0.155  0.016
 161 -   0.24598 0.24598 0.24598 0.24598 0.01608 ( 1)  0.155  0.016
 162 -   0.24598 0.24598 0.24598 0.24598 0.01608 ( 1)  0.155  0.016
 163 -   0.24598 0.24598 0.24598 0.24598 0.01608 ( 3)  0.155  0.016
 164 -   0.24598 0.24598 0.24598 0.24598 0.01608 ( 1)  0.155  0.016
 165 -   0.24598 0.24598 0.24598 0.24598 0.01608 ( 3)  0.155  0.016
 166 -   0.24598 0.24598 0.24598 0.24598 0.01608 ( 3)  0.155  0.016
 167 -   0.24598 0.24598 0.24598 0.24598 0.01608 ( 1)  0.155  0.016
 168 -   0.24598 0.24598 0.24598 0.24598 0.01608 ( 1)  0.155  0.016
 169 -   0.24598 0.24598 0.24598 0.24598 0.01608 ( 1)  0.155  0.016
 170 -   0.24598 0.24598 0.24598 0.24598 0.01608 ( 1)  0.155  0.016
 171 -   0.24598 0.24598 0.24598 0.24598 0.01608 ( 1)  0.155  0.016
 172 -   0.24598 0.24598 0.24598 0.24598 0.01608 ( 1)  0.155  0.016
 173 -   0.24598 0.24598 0.24598 0.24598 0.01608 ( 3)  0.155  0.016
 174 -   0.24598 0.24598 0.24598 0.24598 0.01608 ( 1)  0.155  0.016
 175 -   0.24598 0.24598 0.24598 0.24598 0.01608 ( 3)  0.155  0.016
 176 -   0.24598 0.24598 0.24598 0.24598 0.01608 ( 1)  0.155  0.016
 177 -   0.24598 0.24598 0.24598 0.24598 0.01608 ( 1)  0.155  0.016
 178 -   0.24598 0.24598 0.24598 0.24598 0.01608 ( 1)  0.155  0.016
 179 -   0.24598 0.24598 0.24598 0.24598 0.01608 ( 1)  0.155  0.016
 180 -   0.24598 0.24598 0.24598 0.24598 0.01608 ( 1)  0.155  0.016
 181 -   0.24980 0.24959 0.24924 0.24847 0.00289 ( 1)  0.034  0.003
 182 -   0.24598 0.24598 0.24598 0.24598 0.01608 ( 1)  0.155  0.016
 183 -   0.24598 0.24598 0.24598 0.24598 0.01608 ( 3)  0.155  0.016
 184 -   0.24598 0.24598 0.24598 0.24598 0.01608 ( 1)  0.155  0.016
 185 -   0.24598 0.24598 0.24598 0.24598 0.01608 ( 1)  0.155  0.016
 186 -   0.24598 0.24598 0.24598 0.24598 0.01608 ( 1)  0.155  0.016
 187 -   0.24598 0.24598 0.24598 0.24598 0.01608 ( 1)  0.155  0.016
 188 -   0.24598 0.24598 0.24598 0.24598 0.01608 ( 1)  0.155  0.016
 189 -   0.24598 0.24598 0.24598 0.24598 0.01608 ( 1)  0.155  0.016
 190 -   0.24598 0.24598 0.24598 0.24598 0.01608 ( 1)  0.155  0.016
 191 -   0.24598 0.24598 0.24598 0.24598 0.01608 ( 1)  0.155  0.016
 192 -   0.24598 0.24598 0.24598 0.24598 0.01608 ( 1)  0.155  0.016
 193 -   0.24598 0.24598 0.24598 0.24598 0.01608 ( 1)  0.155  0.016
 194 -   0.24598 0.24598 0.24598 0.24598 0.01608 ( 1)  0.155  0.016
 195 -   0.24598 0.24598 0.24598 0.24598 0.01608 ( 1)  0.155  0.016
 196 -   0.24598 0.24598 0.24598 0.24598 0.01608 ( 3)  0.155  0.016
 197 -   0.24598 0.24598 0.24598 0.24598 0.01608 ( 1)  0.155  0.016
 198 -   0.24598 0.24598 0.24598 0.24598 0.01608 ( 1)  0.155  0.016
 199 -   0.24598 0.24598 0.24598 0.24598 0.01608 ( 3)  0.155  0.016
 200 -   0.24598 0.24598 0.24598 0.24598 0.01608 ( 1)  0.155  0.016
 201 -   0.24598 0.24598 0.24598 0.24598 0.01608 ( 1)  0.155  0.016
 202 -   0.24598 0.24598 0.24598 0.24598 0.01608 ( 3)  0.155  0.016
 203 -   0.24598 0.24598 0.24598 0.24598 0.01608 ( 1)  0.155  0.016
 204 -   0.24598 0.24598 0.24598 0.24598 0.01608 ( 3)  0.155  0.016
 205 -   0.24598 0.24598 0.24598 0.24598 0.01608 ( 1)  0.155  0.016
 206 -   0.24598 0.24598 0.24598 0.24598 0.01608 ( 3)  0.155  0.016
 207 -   0.24598 0.24598 0.24598 0.24598 0.01608 ( 3)  0.155  0.016
 208 -   0.24598 0.24598 0.24598 0.24598 0.01608 ( 1)  0.155  0.016
 209 -   0.24598 0.24598 0.24598 0.24598 0.01608 ( 1)  0.155  0.016
 210 -   0.24598 0.24598 0.24598 0.24598 0.01608 ( 1)  0.155  0.016
 211 -   0.24598 0.24598 0.24598 0.24598 0.01608 ( 3)  0.155  0.016
 212 -   0.24598 0.24598 0.24598 0.24598 0.01608 ( 1)  0.155  0.016
 213 -   0.24598 0.24598 0.24598 0.24598 0.01608 ( 3)  0.155  0.016
 214 -   0.24598 0.24598 0.24598 0.24598 0.01608 ( 3)  0.155  0.016
 215 -   0.24598 0.24598 0.24598 0.24598 0.01608 ( 1)  0.155  0.016
 216 -   0.24598 0.24598 0.24598 0.24598 0.01608 ( 1)  0.155  0.016
 217 -   0.24598 0.24598 0.24598 0.24598 0.01608 ( 1)  0.155  0.016
 218 -   0.24598 0.24598 0.24598 0.24598 0.01608 ( 1)  0.155  0.016
 219 -   0.24598 0.24598 0.24598 0.24598 0.01608 ( 3)  0.155  0.016
 220 -   0.24598 0.24598 0.24598 0.24598 0.01608 ( 3)  0.155  0.016
 221 -   0.24598 0.24598 0.24598 0.24598 0.01608 ( 1)  0.155  0.016
 222 -   0.24598 0.24598 0.24598 0.24598 0.01608 ( 1)  0.155  0.016
 223 -   0.24598 0.24598 0.24598 0.24598 0.01608 ( 1)  0.155  0.016
 224 -   0.24598 0.24598 0.24598 0.24598 0.01608 ( 1)  0.155  0.016
 225 -   0.24598 0.24598 0.24598 0.24598 0.01608 ( 3)  0.155  0.016
 226 -   0.24598 0.24598 0.24598 0.24598 0.01608 ( 1)  0.155  0.016
 227 -   0.24598 0.24598 0.24598 0.24598 0.01608 ( 3)  0.155  0.016
 228 -   0.24598 0.24598 0.24598 0.24598 0.01608 ( 1)  0.155  0.016
 229 -   0.24598 0.24598 0.24598 0.24598 0.01608 ( 1)  0.155  0.016
 230 -   0.24598 0.24598 0.24598 0.24598 0.01608 ( 1)  0.155  0.016
 231 -   0.24598 0.24598 0.24598 0.24598 0.01608 ( 1)  0.155  0.016
 232 -   0.24598 0.24598 0.24598 0.24598 0.01608 ( 1)  0.155  0.016
 233 -   0.24598 0.24598 0.24598 0.24598 0.01608 ( 3)  0.155  0.016
 234 -   0.24741 0.24738 0.24732 0.24720 0.01070 ( 1)  0.106  0.011
 235 -   0.24968 0.24945 0.24908 0.24826 0.00353 ( 1)  0.040  0.004
 236 -   0.24982 0.24960 0.24925 0.24846 0.00287 ( 1)  0.034  0.003
 237 -   0.00852 0.03492 0.07810 0.17410 0.70435 ( 5)  6.462  0.704
 238 -   0.24976 0.24955 0.24920 0.24843 0.00306 ( 1)  0.036  0.003
 239 -   0.24955 0.24937 0.24906 0.24838 0.00363 ( 1)  0.041  0.004
 240 -   0.24997 0.24972 0.24933 0.24844 0.00254 ( 1)  0.031  0.003
 241 -   0.25004 0.24980 0.24941 0.24854 0.00221 ( 1)  0.028  0.002
 242 -   0.24976 0.24955 0.24920 0.24843 0.00306 ( 1)  0.036  0.003
 243 -   0.00583 0.02391 0.05349 0.11938 0.79740 ( 5)  7.314  0.797
 244 -   0.24882 0.24870 0.24852 0.24811 0.00585 ( 1)  0.061  0.006
 245 -   0.24810 0.24804 0.24794 0.24773 0.00819 ( 1)  0.083  0.008
 246 -   0.24986 0.24960 0.24918 0.24823 0.00313 ( 1)  0.036  0.003
 247 -   0.24882 0.24870 0.24852 0.24811 0.00585 ( 1)  0.061  0.006
 248 -   0.24840 0.24833 0.24822 0.24796 0.00708 ( 1)  0.073  0.007
 249 -   0.24882 0.24870 0.24852 0.24811 0.00585 ( 1)  0.061  0.006
 250 -   0.24806 0.24800 0.24791 0.24770 0.00833 ( 1)  0.084  0.008
 251 -   0.24965 0.24944 0.24910 0.24834 0.00348 ( 1)  0.040  0.003
 252 -   0.24882 0.24870 0.24852 0.24811 0.00585 ( 1)  0.061  0.006
 253 -   0.24974 0.24953 0.24919 0.24843 0.00310 ( 1)  0.036  0.003
 254 -   0.24980 0.24960 0.24926 0.24852 0.00281 ( 1)  0.034  0.003
 255 -   0.24955 0.24937 0.24906 0.24838 0.00363 ( 1)  0.041  0.004
 256 -   0.24979 0.24959 0.24926 0.24853 0.00283 ( 1)  0.034  0.003
 257 -   0.24949 0.24930 0.24898 0.24826 0.00397 ( 1)  0.044  0.004
 258 -   0.24840 0.24833 0.24822 0.24796 0.00708 ( 1)  0.073  0.007
 259 -   0.24966 0.24945 0.24911 0.24833 0.00345 ( 1)  0.039  0.003
 260 -   0.00205 0.00842 0.01885 0.04215 0.92852 ( 5)  8.515  0.929
 261 -   0.24974 0.24953 0.24919 0.24843 0.00310 ( 1)  0.036  0.003
 262 -   0.24997 0.24972 0.24933 0.24844 0.00254 ( 1)  0.031  0.003
 263 -   0.24965 0.24944 0.24910 0.24834 0.00348 ( 1)  0.040  0.003
 264 -   0.25001 0.24977 0.24939 0.24854 0.00229 ( 1)  0.029  0.002
 265 -   0.24985 0.24964 0.24930 0.24855 0.00265 ( 1)  0.032  0.003
 266 -   0.24976 0.24955 0.24920 0.24843 0.00306 ( 1)  0.036  0.003
 267 -   0.24997 0.24972 0.24933 0.24844 0.00254 ( 1)  0.031  0.003
 268 -   0.24979 0.24959 0.24926 0.24853 0.00283 ( 1)  0.034  0.003
 269 -   0.24976 0.24955 0.24920 0.24843 0.00306 ( 1)  0.036  0.003
 270 M   0.25536 0.25317 0.24961 0.24186 0.00000 ( 1)  0.008  0.000
 271 -   0.24598 0.24598 0.24598 0.24598 0.01608 ( 1)  0.155  0.016
 272 -   0.24598 0.24598 0.24598 0.24598 0.01608 ( 1)  0.155  0.016
 273 -   0.24598 0.24598 0.24598 0.24598 0.01608 ( 1)  0.155  0.016
 274 -   0.24598 0.24598 0.24598 0.24598 0.01608 ( 1)  0.155  0.016
 275 -   0.24598 0.24598 0.24598 0.24598 0.01608 ( 1)  0.155  0.016
 276 -   0.24598 0.24598 0.24598 0.24598 0.01608 ( 3)  0.155  0.016
 277 -   0.24598 0.24598 0.24598 0.24598 0.01608 ( 1)  0.155  0.016
 278 -   0.24598 0.24598 0.24598 0.24598 0.01608 ( 1)  0.155  0.016
 279 -   0.24598 0.24598 0.24598 0.24598 0.01608 ( 3)  0.155  0.016
 280 -   0.24598 0.24598 0.24598 0.24598 0.01608 ( 1)  0.155  0.016
 281 -   0.24598 0.24598 0.24598 0.24598 0.01608 ( 1)  0.155  0.016
 282 -   0.24598 0.24598 0.24598 0.24598 0.01608 ( 3)  0.155  0.016
 283 -   0.24598 0.24598 0.24598 0.24598 0.01608 ( 1)  0.155  0.016
 284 -   0.24598 0.24598 0.24598 0.24598 0.01608 ( 3)  0.155  0.016
 285 -   0.24598 0.24598 0.24598 0.24598 0.01608 ( 1)  0.155  0.016
 286 -   0.24598 0.24598 0.24598 0.24598 0.01608 ( 1)  0.155  0.016
 287 -   0.24598 0.24598 0.24598 0.24598 0.01608 ( 3)  0.155  0.016
 288 -   0.24598 0.24598 0.24598 0.24598 0.01608 ( 1)  0.155  0.016
 289 -   0.24598 0.24598 0.24598 0.24598 0.01608 ( 1)  0.155  0.016
 290 -   0.24598 0.24598 0.24598 0.24598 0.01608 ( 1)  0.155  0.016
 291 -   0.24598 0.24598 0.24598 0.24598 0.01608 ( 1)  0.155  0.016
 292 -   0.24598 0.24598 0.24598 0.24598 0.01608 ( 1)  0.155  0.016
 293 -   0.24598 0.24598 0.24598 0.24598 0.01608 ( 1)  0.155  0.016
 294 -   0.24598 0.24598 0.24598 0.24598 0.01608 ( 1)  0.155  0.016
 295 -   0.24598 0.24598 0.24598 0.24598 0.01608 ( 1)  0.155  0.016
 296 -   0.24598 0.24598 0.24598 0.24598 0.01608 ( 3)  0.155  0.016
 297 -   0.24598 0.24598 0.24598 0.24598 0.01608 ( 1)  0.155  0.016
 298 -   0.24598 0.24598 0.24598 0.24598 0.01608 ( 1)  0.155  0.016
 299 -   0.24598 0.24598 0.24598 0.24598 0.01608 ( 3)  0.155  0.016
 300 -   0.24598 0.24598 0.24598 0.24598 0.01608 ( 1)  0.155  0.016
 301 D   0.25653 0.25385 0.24952 0.24010 0.00000 ( 1)  0.008  0.000
 302 C   0.25149 0.25089 0.24990 0.24771 0.00001 ( 1)  0.008  0.000
 303 S   0.25508 0.25300 0.24964 0.24228 0.00000 ( 1)  0.008  0.000
 304 C   0.25402 0.25238 0.24972 0.24387 0.00000 ( 1)  0.008  0.000
 305 V   0.02966 0.12076 0.26727 0.58229 0.00001 ( 4)  0.014  0.000
 306 S   0.25426 0.25252 0.24970 0.24352 0.00000 ( 1)  0.008  0.000
 307 D   0.25550 0.25325 0.24960 0.24165 0.00000 ( 1)  0.008  0.000
 308 L   0.25124 0.25073 0.24991 0.24807 0.00005 ( 1)  0.008  0.000
 309 L   0.25444 0.25263 0.24969 0.24325 0.00000 ( 1)  0.008  0.000
 310 F   0.25461 0.25273 0.24967 0.24298 0.00000 ( 1)  0.008  0.000
 311 A   0.02966 0.12076 0.26727 0.58231 0.00000 ( 4)  0.014  0.000
 312 P   0.25395 0.25234 0.24973 0.24398 0.00000 ( 1)  0.008  0.000
 313 P   0.25443 0.25263 0.24969 0.24325 0.00000 ( 1)  0.008  0.000
 314 A   0.25440 0.25260 0.24969 0.24331 0.00000 ( 1)  0.008  0.000
 315 L   0.25230 0.25137 0.24985 0.24648 0.00000 ( 1)  0.008  0.000
 316 P   0.25395 0.25234 0.24973 0.24398 0.00000 ( 1)  0.008  0.000
 317 A   0.25126 0.25074 0.24991 0.24805 0.00004 ( 1)  0.008  0.000
 318 L   0.25444 0.25263 0.24969 0.24325 0.00000 ( 1)  0.008  0.000
 319 W   0.25245 0.25146 0.24984 0.24625 0.00000 ( 1)  0.008  0.000
 320 T   0.25434 0.25257 0.24970 0.24339 0.00000 ( 1)  0.008  0.000
 321 P   0.25485 0.25287 0.24966 0.24262 0.00000 ( 1)  0.008  0.000
 322 -   0.24598 0.24598 0.24598 0.24598 0.01608 ( 1)  0.155  0.016
 323 -   0.24598 0.24598 0.24598 0.24598 0.01608 ( 2)  0.155  0.016
 324 -   0.24598 0.24598 0.24598 0.24598 0.01608 ( 1)  0.155  0.016
 325 -   0.24598 0.24598 0.24598 0.24598 0.01608 ( 1)  0.155  0.016
 326 -   0.24598 0.24598 0.24598 0.24598 0.01608 ( 1)  0.155  0.016
 327 -   0.24598 0.24598 0.24598 0.24598 0.01608 ( 1)  0.155  0.016
 328 -   0.24598 0.24598 0.24598 0.24598 0.01608 ( 1)  0.155  0.016
 329 -   0.24598 0.24598 0.24598 0.24598 0.01608 ( 1)  0.155  0.016
 330 -   0.24598 0.24598 0.24598 0.24598 0.01608 ( 1)  0.155  0.016
 331 -   0.24598 0.24598 0.24598 0.24598 0.01608 ( 3)  0.155  0.016
 332 -   0.24598 0.24598 0.24598 0.24598 0.01608 ( 3)  0.155  0.016
 333 -   0.24598 0.24598 0.24598 0.24598 0.01608 ( 1)  0.155  0.016
 334 -   0.24598 0.24598 0.24598 0.24598 0.01608 ( 1)  0.155  0.016
 335 -   0.24598 0.24598 0.24598 0.24598 0.01608 ( 1)  0.155  0.016
 336 -   0.24598 0.24598 0.24598 0.24598 0.01608 ( 1)  0.155  0.016
 337 -   0.24598 0.24598 0.24598 0.24598 0.01608 ( 3)  0.155  0.016
 338 -   0.24598 0.24598 0.24598 0.24598 0.01608 ( 1)  0.155  0.016
 339 -   0.24598 0.24598 0.24598 0.24598 0.01608 ( 3)  0.155  0.016
 340 -   0.24598 0.24598 0.24598 0.24598 0.01608 ( 1)  0.155  0.016
 341 -   0.24598 0.24598 0.24598 0.24598 0.01608 ( 1)  0.155  0.016
 342 -   0.24598 0.24598 0.24598 0.24598 0.01608 ( 1)  0.155  0.016
 343 -   0.24598 0.24598 0.24598 0.24598 0.01608 ( 1)  0.155  0.016
 344 -   0.24598 0.24598 0.24598 0.24598 0.01608 ( 1)  0.155  0.016
 345 -   0.24598 0.24598 0.24598 0.24598 0.01608 ( 3)  0.155  0.016
 346 -   0.24598 0.24598 0.24598 0.24598 0.01608 ( 1)  0.155  0.016
 347 -   0.24598 0.24598 0.24598 0.24598 0.01608 ( 3)  0.155  0.016
 348 -   0.24598 0.24598 0.24598 0.24598 0.01608 ( 1)  0.155  0.016
 349 -   0.24598 0.24598 0.24598 0.24598 0.01608 ( 3)  0.155  0.016
 350 -   0.24598 0.24598 0.24598 0.24598 0.01608 ( 1)  0.155  0.016
 351 -   0.24598 0.24598 0.24598 0.24598 0.01608 ( 1)  0.155  0.016
 352 -   0.24598 0.24598 0.24598 0.24598 0.01608 ( 1)  0.155  0.016
 353 -   0.24598 0.24598 0.24598 0.24598 0.01608 ( 3)  0.155  0.016
 354 -   0.24598 0.24598 0.24598 0.24598 0.01608 ( 1)  0.155  0.016
 355 G   0.25546 0.25323 0.24961 0.24171 0.00000 ( 1)  0.008  0.000
 356 F   0.25171 0.25102 0.24989 0.24738 0.00000 ( 1)  0.008  0.000
 357 A   0.25534 0.25316 0.24962 0.24189 0.00000 ( 1)  0.008  0.000
 358 F   0.25548 0.25324 0.24960 0.24168 0.00000 ( 1)  0.008  0.000
 359 P   0.25455 0.25269 0.24968 0.24307 0.00000 ( 1)  0.008  0.000
 360 D   0.25295 0.25175 0.24980 0.24550 0.00000 ( 1)  0.008  0.000
 361 W   0.25291 0.25173 0.24980 0.24555 0.00000 ( 1)  0.008  0.000
 362 A   0.25532 0.25314 0.24962 0.24192 0.00000 ( 1)  0.008  0.000
 363 Y   0.25546 0.25323 0.24961 0.24170 0.00000 ( 1)  0.008  0.000
 364 K   0.25572 0.25338 0.24958 0.24132 0.00000 ( 1)  0.008  0.000
 365 P   0.25196 0.25116 0.24987 0.24700 0.00002 ( 1)  0.008  0.000
 366 E   0.25569 0.25336 0.24959 0.24136 0.00000 ( 1)  0.008  0.000
 367 S   0.25331 0.25196 0.24977 0.24496 0.00000 ( 1)  0.008  0.000
 368 S   0.25506 0.25299 0.24964 0.24231 0.00000 ( 1)  0.008  0.000
 369 P   0.25163 0.25097 0.24989 0.24750 0.00001 ( 1)  0.008  0.000
 370 G   0.25613 0.25362 0.24955 0.24071 0.00000 ( 1)  0.008  0.000
 371 S   0.25417 0.25247 0.24971 0.24364 0.00000 ( 1)  0.008  0.000
 372 R   0.25524 0.25310 0.24962 0.24204 0.00000 ( 1)  0.008  0.000
 373 Q   0.25344 0.25204 0.24976 0.24475 0.00000 ( 1)  0.008  0.000
 374 I   0.25542 0.25320 0.24961 0.24177 0.00000 ( 1)  0.008  0.000
 375 Q   0.25344 0.25204 0.24976 0.24475 0.00000 ( 1)  0.008  0.000
 376 L   0.25285 0.25169 0.24981 0.24565 0.00000 ( 1)  0.008  0.000
 377 W   0.25291 0.25173 0.24980 0.24555 0.00000 ( 1)  0.008  0.000
 378 H   0.25643 0.25379 0.24952 0.24026 0.00000 ( 1)  0.008  0.000
 379 F   0.25171 0.25102 0.24989 0.24738 0.00000 ( 1)  0.008  0.000
 380 I   0.25554 0.25327 0.24960 0.24159 0.00000 ( 1)  0.008  0.000
 381 L   0.25285 0.25169 0.24981 0.24565 0.00000 ( 1)  0.008  0.000
 382 E   0.25569 0.25336 0.24959 0.24136 0.00000 ( 1)  0.008  0.000
 383 L   0.25285 0.25169 0.24981 0.24565 0.00000 ( 1)  0.008  0.000
 384 L   0.25285 0.25169 0.24981 0.24565 0.00000 ( 1)  0.008  0.000
 385 Q   0.25344 0.25204 0.24976 0.24475 0.00000 ( 1)  0.008  0.000
 386 K   0.25572 0.25338 0.24958 0.24132 0.00000 ( 1)  0.008  0.000
 387 E   0.25536 0.25316 0.24961 0.24186 0.00000 ( 1)  0.008  0.000
 388 E   0.25569 0.25336 0.24959 0.24136 0.00000 ( 1)  0.008  0.000
 389 Y   0.25619 0.25365 0.24954 0.24062 0.00000 ( 1)  0.008  0.000
 390 Q   0.25344 0.25204 0.24976 0.24475 0.00000 ( 1)  0.008  0.000
 391 G   0.25463 0.25274 0.24967 0.24296 0.00000 ( 1)  0.008  0.000
 392 V   0.25514 0.25304 0.24963 0.24220 0.00000 ( 1)  0.008  0.000
 393 I   0.25414 0.25245 0.24971 0.24369 0.00000 ( 1)  0.008  0.000
 394 A   0.25517 0.25305 0.24963 0.24215 0.00000 ( 1)  0.008  0.000
 395 W   0.25291 0.25173 0.24980 0.24555 0.00000 ( 1)  0.008  0.000
 396 Q   0.25344 0.25204 0.24976 0.24475 0.00000 ( 1)  0.008  0.000
 397 G   0.25520 0.25307 0.24963 0.24210 0.00000 ( 1)  0.008  0.000
 398 D   0.25653 0.25385 0.24952 0.24010 0.00000 ( 1)  0.008  0.000
 399 Y   0.25509 0.25301 0.24964 0.24226 0.00000 ( 1)  0.008  0.000
 400 G   0.25471 0.25279 0.24967 0.24283 0.00000 ( 1)  0.008  0.000
 401 E   0.25131 0.25078 0.24991 0.24797 0.00003 ( 1)  0.008  0.000
 402 F   0.25512 0.25303 0.24963 0.24221 0.00000 ( 1)  0.008  0.000
 403 V   0.25535 0.25316 0.24961 0.24187 0.00000 ( 1)  0.008  0.000
 404 I   0.25554 0.25327 0.24960 0.24159 0.00000 ( 1)  0.008  0.000
 405 K   0.25446 0.25264 0.24969 0.24322 0.00000 ( 1)  0.008  0.000
 406 D   0.25653 0.25385 0.24952 0.24010 0.00000 ( 1)  0.008  0.000
 407 P   0.25254 0.25151 0.24983 0.24612 0.00000 ( 1)  0.008  0.000
 408 D   0.25465 0.25275 0.24967 0.24293 0.00000 ( 1)  0.008  0.000
 409 E   0.25569 0.25336 0.24959 0.24136 0.00000 ( 1)  0.008  0.000
 410 V   0.25477 0.25282 0.24966 0.24275 0.00000 ( 1)  0.008  0.000
 411 A   0.25534 0.25316 0.24962 0.24189 0.00000 ( 1)  0.008  0.000
 412 R   0.25495 0.25293 0.24965 0.24247 0.00000 ( 1)  0.008  0.000
 413 L   0.25382 0.25226 0.24974 0.24418 0.00000 ( 1)  0.008  0.000
 414 W   0.25291 0.25173 0.24980 0.24555 0.00000 ( 1)  0.008  0.000
 415 G   0.25570 0.25337 0.24959 0.24134 0.00000 ( 1)  0.008  0.000
 416 I   0.25321 0.25191 0.24978 0.24510 0.00000 ( 1)  0.008  0.000
 417 R   0.25605 0.25357 0.24956 0.24083 0.00000 ( 1)  0.008  0.000
 418 K   0.25300 0.25178 0.24980 0.24542 0.00000 ( 1)  0.008  0.000
 419 C   0.25589 0.25347 0.24957 0.24107 0.00000 ( 1)  0.008  0.000
 420 K   0.25572 0.25338 0.24958 0.24132 0.00000 ( 1)  0.008  0.000
 421 P   0.25527 0.25311 0.24962 0.24200 0.00000 ( 1)  0.008  0.000
 422 H   0.25643 0.25379 0.24952 0.24026 0.00000 ( 1)  0.008  0.000
 423 M   0.25536 0.25317 0.24961 0.24186 0.00000 ( 1)  0.008  0.000
 424 N   0.25246 0.25146 0.24984 0.24624 0.00000 ( 1)  0.008  0.000
 425 Y   0.25604 0.25356 0.24956 0.24085 0.00000 ( 1)  0.008  0.000
 426 D   0.25653 0.25385 0.24952 0.24010 0.00000 ( 1)  0.008  0.000
 427 K   0.25536 0.25317 0.24961 0.24186 0.00000 ( 1)  0.008  0.000
 428 L   0.25285 0.25169 0.24981 0.24565 0.00000 ( 1)  0.008  0.000
 429 S   0.25604 0.25356 0.24956 0.24085 0.00000 ( 1)  0.008  0.000
 430 R   0.25521 0.25308 0.24963 0.24208 0.00000 ( 1)  0.008  0.000
 431 A   0.25534 0.25316 0.24962 0.24189 0.00000 ( 1)  0.008  0.000
 432 L   0.25285 0.25169 0.24981 0.24565 0.00000 ( 1)  0.008  0.000
 433 R   0.25170 0.25101 0.24989 0.24739 0.00001 ( 1)  0.008  0.000
 434 Y   0.25619 0.25365 0.24954 0.24062 0.00000 ( 1)  0.008  0.000
 435 Y   0.25619 0.25365 0.24954 0.24062 0.00000 ( 1)  0.008  0.000
 436 Y   0.25500 0.25296 0.24964 0.24240 0.00000 ( 1)  0.008  0.000
 437 N   0.25659 0.25389 0.24951 0.24001 0.00000 ( 1)  0.008  0.000
 438 K   0.25548 0.25324 0.24960 0.24167 0.00000 ( 1)  0.008  0.000
 439 R   0.25521 0.25308 0.24963 0.24208 0.00000 ( 1)  0.008  0.000
 440 I   0.25171 0.25102 0.24989 0.24738 0.00001 ( 1)  0.008  0.000
 441 L   0.25491 0.25290 0.24965 0.24254 0.00000 ( 1)  0.008  0.000
 442 H   0.25620 0.25366 0.24954 0.24060 0.00000 ( 1)  0.008  0.000
 443 K   0.25572 0.25338 0.24958 0.24132 0.00000 ( 1)  0.008  0.000
 444 T   0.25515 0.25305 0.24963 0.24217 0.00000 ( 1)  0.008  0.000
 445 K   0.25125 0.25074 0.24991 0.24807 0.00003 ( 1)  0.008  0.000
 446 G   0.25550 0.25325 0.24960 0.24164 0.00000 ( 1)  0.008  0.000
 447 K   0.25572 0.25338 0.24958 0.24132 0.00000 ( 1)  0.008  0.000
 448 R   0.25524 0.25310 0.24962 0.24204 0.00000 ( 1)  0.008  0.000
 449 F   0.25548 0.25324 0.24960 0.24168 0.00000 ( 1)  0.008  0.000
 450 T   0.25515 0.25305 0.24963 0.24217 0.00000 ( 1)  0.008  0.000
 451 Y   0.25619 0.25365 0.24954 0.24062 0.00000 ( 1)  0.008  0.000
 452 K   0.25572 0.25338 0.24958 0.24132 0.00000 ( 1)  0.008  0.000
 453 F   0.25548 0.25324 0.24960 0.24168 0.00000 ( 1)  0.008  0.000
 454 N   0.25659 0.25389 0.24951 0.24001 0.00000 ( 1)  0.008  0.000
 455 F   0.25443 0.25262 0.24969 0.24326 0.00000 ( 1)  0.008  0.000

Positively selected sites

	Prob(w>1)  mean w

   237 -      0.704         6.462
   243 -      0.797         7.314
   260 -      0.929         8.515


lnL = -2221.615234

Bayes Empirical Bayes (BEB) probabilities for 11 classes (class) & postmean_w
(amino acids refer to 1st sequence: aotNan_LOC105723390_XM_012461345)

   1 -   0.81169 0.05190 0.02904 0.01908 0.01334 0.00954 0.00678 0.00463 0.00285 0.00117 0.05000 ( 1)  0.387 +-  1.449
   2 -   0.81169 0.05190 0.02904 0.01908 0.01334 0.00954 0.00678 0.00463 0.00285 0.00117 0.05000 ( 1)  0.387 +-  1.449
   3 -   0.81169 0.05190 0.02904 0.01908 0.01334 0.00954 0.00678 0.00463 0.00285 0.00117 0.05000 ( 1)  0.387 +-  1.449
   4 -   0.81169 0.05190 0.02904 0.01908 0.01334 0.00954 0.00678 0.00463 0.00285 0.00117 0.05000 ( 1)  0.387 +-  1.449
   5 -   0.81169 0.05190 0.02904 0.01908 0.01334 0.00954 0.00678 0.00463 0.00285 0.00117 0.05000 ( 1)  0.387 +-  1.449
   6 -   0.81169 0.05190 0.02904 0.01908 0.01334 0.00954 0.00678 0.00463 0.00285 0.00117 0.05000 ( 1)  0.387 +-  1.449
   7 -   0.81169 0.05190 0.02904 0.01908 0.01334 0.00954 0.00678 0.00463 0.00285 0.00117 0.05000 ( 1)  0.387 +-  1.449
   8 -   0.81169 0.05190 0.02904 0.01908 0.01334 0.00954 0.00678 0.00463 0.00285 0.00117 0.05000 ( 1)  0.387 +-  1.449
   9 -   0.81169 0.05190 0.02904 0.01908 0.01334 0.00954 0.00678 0.00463 0.00285 0.00117 0.05000 ( 1)  0.387 +-  1.449
  10 -   0.81169 0.05190 0.02904 0.01908 0.01334 0.00954 0.00678 0.00463 0.00285 0.00117 0.05000 ( 1)  0.387 +-  1.449
  11 -   0.81169 0.05190 0.02904 0.01908 0.01334 0.00954 0.00678 0.00463 0.00285 0.00117 0.05000 ( 1)  0.387 +-  1.449
  12 -   0.81169 0.05190 0.02904 0.01908 0.01334 0.00954 0.00678 0.00463 0.00285 0.00117 0.05000 ( 1)  0.387 +-  1.449
  13 -   0.81169 0.05190 0.02904 0.01908 0.01334 0.00954 0.00678 0.00463 0.00285 0.00117 0.05000 ( 1)  0.387 +-  1.449
  14 -   0.81169 0.05190 0.02904 0.01908 0.01334 0.00954 0.00678 0.00463 0.00285 0.00117 0.05000 ( 1)  0.387 +-  1.449
  15 -   0.81169 0.05190 0.02904 0.01908 0.01334 0.00954 0.00678 0.00463 0.00285 0.00117 0.05000 ( 1)  0.387 +-  1.449
  16 -   0.81169 0.05190 0.02904 0.01908 0.01334 0.00954 0.00678 0.00463 0.00285 0.00117 0.05000 ( 1)  0.387 +-  1.449
  17 -   0.81169 0.05190 0.02904 0.01908 0.01334 0.00954 0.00678 0.00463 0.00285 0.00117 0.05000 ( 1)  0.387 +-  1.449
  18 -   0.81169 0.05190 0.02904 0.01908 0.01334 0.00954 0.00678 0.00463 0.00285 0.00117 0.05000 ( 1)  0.387 +-  1.449
  19 -   0.81169 0.05190 0.02904 0.01908 0.01334 0.00954 0.00678 0.00463 0.00285 0.00117 0.05000 ( 1)  0.387 +-  1.449
  20 -   0.81169 0.05190 0.02904 0.01908 0.01334 0.00954 0.00678 0.00463 0.00285 0.00117 0.05000 ( 1)  0.387 +-  1.449
  21 -   0.81169 0.05190 0.02904 0.01908 0.01334 0.00954 0.00678 0.00463 0.00285 0.00117 0.05000 ( 1)  0.387 +-  1.449
  22 -   0.81169 0.05190 0.02904 0.01908 0.01334 0.00954 0.00678 0.00463 0.00285 0.00117 0.05000 ( 1)  0.387 +-  1.449
  23 -   0.81169 0.05190 0.02904 0.01908 0.01334 0.00954 0.00678 0.00463 0.00285 0.00117 0.05000 ( 1)  0.387 +-  1.449
  24 -   0.81169 0.05190 0.02904 0.01908 0.01334 0.00954 0.00678 0.00463 0.00285 0.00117 0.05000 ( 1)  0.387 +-  1.449
  25 -   0.81169 0.05190 0.02904 0.01908 0.01334 0.00954 0.00678 0.00463 0.00285 0.00117 0.05000 ( 1)  0.387 +-  1.449
  26 -   0.81169 0.05190 0.02904 0.01908 0.01334 0.00954 0.00678 0.00463 0.00285 0.00117 0.05000 ( 1)  0.387 +-  1.449
  27 -   0.81169 0.05190 0.02904 0.01908 0.01334 0.00954 0.00678 0.00463 0.00285 0.00117 0.05000 ( 1)  0.387 +-  1.449
  28 -   0.81169 0.05190 0.02904 0.01908 0.01334 0.00954 0.00678 0.00463 0.00285 0.00117 0.05000 ( 1)  0.387 +-  1.449
  29 -   0.81169 0.05190 0.02904 0.01908 0.01334 0.00954 0.00678 0.00463 0.00285 0.00117 0.05000 ( 1)  0.387 +-  1.449
  30 -   0.81169 0.05190 0.02904 0.01908 0.01334 0.00954 0.00678 0.00463 0.00285 0.00117 0.05000 ( 1)  0.387 +-  1.449
  31 -   0.81169 0.05190 0.02904 0.01908 0.01334 0.00954 0.00678 0.00463 0.00285 0.00117 0.05000 ( 1)  0.387 +-  1.449
  32 -   0.81169 0.05190 0.02904 0.01908 0.01334 0.00954 0.00678 0.00463 0.00285 0.00117 0.05000 ( 1)  0.387 +-  1.449
  33 -   0.81169 0.05190 0.02904 0.01908 0.01334 0.00954 0.00678 0.00463 0.00285 0.00117 0.05000 ( 1)  0.387 +-  1.449
  34 -   0.81169 0.05190 0.02904 0.01908 0.01334 0.00954 0.00678 0.00463 0.00285 0.00117 0.05000 ( 1)  0.387 +-  1.449
  35 -   0.81169 0.05190 0.02904 0.01908 0.01334 0.00954 0.00678 0.00463 0.00285 0.00117 0.05000 ( 1)  0.387 +-  1.449
  36 -   0.81169 0.05190 0.02904 0.01908 0.01334 0.00954 0.00678 0.00463 0.00285 0.00117 0.05000 ( 1)  0.387 +-  1.449
  37 -   0.81169 0.05190 0.02904 0.01908 0.01334 0.00954 0.00678 0.00463 0.00285 0.00117 0.05000 ( 1)  0.387 +-  1.449
  38 -   0.81169 0.05190 0.02904 0.01908 0.01334 0.00954 0.00678 0.00463 0.00285 0.00117 0.05000 ( 1)  0.387 +-  1.449
  39 -   0.81169 0.05190 0.02904 0.01908 0.01334 0.00954 0.00678 0.00463 0.00285 0.00117 0.05000 ( 1)  0.387 +-  1.449
  40 -   0.81169 0.05190 0.02904 0.01908 0.01334 0.00954 0.00678 0.00463 0.00285 0.00117 0.05000 ( 1)  0.387 +-  1.449
  41 -   0.81169 0.05190 0.02904 0.01908 0.01334 0.00954 0.00678 0.00463 0.00285 0.00117 0.05000 ( 1)  0.387 +-  1.449
  42 -   0.81169 0.05190 0.02904 0.01908 0.01334 0.00954 0.00678 0.00463 0.00285 0.00117 0.05000 ( 1)  0.387 +-  1.449
  43 -   0.81169 0.05190 0.02904 0.01908 0.01334 0.00954 0.00678 0.00463 0.00285 0.00117 0.05000 ( 1)  0.387 +-  1.449
  44 -   0.81169 0.05190 0.02904 0.01908 0.01334 0.00954 0.00678 0.00463 0.00285 0.00117 0.05000 ( 1)  0.387 +-  1.449
  45 -   0.81169 0.05190 0.02904 0.01908 0.01334 0.00954 0.00678 0.00463 0.00285 0.00117 0.05000 ( 1)  0.387 +-  1.449
  46 -   0.81169 0.05190 0.02904 0.01908 0.01334 0.00954 0.00678 0.00463 0.00285 0.00117 0.05000 ( 1)  0.387 +-  1.449
  47 -   0.81169 0.05190 0.02904 0.01908 0.01334 0.00954 0.00678 0.00463 0.00285 0.00117 0.05000 ( 1)  0.387 +-  1.449
  48 -   0.81169 0.05190 0.02904 0.01908 0.01334 0.00954 0.00678 0.00463 0.00285 0.00117 0.05000 ( 1)  0.387 +-  1.449
  49 -   0.81169 0.05190 0.02904 0.01908 0.01334 0.00954 0.00678 0.00463 0.00285 0.00117 0.05000 ( 1)  0.387 +-  1.449
  50 -   0.81169 0.05190 0.02904 0.01908 0.01334 0.00954 0.00678 0.00463 0.00285 0.00117 0.05000 ( 1)  0.387 +-  1.449
  51 -   0.81169 0.05190 0.02904 0.01908 0.01334 0.00954 0.00678 0.00463 0.00285 0.00117 0.05000 ( 1)  0.387 +-  1.449
  52 -   0.81169 0.05190 0.02904 0.01908 0.01334 0.00954 0.00678 0.00463 0.00285 0.00117 0.05000 ( 1)  0.387 +-  1.449
  53 -   0.81169 0.05190 0.02904 0.01908 0.01334 0.00954 0.00678 0.00463 0.00285 0.00117 0.05000 ( 1)  0.387 +-  1.449
  54 -   0.81169 0.05190 0.02904 0.01908 0.01334 0.00954 0.00678 0.00463 0.00285 0.00117 0.05000 ( 1)  0.387 +-  1.449
  55 -   0.81169 0.05190 0.02904 0.01908 0.01334 0.00954 0.00678 0.00463 0.00285 0.00117 0.05000 ( 1)  0.387 +-  1.449
  56 -   0.81169 0.05190 0.02904 0.01908 0.01334 0.00954 0.00678 0.00463 0.00285 0.00117 0.05000 ( 1)  0.387 +-  1.449
  57 -   0.81169 0.05190 0.02904 0.01908 0.01334 0.00954 0.00678 0.00463 0.00285 0.00117 0.05000 ( 1)  0.387 +-  1.449
  58 -   0.81169 0.05190 0.02904 0.01908 0.01334 0.00954 0.00678 0.00463 0.00285 0.00117 0.05000 ( 1)  0.387 +-  1.449
  59 -   0.81169 0.05190 0.02904 0.01908 0.01334 0.00954 0.00678 0.00463 0.00285 0.00117 0.05000 ( 1)  0.387 +-  1.449
  60 -   0.81169 0.05190 0.02904 0.01908 0.01334 0.00954 0.00678 0.00463 0.00285 0.00117 0.05000 ( 1)  0.387 +-  1.449
  61 -   0.81169 0.05190 0.02904 0.01908 0.01334 0.00954 0.00678 0.00463 0.00285 0.00117 0.05000 ( 1)  0.387 +-  1.449
  62 -   0.81169 0.05190 0.02904 0.01908 0.01334 0.00954 0.00678 0.00463 0.00285 0.00117 0.05000 ( 1)  0.387 +-  1.449
  63 -   0.81169 0.05190 0.02904 0.01908 0.01334 0.00954 0.00678 0.00463 0.00285 0.00117 0.05000 ( 1)  0.387 +-  1.449
  64 -   0.81169 0.05190 0.02904 0.01908 0.01334 0.00954 0.00678 0.00463 0.00285 0.00117 0.05000 ( 1)  0.387 +-  1.449
  65 -   0.81169 0.05190 0.02904 0.01908 0.01334 0.00954 0.00678 0.00463 0.00285 0.00117 0.05000 ( 1)  0.387 +-  1.449
  66 -   0.81169 0.05190 0.02904 0.01908 0.01334 0.00954 0.00678 0.00463 0.00285 0.00117 0.05000 ( 1)  0.387 +-  1.449
  67 -   0.81169 0.05190 0.02904 0.01908 0.01334 0.00954 0.00678 0.00463 0.00285 0.00117 0.05000 ( 1)  0.387 +-  1.449
  68 -   0.81169 0.05190 0.02904 0.01908 0.01334 0.00954 0.00678 0.00463 0.00285 0.00117 0.05000 ( 1)  0.387 +-  1.449
  69 -   0.81169 0.05190 0.02904 0.01908 0.01334 0.00954 0.00678 0.00463 0.00285 0.00117 0.05000 ( 1)  0.387 +-  1.449
  70 -   0.81169 0.05190 0.02904 0.01908 0.01334 0.00954 0.00678 0.00463 0.00285 0.00117 0.05000 ( 1)  0.387 +-  1.449
  71 -   0.81169 0.05190 0.02904 0.01908 0.01334 0.00954 0.00678 0.00463 0.00285 0.00117 0.05000 ( 1)  0.387 +-  1.449
  72 -   0.81169 0.05190 0.02904 0.01908 0.01334 0.00954 0.00678 0.00463 0.00285 0.00117 0.05000 ( 1)  0.387 +-  1.449
  73 -   0.81169 0.05190 0.02904 0.01908 0.01334 0.00954 0.00678 0.00463 0.00285 0.00117 0.05000 ( 1)  0.387 +-  1.449
  74 -   0.81169 0.05190 0.02904 0.01908 0.01334 0.00954 0.00678 0.00463 0.00285 0.00117 0.05000 ( 1)  0.387 +-  1.449
  75 -   0.81169 0.05190 0.02904 0.01908 0.01334 0.00954 0.00678 0.00463 0.00285 0.00117 0.05000 ( 1)  0.387 +-  1.449
  76 -   0.81169 0.05190 0.02904 0.01908 0.01334 0.00954 0.00678 0.00463 0.00285 0.00117 0.05000 ( 1)  0.387 +-  1.449
  77 -   0.81169 0.05190 0.02904 0.01908 0.01334 0.00954 0.00678 0.00463 0.00285 0.00117 0.05000 ( 1)  0.387 +-  1.449
  78 -   0.81169 0.05190 0.02904 0.01908 0.01334 0.00954 0.00678 0.00463 0.00285 0.00117 0.05000 ( 1)  0.387 +-  1.449
  79 -   0.81169 0.05190 0.02904 0.01908 0.01334 0.00954 0.00678 0.00463 0.00285 0.00117 0.05000 ( 1)  0.387 +-  1.449
  80 -   0.81169 0.05190 0.02904 0.01908 0.01334 0.00954 0.00678 0.00463 0.00285 0.00117 0.05000 ( 1)  0.387 +-  1.449
  81 -   0.81169 0.05190 0.02904 0.01908 0.01334 0.00954 0.00678 0.00463 0.00285 0.00117 0.05000 ( 1)  0.387 +-  1.449
  82 -   0.81169 0.05190 0.02904 0.01908 0.01334 0.00954 0.00678 0.00463 0.00285 0.00117 0.05000 ( 1)  0.387 +-  1.449
  83 -   0.81169 0.05190 0.02904 0.01908 0.01334 0.00954 0.00678 0.00463 0.00285 0.00117 0.05000 ( 1)  0.387 +-  1.449
  84 -   0.81169 0.05190 0.02904 0.01908 0.01334 0.00954 0.00678 0.00463 0.00285 0.00117 0.05000 ( 1)  0.387 +-  1.449
  85 -   0.81169 0.05190 0.02904 0.01908 0.01334 0.00954 0.00678 0.00463 0.00285 0.00117 0.05000 ( 1)  0.387 +-  1.449
  86 -   0.81169 0.05190 0.02904 0.01908 0.01334 0.00954 0.00678 0.00463 0.00285 0.00117 0.05000 ( 1)  0.387 +-  1.449
  87 -   0.81169 0.05190 0.02904 0.01908 0.01334 0.00954 0.00678 0.00463 0.00285 0.00117 0.05000 ( 1)  0.387 +-  1.449
  88 -   0.81169 0.05190 0.02904 0.01908 0.01334 0.00954 0.00678 0.00463 0.00285 0.00117 0.05000 ( 1)  0.387 +-  1.449
  89 -   0.81169 0.05190 0.02904 0.01908 0.01334 0.00954 0.00678 0.00463 0.00285 0.00117 0.05000 ( 1)  0.387 +-  1.449
  90 -   0.81169 0.05190 0.02904 0.01908 0.01334 0.00954 0.00678 0.00463 0.00285 0.00117 0.05000 ( 1)  0.387 +-  1.449
  91 -   0.81169 0.05190 0.02904 0.01908 0.01334 0.00954 0.00678 0.00463 0.00285 0.00117 0.05000 ( 1)  0.387 +-  1.449
  92 -   0.81169 0.05190 0.02904 0.01908 0.01334 0.00954 0.00678 0.00463 0.00285 0.00117 0.05000 ( 1)  0.387 +-  1.449
  93 -   0.81169 0.05190 0.02904 0.01908 0.01334 0.00954 0.00678 0.00463 0.00285 0.00117 0.05000 ( 1)  0.387 +-  1.449
  94 -   0.81169 0.05190 0.02904 0.01908 0.01334 0.00954 0.00678 0.00463 0.00285 0.00117 0.05000 ( 1)  0.387 +-  1.449
  95 -   0.81169 0.05190 0.02904 0.01908 0.01334 0.00954 0.00678 0.00463 0.00285 0.00117 0.05000 ( 1)  0.387 +-  1.449
  96 -   0.81169 0.05190 0.02904 0.01908 0.01334 0.00954 0.00678 0.00463 0.00285 0.00117 0.05000 ( 1)  0.387 +-  1.449
  97 -   0.81169 0.05190 0.02904 0.01908 0.01334 0.00954 0.00678 0.00463 0.00285 0.00117 0.05000 ( 1)  0.387 +-  1.449
  98 -   0.81169 0.05190 0.02904 0.01908 0.01334 0.00954 0.00678 0.00463 0.00285 0.00117 0.05000 ( 1)  0.387 +-  1.449
  99 -   0.81169 0.05190 0.02904 0.01908 0.01334 0.00954 0.00678 0.00463 0.00285 0.00117 0.05000 ( 1)  0.387 +-  1.449
 100 -   0.81169 0.05190 0.02904 0.01908 0.01334 0.00954 0.00678 0.00463 0.00285 0.00117 0.05000 ( 1)  0.387 +-  1.449
 101 -   0.81169 0.05190 0.02904 0.01908 0.01334 0.00954 0.00678 0.00463 0.00285 0.00117 0.05000 ( 1)  0.387 +-  1.449
 102 -   0.81169 0.05190 0.02904 0.01908 0.01334 0.00954 0.00678 0.00463 0.00285 0.00117 0.05000 ( 1)  0.387 +-  1.449
 103 -   0.81169 0.05190 0.02904 0.01908 0.01334 0.00954 0.00678 0.00463 0.00285 0.00117 0.05000 ( 1)  0.387 +-  1.449
 104 -   0.81169 0.05190 0.02904 0.01908 0.01334 0.00954 0.00678 0.00463 0.00285 0.00117 0.05000 ( 1)  0.387 +-  1.449
 105 -   0.81169 0.05190 0.02904 0.01908 0.01334 0.00954 0.00678 0.00463 0.00285 0.00117 0.05000 ( 1)  0.387 +-  1.449
 106 -   0.81169 0.05190 0.02904 0.01908 0.01334 0.00954 0.00678 0.00463 0.00285 0.00117 0.05000 ( 1)  0.387 +-  1.449
 107 -   0.81169 0.05190 0.02904 0.01908 0.01334 0.00954 0.00678 0.00463 0.00285 0.00117 0.05000 ( 1)  0.387 +-  1.449
 108 -   0.81169 0.05190 0.02904 0.01908 0.01334 0.00954 0.00678 0.00463 0.00285 0.00117 0.05000 ( 1)  0.387 +-  1.449
 109 -   0.81169 0.05190 0.02904 0.01908 0.01334 0.00954 0.00678 0.00463 0.00285 0.00117 0.05000 ( 1)  0.387 +-  1.449
 110 -   0.81169 0.05190 0.02904 0.01908 0.01334 0.00954 0.00678 0.00463 0.00285 0.00117 0.05000 ( 1)  0.387 +-  1.449
 111 -   0.81169 0.05190 0.02904 0.01908 0.01334 0.00954 0.00678 0.00463 0.00285 0.00117 0.05000 ( 1)  0.387 +-  1.449
 112 -   0.81169 0.05190 0.02904 0.01908 0.01334 0.00954 0.00678 0.00463 0.00285 0.00117 0.05000 ( 1)  0.387 +-  1.449
 113 -   0.81169 0.05190 0.02904 0.01908 0.01334 0.00954 0.00678 0.00463 0.00285 0.00117 0.05000 ( 1)  0.387 +-  1.449
 114 -   0.81169 0.05190 0.02904 0.01908 0.01334 0.00954 0.00678 0.00463 0.00285 0.00117 0.05000 ( 1)  0.387 +-  1.449
 115 -   0.81169 0.05190 0.02904 0.01908 0.01334 0.00954 0.00678 0.00463 0.00285 0.00117 0.05000 ( 1)  0.387 +-  1.449
 116 -   0.81169 0.05190 0.02904 0.01908 0.01334 0.00954 0.00678 0.00463 0.00285 0.00117 0.05000 ( 1)  0.387 +-  1.449
 117 -   0.81169 0.05190 0.02904 0.01908 0.01334 0.00954 0.00678 0.00463 0.00285 0.00117 0.05000 ( 1)  0.387 +-  1.449
 118 -   0.81169 0.05190 0.02904 0.01908 0.01334 0.00954 0.00678 0.00463 0.00285 0.00117 0.05000 ( 1)  0.387 +-  1.449
 119 -   0.81169 0.05190 0.02904 0.01908 0.01334 0.00954 0.00678 0.00463 0.00285 0.00117 0.05000 ( 1)  0.387 +-  1.449
 120 -   0.81169 0.05190 0.02904 0.01908 0.01334 0.00954 0.00678 0.00463 0.00285 0.00117 0.05000 ( 1)  0.387 +-  1.449
 121 -   0.81169 0.05190 0.02904 0.01908 0.01334 0.00954 0.00678 0.00463 0.00285 0.00117 0.05000 ( 1)  0.387 +-  1.449
 122 -   0.81169 0.05190 0.02904 0.01908 0.01334 0.00954 0.00678 0.00463 0.00285 0.00117 0.05000 ( 1)  0.387 +-  1.449
 123 -   0.81169 0.05190 0.02904 0.01908 0.01334 0.00954 0.00678 0.00463 0.00285 0.00117 0.05000 ( 1)  0.387 +-  1.449
 124 -   0.81169 0.05190 0.02904 0.01908 0.01334 0.00954 0.00678 0.00463 0.00285 0.00117 0.05000 ( 1)  0.387 +-  1.449
 125 -   0.81169 0.05190 0.02904 0.01908 0.01334 0.00954 0.00678 0.00463 0.00285 0.00117 0.05000 ( 1)  0.387 +-  1.449
 126 -   0.81169 0.05190 0.02904 0.01908 0.01334 0.00954 0.00678 0.00463 0.00285 0.00117 0.05000 ( 1)  0.387 +-  1.449
 127 -   0.81169 0.05190 0.02904 0.01908 0.01334 0.00954 0.00678 0.00463 0.00285 0.00117 0.05000 ( 1)  0.387 +-  1.449
 128 -   0.81169 0.05190 0.02904 0.01908 0.01334 0.00954 0.00678 0.00463 0.00285 0.00117 0.05000 ( 1)  0.387 +-  1.449
 129 -   0.81169 0.05190 0.02904 0.01908 0.01334 0.00954 0.00678 0.00463 0.00285 0.00117 0.05000 ( 1)  0.387 +-  1.449
 130 -   0.81169 0.05190 0.02904 0.01908 0.01334 0.00954 0.00678 0.00463 0.00285 0.00117 0.05000 ( 1)  0.387 +-  1.449
 131 -   0.81169 0.05190 0.02904 0.01908 0.01334 0.00954 0.00678 0.00463 0.00285 0.00117 0.05000 ( 1)  0.387 +-  1.449
 132 -   0.81169 0.05190 0.02904 0.01908 0.01334 0.00954 0.00678 0.00463 0.00285 0.00117 0.05000 ( 1)  0.387 +-  1.449
 133 -   0.81169 0.05190 0.02904 0.01908 0.01334 0.00954 0.00678 0.00463 0.00285 0.00117 0.05000 ( 1)  0.387 +-  1.449
 134 -   0.81169 0.05190 0.02904 0.01908 0.01334 0.00954 0.00678 0.00463 0.00285 0.00117 0.05000 ( 1)  0.387 +-  1.449
 135 -   0.81169 0.05190 0.02904 0.01908 0.01334 0.00954 0.00678 0.00463 0.00285 0.00117 0.05000 ( 1)  0.387 +-  1.449
 136 -   0.81169 0.05190 0.02904 0.01908 0.01334 0.00954 0.00678 0.00463 0.00285 0.00117 0.05000 ( 1)  0.387 +-  1.449
 137 -   0.81169 0.05190 0.02904 0.01908 0.01334 0.00954 0.00678 0.00463 0.00285 0.00117 0.05000 ( 1)  0.387 +-  1.449
 138 -   0.81169 0.05190 0.02904 0.01908 0.01334 0.00954 0.00678 0.00463 0.00285 0.00117 0.05000 ( 1)  0.387 +-  1.449
 139 -   0.81169 0.05190 0.02904 0.01908 0.01334 0.00954 0.00678 0.00463 0.00285 0.00117 0.05000 ( 1)  0.387 +-  1.449
 140 -   0.81169 0.05190 0.02904 0.01908 0.01334 0.00954 0.00678 0.00463 0.00285 0.00117 0.05000 ( 1)  0.387 +-  1.449
 141 -   0.81169 0.05190 0.02904 0.01908 0.01334 0.00954 0.00678 0.00463 0.00285 0.00117 0.05000 ( 1)  0.387 +-  1.449
 142 -   0.81169 0.05190 0.02904 0.01908 0.01334 0.00954 0.00678 0.00463 0.00285 0.00117 0.05000 ( 1)  0.387 +-  1.449
 143 -   0.81169 0.05190 0.02904 0.01908 0.01334 0.00954 0.00678 0.00463 0.00285 0.00117 0.05000 ( 1)  0.387 +-  1.449
 144 -   0.81169 0.05190 0.02904 0.01908 0.01334 0.00954 0.00678 0.00463 0.00285 0.00117 0.05000 ( 1)  0.387 +-  1.449
 145 -   0.81169 0.05190 0.02904 0.01908 0.01334 0.00954 0.00678 0.00463 0.00285 0.00117 0.05000 ( 1)  0.387 +-  1.449
 146 -   0.81169 0.05190 0.02904 0.01908 0.01334 0.00954 0.00678 0.00463 0.00285 0.00117 0.05000 ( 1)  0.387 +-  1.449
 147 -   0.81169 0.05190 0.02904 0.01908 0.01334 0.00954 0.00678 0.00463 0.00285 0.00117 0.05000 ( 1)  0.387 +-  1.449
 148 -   0.81169 0.05190 0.02904 0.01908 0.01334 0.00954 0.00678 0.00463 0.00285 0.00117 0.05000 ( 1)  0.387 +-  1.449
 149 -   0.81169 0.05190 0.02904 0.01908 0.01334 0.00954 0.00678 0.00463 0.00285 0.00117 0.05000 ( 1)  0.387 +-  1.449
 150 -   0.81169 0.05190 0.02904 0.01908 0.01334 0.00954 0.00678 0.00463 0.00285 0.00117 0.05000 ( 1)  0.387 +-  1.449
 151 -   0.81169 0.05190 0.02904 0.01908 0.01334 0.00954 0.00678 0.00463 0.00285 0.00117 0.05000 ( 1)  0.387 +-  1.449
 152 -   0.81169 0.05190 0.02904 0.01908 0.01334 0.00954 0.00678 0.00463 0.00285 0.00117 0.05000 ( 1)  0.387 +-  1.449
 153 -   0.81169 0.05190 0.02904 0.01908 0.01334 0.00954 0.00678 0.00463 0.00285 0.00117 0.05000 ( 1)  0.387 +-  1.449
 154 -   0.81169 0.05190 0.02904 0.01908 0.01334 0.00954 0.00678 0.00463 0.00285 0.00117 0.05000 ( 1)  0.387 +-  1.449
 155 -   0.81169 0.05190 0.02904 0.01908 0.01334 0.00954 0.00678 0.00463 0.00285 0.00117 0.05000 ( 1)  0.387 +-  1.449
 156 -   0.81169 0.05190 0.02904 0.01908 0.01334 0.00954 0.00678 0.00463 0.00285 0.00117 0.05000 ( 1)  0.387 +-  1.449
 157 -   0.81169 0.05190 0.02904 0.01908 0.01334 0.00954 0.00678 0.00463 0.00285 0.00117 0.05000 ( 1)  0.387 +-  1.449
 158 -   0.81169 0.05190 0.02904 0.01908 0.01334 0.00954 0.00678 0.00463 0.00285 0.00117 0.05000 ( 1)  0.387 +-  1.449
 159 -   0.81169 0.05190 0.02904 0.01908 0.01334 0.00954 0.00678 0.00463 0.00285 0.00117 0.05000 ( 1)  0.387 +-  1.449
 160 -   0.81169 0.05190 0.02904 0.01908 0.01334 0.00954 0.00678 0.00463 0.00285 0.00117 0.05000 ( 1)  0.387 +-  1.449
 161 -   0.81169 0.05190 0.02904 0.01908 0.01334 0.00954 0.00678 0.00463 0.00285 0.00117 0.05000 ( 1)  0.387 +-  1.449
 162 -   0.81169 0.05190 0.02904 0.01908 0.01334 0.00954 0.00678 0.00463 0.00285 0.00117 0.05000 ( 1)  0.387 +-  1.449
 163 -   0.81169 0.05190 0.02904 0.01908 0.01334 0.00954 0.00678 0.00463 0.00285 0.00117 0.05000 ( 1)  0.387 +-  1.449
 164 -   0.81169 0.05190 0.02904 0.01908 0.01334 0.00954 0.00678 0.00463 0.00285 0.00117 0.05000 ( 1)  0.387 +-  1.449
 165 -   0.81169 0.05190 0.02904 0.01908 0.01334 0.00954 0.00678 0.00463 0.00285 0.00117 0.05000 ( 1)  0.387 +-  1.449
 166 -   0.81169 0.05190 0.02904 0.01908 0.01334 0.00954 0.00678 0.00463 0.00285 0.00117 0.05000 ( 1)  0.387 +-  1.449
 167 -   0.81169 0.05190 0.02904 0.01908 0.01334 0.00954 0.00678 0.00463 0.00285 0.00117 0.05000 ( 1)  0.387 +-  1.449
 168 -   0.81169 0.05190 0.02904 0.01908 0.01334 0.00954 0.00678 0.00463 0.00285 0.00117 0.05000 ( 1)  0.387 +-  1.449
 169 -   0.81169 0.05190 0.02904 0.01908 0.01334 0.00954 0.00678 0.00463 0.00285 0.00117 0.05000 ( 1)  0.387 +-  1.449
 170 -   0.81169 0.05190 0.02904 0.01908 0.01334 0.00954 0.00678 0.00463 0.00285 0.00117 0.05000 ( 1)  0.387 +-  1.449
 171 -   0.81169 0.05190 0.02904 0.01908 0.01334 0.00954 0.00678 0.00463 0.00285 0.00117 0.05000 ( 1)  0.387 +-  1.449
 172 -   0.81169 0.05190 0.02904 0.01908 0.01334 0.00954 0.00678 0.00463 0.00285 0.00117 0.05000 ( 1)  0.387 +-  1.449
 173 -   0.81169 0.05190 0.02904 0.01908 0.01334 0.00954 0.00678 0.00463 0.00285 0.00117 0.05000 ( 1)  0.387 +-  1.449
 174 -   0.81169 0.05190 0.02904 0.01908 0.01334 0.00954 0.00678 0.00463 0.00285 0.00117 0.05000 ( 1)  0.387 +-  1.449
 175 -   0.81169 0.05190 0.02904 0.01908 0.01334 0.00954 0.00678 0.00463 0.00285 0.00117 0.05000 ( 1)  0.387 +-  1.449
 176 -   0.81169 0.05190 0.02904 0.01908 0.01334 0.00954 0.00678 0.00463 0.00285 0.00117 0.05000 ( 1)  0.387 +-  1.449
 177 -   0.81169 0.05190 0.02904 0.01908 0.01334 0.00954 0.00678 0.00463 0.00285 0.00117 0.05000 ( 1)  0.387 +-  1.449
 178 -   0.81169 0.05190 0.02904 0.01908 0.01334 0.00954 0.00678 0.00463 0.00285 0.00117 0.05000 ( 1)  0.387 +-  1.449
 179 -   0.81169 0.05190 0.02904 0.01908 0.01334 0.00954 0.00678 0.00463 0.00285 0.00117 0.05000 ( 1)  0.387 +-  1.449
 180 -   0.81169 0.05190 0.02904 0.01908 0.01334 0.00954 0.00678 0.00463 0.00285 0.00117 0.05000 ( 1)  0.387 +-  1.449
 181 -   0.84961 0.05271 0.02863 0.01826 0.01240 0.00861 0.00595 0.00395 0.00236 0.00094 0.01659 ( 1)  0.163 +-  0.704
 182 -   0.81169 0.05190 0.02904 0.01908 0.01334 0.00954 0.00678 0.00463 0.00285 0.00117 0.05000 ( 1)  0.387 +-  1.449
 183 -   0.81169 0.05190 0.02904 0.01908 0.01334 0.00954 0.00678 0.00463 0.00285 0.00117 0.05000 ( 1)  0.387 +-  1.449
 184 -   0.81169 0.05190 0.02904 0.01908 0.01334 0.00954 0.00678 0.00463 0.00285 0.00117 0.05000 ( 1)  0.387 +-  1.449
 185 -   0.81169 0.05190 0.02904 0.01908 0.01334 0.00954 0.00678 0.00463 0.00285 0.00117 0.05000 ( 1)  0.387 +-  1.449
 186 -   0.81169 0.05190 0.02904 0.01908 0.01334 0.00954 0.00678 0.00463 0.00285 0.00117 0.05000 ( 1)  0.387 +-  1.449
 187 -   0.81169 0.05190 0.02904 0.01908 0.01334 0.00954 0.00678 0.00463 0.00285 0.00117 0.05000 ( 1)  0.387 +-  1.449
 188 -   0.81169 0.05190 0.02904 0.01908 0.01334 0.00954 0.00678 0.00463 0.00285 0.00117 0.05000 ( 1)  0.387 +-  1.449
 189 -   0.81169 0.05190 0.02904 0.01908 0.01334 0.00954 0.00678 0.00463 0.00285 0.00117 0.05000 ( 1)  0.387 +-  1.449
 190 -   0.81169 0.05190 0.02904 0.01908 0.01334 0.00954 0.00678 0.00463 0.00285 0.00117 0.05000 ( 1)  0.387 +-  1.449
 191 -   0.81169 0.05190 0.02904 0.01908 0.01334 0.00954 0.00678 0.00463 0.00285 0.00117 0.05000 ( 1)  0.387 +-  1.449
 192 -   0.81169 0.05190 0.02904 0.01908 0.01334 0.00954 0.00678 0.00463 0.00285 0.00117 0.05000 ( 1)  0.387 +-  1.449
 193 -   0.81169 0.05190 0.02904 0.01908 0.01334 0.00954 0.00678 0.00463 0.00285 0.00117 0.05000 ( 1)  0.387 +-  1.449
 194 -   0.81169 0.05190 0.02904 0.01908 0.01334 0.00954 0.00678 0.00463 0.00285 0.00117 0.05000 ( 1)  0.387 +-  1.449
 195 -   0.81169 0.05190 0.02904 0.01908 0.01334 0.00954 0.00678 0.00463 0.00285 0.00117 0.05000 ( 1)  0.387 +-  1.449
 196 -   0.81169 0.05190 0.02904 0.01908 0.01334 0.00954 0.00678 0.00463 0.00285 0.00117 0.05000 ( 1)  0.387 +-  1.449
 197 -   0.81169 0.05190 0.02904 0.01908 0.01334 0.00954 0.00678 0.00463 0.00285 0.00117 0.05000 ( 1)  0.387 +-  1.449
 198 -   0.81169 0.05190 0.02904 0.01908 0.01334 0.00954 0.00678 0.00463 0.00285 0.00117 0.05000 ( 1)  0.387 +-  1.449
 199 -   0.81169 0.05190 0.02904 0.01908 0.01334 0.00954 0.00678 0.00463 0.00285 0.00117 0.05000 ( 1)  0.387 +-  1.449
 200 -   0.81169 0.05190 0.02904 0.01908 0.01334 0.00954 0.00678 0.00463 0.00285 0.00117 0.05000 ( 1)  0.387 +-  1.449
 201 -   0.81169 0.05190 0.02904 0.01908 0.01334 0.00954 0.00678 0.00463 0.00285 0.00117 0.05000 ( 1)  0.387 +-  1.449
 202 -   0.81169 0.05190 0.02904 0.01908 0.01334 0.00954 0.00678 0.00463 0.00285 0.00117 0.05000 ( 1)  0.387 +-  1.449
 203 -   0.81169 0.05190 0.02904 0.01908 0.01334 0.00954 0.00678 0.00463 0.00285 0.00117 0.05000 ( 1)  0.387 +-  1.449
 204 -   0.81169 0.05190 0.02904 0.01908 0.01334 0.00954 0.00678 0.00463 0.00285 0.00117 0.05000 ( 1)  0.387 +-  1.449
 205 -   0.81169 0.05190 0.02904 0.01908 0.01334 0.00954 0.00678 0.00463 0.00285 0.00117 0.05000 ( 1)  0.387 +-  1.449
 206 -   0.81169 0.05190 0.02904 0.01908 0.01334 0.00954 0.00678 0.00463 0.00285 0.00117 0.05000 ( 1)  0.387 +-  1.449
 207 -   0.81169 0.05190 0.02904 0.01908 0.01334 0.00954 0.00678 0.00463 0.00285 0.00117 0.05000 ( 1)  0.387 +-  1.449
 208 -   0.81169 0.05190 0.02904 0.01908 0.01334 0.00954 0.00678 0.00463 0.00285 0.00117 0.05000 ( 1)  0.387 +-  1.449
 209 -   0.81169 0.05190 0.02904 0.01908 0.01334 0.00954 0.00678 0.00463 0.00285 0.00117 0.05000 ( 1)  0.387 +-  1.449
 210 -   0.81169 0.05190 0.02904 0.01908 0.01334 0.00954 0.00678 0.00463 0.00285 0.00117 0.05000 ( 1)  0.387 +-  1.449
 211 -   0.81169 0.05190 0.02904 0.01908 0.01334 0.00954 0.00678 0.00463 0.00285 0.00117 0.05000 ( 1)  0.387 +-  1.449
 212 -   0.81169 0.05190 0.02904 0.01908 0.01334 0.00954 0.00678 0.00463 0.00285 0.00117 0.05000 ( 1)  0.387 +-  1.449
 213 -   0.81169 0.05190 0.02904 0.01908 0.01334 0.00954 0.00678 0.00463 0.00285 0.00117 0.05000 ( 1)  0.387 +-  1.449
 214 -   0.81169 0.05190 0.02904 0.01908 0.01334 0.00954 0.00678 0.00463 0.00285 0.00117 0.05000 ( 1)  0.387 +-  1.449
 215 -   0.81169 0.05190 0.02904 0.01908 0.01334 0.00954 0.00678 0.00463 0.00285 0.00117 0.05000 ( 1)  0.387 +-  1.449
 216 -   0.81169 0.05190 0.02904 0.01908 0.01334 0.00954 0.00678 0.00463 0.00285 0.00117 0.05000 ( 1)  0.387 +-  1.449
 217 -   0.81169 0.05190 0.02904 0.01908 0.01334 0.00954 0.00678 0.00463 0.00285 0.00117 0.05000 ( 1)  0.387 +-  1.449
 218 -   0.81169 0.05190 0.02904 0.01908 0.01334 0.00954 0.00678 0.00463 0.00285 0.00117 0.05000 ( 1)  0.387 +-  1.449
 219 -   0.81169 0.05190 0.02904 0.01908 0.01334 0.00954 0.00678 0.00463 0.00285 0.00117 0.05000 ( 1)  0.387 +-  1.449
 220 -   0.81169 0.05190 0.02904 0.01908 0.01334 0.00954 0.00678 0.00463 0.00285 0.00117 0.05000 ( 1)  0.387 +-  1.449
 221 -   0.81169 0.05190 0.02904 0.01908 0.01334 0.00954 0.00678 0.00463 0.00285 0.00117 0.05000 ( 1)  0.387 +-  1.449
 222 -   0.81169 0.05190 0.02904 0.01908 0.01334 0.00954 0.00678 0.00463 0.00285 0.00117 0.05000 ( 1)  0.387 +-  1.449
 223 -   0.81169 0.05190 0.02904 0.01908 0.01334 0.00954 0.00678 0.00463 0.00285 0.00117 0.05000 ( 1)  0.387 +-  1.449
 224 -   0.81169 0.05190 0.02904 0.01908 0.01334 0.00954 0.00678 0.00463 0.00285 0.00117 0.05000 ( 1)  0.387 +-  1.449
 225 -   0.81169 0.05190 0.02904 0.01908 0.01334 0.00954 0.00678 0.00463 0.00285 0.00117 0.05000 ( 1)  0.387 +-  1.449
 226 -   0.81169 0.05190 0.02904 0.01908 0.01334 0.00954 0.00678 0.00463 0.00285 0.00117 0.05000 ( 1)  0.387 +-  1.449
 227 -   0.81169 0.05190 0.02904 0.01908 0.01334 0.00954 0.00678 0.00463 0.00285 0.00117 0.05000 ( 1)  0.387 +-  1.449
 228 -   0.81169 0.05190 0.02904 0.01908 0.01334 0.00954 0.00678 0.00463 0.00285 0.00117 0.05000 ( 1)  0.387 +-  1.449
 229 -   0.81169 0.05190 0.02904 0.01908 0.01334 0.00954 0.00678 0.00463 0.00285 0.00117 0.05000 ( 1)  0.387 +-  1.449
 230 -   0.81169 0.05190 0.02904 0.01908 0.01334 0.00954 0.00678 0.00463 0.00285 0.00117 0.05000 ( 1)  0.387 +-  1.449
 231 -   0.81169 0.05190 0.02904 0.01908 0.01334 0.00954 0.00678 0.00463 0.00285 0.00117 0.05000 ( 1)  0.387 +-  1.449
 232 -   0.81169 0.05190 0.02904 0.01908 0.01334 0.00954 0.00678 0.00463 0.00285 0.00117 0.05000 ( 1)  0.387 +-  1.449
 233 -   0.81169 0.05190 0.02904 0.01908 0.01334 0.00954 0.00678 0.00463 0.00285 0.00117 0.05000 ( 1)  0.387 +-  1.449
 234 -   0.82277 0.05235 0.02915 0.01906 0.01326 0.00944 0.00667 0.00454 0.00278 0.00113 0.03884 ( 1)  0.306 +-  1.224
 235 -   0.84890 0.05258 0.02851 0.01816 0.01232 0.00855 0.00590 0.00391 0.00234 0.00093 0.01791 ( 1)  0.173 +-  0.759
 236 -   0.84984 0.05270 0.02861 0.01824 0.01238 0.00859 0.00593 0.00394 0.00235 0.00094 0.01648 ( 1)  0.162 +-  0.701
 237 -   0.28928 0.05371 0.04849 0.04318 0.03759 0.03181 0.02587 0.01974 0.01329 0.00586 0.43120 (11)  2.733 +-  3.410
 238 -   0.84915 0.05269 0.02862 0.01826 0.01240 0.00862 0.00595 0.00395 0.00236 0.00094 0.01705 ( 1)  0.166 +-  0.720
 239 -   0.84644 0.05271 0.02873 0.01839 0.01254 0.00874 0.00606 0.00404 0.00242 0.00097 0.01896 ( 1)  0.178 +-  0.773
 240 -   0.85209 0.05264 0.02847 0.01809 0.01223 0.00846 0.00582 0.00385 0.00229 0.00091 0.01512 ( 1)  0.154 +-  0.665
 241 -   0.85265 0.05270 0.02851 0.01812 0.01226 0.00848 0.00584 0.00386 0.00230 0.00091 0.01436 ( 1)  0.149 +-  0.632
 242 -   0.84915 0.05269 0.02862 0.01826 0.01240 0.00862 0.00595 0.00395 0.00236 0.00094 0.01705 ( 1)  0.166 +-  0.720
 243 -   0.23830 0.04473 0.04083 0.03675 0.03234 0.02765 0.02272 0.01752 0.01192 0.00531 0.52192 (11)  3.343 +-  3.586
 244 -   0.83704 0.05267 0.02901 0.01876 0.01292 0.00909 0.00636 0.00428 0.00259 0.00105 0.02622 ( 1)  0.222 +-  0.950
 245 -   0.82898 0.05256 0.02916 0.01899 0.01317 0.00934 0.00658 0.00446 0.00272 0.00111 0.03294 ( 1)  0.266 +-  1.096
 246 -   0.85160 0.05250 0.02834 0.01797 0.01214 0.00839 0.00576 0.00381 0.00227 0.00090 0.01631 ( 1)  0.163 +-  0.719
 247 -   0.83704 0.05267 0.02901 0.01876 0.01292 0.00909 0.00636 0.00428 0.00259 0.00105 0.02622 ( 1)  0.222 +-  0.950
 248 -   0.83171 0.05265 0.02916 0.01897 0.01313 0.00930 0.00654 0.00443 0.00269 0.00109 0.03033 ( 1)  0.247 +-  1.033
 249 -   0.83704 0.05267 0.02901 0.01876 0.01292 0.00909 0.00636 0.00428 0.00259 0.00105 0.02622 ( 1)  0.222 +-  0.950
 250 -   0.82847 0.05255 0.02917 0.01901 0.01319 0.00935 0.00659 0.00447 0.00272 0.00111 0.03337 ( 1)  0.268 +-  1.105
 251 -   0.84801 0.05265 0.02861 0.01826 0.01241 0.00863 0.00596 0.00397 0.00237 0.00095 0.01817 ( 1)  0.173 +-  0.758
 252 -   0.83704 0.05267 0.02901 0.01876 0.01292 0.00909 0.00636 0.00428 0.00259 0.00105 0.02622 ( 1)  0.222 +-  0.950
 253 -   0.84888 0.05270 0.02864 0.01827 0.01242 0.00863 0.00596 0.00396 0.00237 0.00095 0.01723 ( 1)  0.167 +-  0.724
 254 -   0.84919 0.05275 0.02868 0.01831 0.01245 0.00865 0.00598 0.00398 0.00238 0.00095 0.01668 ( 1)  0.163 +-  0.700
 255 -   0.84644 0.05271 0.02873 0.01839 0.01254 0.00874 0.00606 0.00404 0.00242 0.00097 0.01896 ( 1)  0.178 +-  0.773
 256 -   0.84891 0.05276 0.02870 0.01833 0.01247 0.00867 0.00600 0.00399 0.00239 0.00095 0.01683 ( 1)  0.163 +-  0.702
 257 -   0.84674 0.05266 0.02866 0.01832 0.01247 0.00868 0.00601 0.00400 0.00240 0.00096 0.01910 ( 1)  0.181 +-  0.795
 258 -   0.83171 0.05265 0.02916 0.01897 0.01313 0.00930 0.00654 0.00443 0.00269 0.00109 0.03033 ( 1)  0.247 +-  1.033
 259 -   0.84829 0.05264 0.02859 0.01824 0.01239 0.00861 0.00595 0.00396 0.00236 0.00094 0.01801 ( 1)  0.172 +-  0.754
 260 -   0.14586 0.02785 0.02585 0.02366 0.02117 0.01840 0.01538 0.01206 0.00834 0.00379 0.69766 (11)  4.562 +-  3.653
 261 -   0.84888 0.05270 0.02864 0.01827 0.01242 0.00863 0.00596 0.00396 0.00237 0.00095 0.01723 ( 1)  0.167 +-  0.724
 262 -   0.85209 0.05264 0.02847 0.01809 0.01223 0.00846 0.00582 0.00385 0.00229 0.00091 0.01512 ( 1)  0.154 +-  0.665
 263 -   0.84801 0.05265 0.02861 0.01826 0.01241 0.00863 0.00596 0.00397 0.00237 0.00095 0.01817 ( 1)  0.173 +-  0.758
 264 -   0.85214 0.05271 0.02854 0.01815 0.01229 0.00851 0.00586 0.00388 0.00231 0.00092 0.01468 ( 1)  0.151 +-  0.642
 265 -   0.84975 0.05276 0.02867 0.01830 0.01243 0.00864 0.00597 0.00397 0.00237 0.00095 0.01621 ( 1)  0.159 +-  0.684
 266 -   0.84915 0.05269 0.02862 0.01826 0.01240 0.00862 0.00595 0.00395 0.00236 0.00094 0.01705 ( 1)  0.166 +-  0.720
 267 -   0.85209 0.05264 0.02847 0.01809 0.01223 0.00846 0.00582 0.00385 0.00229 0.00091 0.01512 ( 1)  0.154 +-  0.665
 268 -   0.84891 0.05276 0.02870 0.01833 0.01247 0.00867 0.00600 0.00399 0.00239 0.00095 0.01683 ( 1)  0.163 +-  0.702
 269 -   0.84915 0.05269 0.02862 0.01826 0.01240 0.00862 0.00595 0.00395 0.00236 0.00094 0.01705 ( 1)  0.166 +-  0.720
 270 M   0.92073 0.04336 0.01791 0.00870 0.00451 0.00240 0.00127 0.00065 0.00030 0.00009 0.00009 ( 1)  0.065 +-  0.065
 271 -   0.81169 0.05190 0.02904 0.01908 0.01334 0.00954 0.00678 0.00463 0.00285 0.00117 0.05000 ( 1)  0.387 +-  1.449
 272 -   0.81169 0.05190 0.02904 0.01908 0.01334 0.00954 0.00678 0.00463 0.00285 0.00117 0.05000 ( 1)  0.387 +-  1.449
 273 -   0.81169 0.05190 0.02904 0.01908 0.01334 0.00954 0.00678 0.00463 0.00285 0.00117 0.05000 ( 1)  0.387 +-  1.449
 274 -   0.81169 0.05190 0.02904 0.01908 0.01334 0.00954 0.00678 0.00463 0.00285 0.00117 0.05000 ( 1)  0.387 +-  1.449
 275 -   0.81169 0.05190 0.02904 0.01908 0.01334 0.00954 0.00678 0.00463 0.00285 0.00117 0.05000 ( 1)  0.387 +-  1.449
 276 -   0.81169 0.05190 0.02904 0.01908 0.01334 0.00954 0.00678 0.00463 0.00285 0.00117 0.05000 ( 1)  0.387 +-  1.449
 277 -   0.81169 0.05190 0.02904 0.01908 0.01334 0.00954 0.00678 0.00463 0.00285 0.00117 0.05000 ( 1)  0.387 +-  1.449
 278 -   0.81169 0.05190 0.02904 0.01908 0.01334 0.00954 0.00678 0.00463 0.00285 0.00117 0.05000 ( 1)  0.387 +-  1.449
 279 -   0.81169 0.05190 0.02904 0.01908 0.01334 0.00954 0.00678 0.00463 0.00285 0.00117 0.05000 ( 1)  0.387 +-  1.449
 280 -   0.81169 0.05190 0.02904 0.01908 0.01334 0.00954 0.00678 0.00463 0.00285 0.00117 0.05000 ( 1)  0.387 +-  1.449
 281 -   0.81169 0.05190 0.02904 0.01908 0.01334 0.00954 0.00678 0.00463 0.00285 0.00117 0.05000 ( 1)  0.387 +-  1.449
 282 -   0.81169 0.05190 0.02904 0.01908 0.01334 0.00954 0.00678 0.00463 0.00285 0.00117 0.05000 ( 1)  0.387 +-  1.449
 283 -   0.81169 0.05190 0.02904 0.01908 0.01334 0.00954 0.00678 0.00463 0.00285 0.00117 0.05000 ( 1)  0.387 +-  1.449
 284 -   0.81169 0.05190 0.02904 0.01908 0.01334 0.00954 0.00678 0.00463 0.00285 0.00117 0.05000 ( 1)  0.387 +-  1.449
 285 -   0.81169 0.05190 0.02904 0.01908 0.01334 0.00954 0.00678 0.00463 0.00285 0.00117 0.05000 ( 1)  0.387 +-  1.449
 286 -   0.81169 0.05190 0.02904 0.01908 0.01334 0.00954 0.00678 0.00463 0.00285 0.00117 0.05000 ( 1)  0.387 +-  1.449
 287 -   0.81169 0.05190 0.02904 0.01908 0.01334 0.00954 0.00678 0.00463 0.00285 0.00117 0.05000 ( 1)  0.387 +-  1.449
 288 -   0.81169 0.05190 0.02904 0.01908 0.01334 0.00954 0.00678 0.00463 0.00285 0.00117 0.05000 ( 1)  0.387 +-  1.449
 289 -   0.81169 0.05190 0.02904 0.01908 0.01334 0.00954 0.00678 0.00463 0.00285 0.00117 0.05000 ( 1)  0.387 +-  1.449
 290 -   0.81169 0.05190 0.02904 0.01908 0.01334 0.00954 0.00678 0.00463 0.00285 0.00117 0.05000 ( 1)  0.387 +-  1.449
 291 -   0.81169 0.05190 0.02904 0.01908 0.01334 0.00954 0.00678 0.00463 0.00285 0.00117 0.05000 ( 1)  0.387 +-  1.449
 292 -   0.81169 0.05190 0.02904 0.01908 0.01334 0.00954 0.00678 0.00463 0.00285 0.00117 0.05000 ( 1)  0.387 +-  1.449
 293 -   0.81169 0.05190 0.02904 0.01908 0.01334 0.00954 0.00678 0.00463 0.00285 0.00117 0.05000 ( 1)  0.387 +-  1.449
 294 -   0.81169 0.05190 0.02904 0.01908 0.01334 0.00954 0.00678 0.00463 0.00285 0.00117 0.05000 ( 1)  0.387 +-  1.449
 295 -   0.81169 0.05190 0.02904 0.01908 0.01334 0.00954 0.00678 0.00463 0.00285 0.00117 0.05000 ( 1)  0.387 +-  1.449
 296 -   0.81169 0.05190 0.02904 0.01908 0.01334 0.00954 0.00678 0.00463 0.00285 0.00117 0.05000 ( 1)  0.387 +-  1.449
 297 -   0.81169 0.05190 0.02904 0.01908 0.01334 0.00954 0.00678 0.00463 0.00285 0.00117 0.05000 ( 1)  0.387 +-  1.449
 298 -   0.81169 0.05190 0.02904 0.01908 0.01334 0.00954 0.00678 0.00463 0.00285 0.00117 0.05000 ( 1)  0.387 +-  1.449
 299 -   0.81169 0.05190 0.02904 0.01908 0.01334 0.00954 0.00678 0.00463 0.00285 0.00117 0.05000 ( 1)  0.387 +-  1.449
 300 -   0.81169 0.05190 0.02904 0.01908 0.01334 0.00954 0.00678 0.00463 0.00285 0.00117 0.05000 ( 1)  0.387 +-  1.449
 301 D   0.92886 0.04098 0.01590 0.00727 0.00356 0.00179 0.00090 0.00044 0.00019 0.00006 0.00005 ( 1)  0.063 +-  0.058
 302 C   0.87717 0.05147 0.02644 0.01594 0.01024 0.00672 0.00439 0.00275 0.00155 0.00059 0.00274 ( 1)  0.085 +-  0.166
 303 S   0.91854 0.04394 0.01843 0.00909 0.00478 0.00258 0.00138 0.00072 0.00033 0.00010 0.00011 ( 1)  0.066 +-  0.068
 304 C   0.90912 0.04618 0.02056 0.01075 0.00600 0.00342 0.00195 0.00106 0.00052 0.00017 0.00026 ( 1)  0.069 +-  0.078
 305 V   0.67487 0.10029 0.07262 0.05197 0.03645 0.02490 0.01638 0.01014 0.00555 0.00200 0.00483 ( 1)  0.149 +-  0.209
 306 S   0.91133 0.04568 0.02007 0.01037 0.00571 0.00322 0.00181 0.00098 0.00048 0.00016 0.00021 ( 1)  0.068 +-  0.076
 307 D   0.92149 0.04310 0.01770 0.00857 0.00443 0.00235 0.00125 0.00064 0.00029 0.00009 0.00010 ( 1)  0.065 +-  0.065
 308 L   0.87246 0.05193 0.02705 0.01655 0.01078 0.00718 0.00475 0.00303 0.00173 0.00066 0.00388 ( 1)  0.090 +-  0.211
 309 L   0.91272 0.04532 0.01974 0.01012 0.00553 0.00310 0.00173 0.00093 0.00045 0.00015 0.00021 ( 1)  0.068 +-  0.075
 310 F   0.91449 0.04493 0.01935 0.00980 0.00530 0.00293 0.00162 0.00086 0.00041 0.00013 0.00017 ( 1)  0.067 +-  0.072
 311 A   0.67576 0.10040 0.07265 0.05193 0.03635 0.02478 0.01626 0.01003 0.00547 0.00196 0.00442 ( 1)  0.147 +-  0.203
 312 P   0.90830 0.04635 0.02072 0.01089 0.00611 0.00351 0.00200 0.00110 0.00055 0.00018 0.00029 ( 1)  0.069 +-  0.080
 313 P   0.91284 0.04532 0.01972 0.01010 0.00551 0.00308 0.00172 0.00092 0.00045 0.00014 0.00020 ( 1)  0.068 +-  0.074
 314 A   0.91248 0.04540 0.01980 0.01016 0.00556 0.00312 0.00174 0.00094 0.00045 0.00015 0.00020 ( 1)  0.068 +-  0.075
 315 L   0.88912 0.04984 0.02447 0.01412 0.00868 0.00546 0.00341 0.00206 0.00112 0.00040 0.00132 ( 1)  0.078 +-  0.122
 316 P   0.90830 0.04635 0.02072 0.01089 0.00611 0.00351 0.00200 0.00110 0.00055 0.00018 0.00029 ( 1)  0.069 +-  0.080
 317 A   0.87285 0.05190 0.02701 0.01651 0.01074 0.00714 0.00473 0.00301 0.00172 0.00066 0.00374 ( 1)  0.090 +-  0.204
 318 L   0.91272 0.04532 0.01974 0.01012 0.00553 0.00310 0.00173 0.00093 0.00045 0.00015 0.00021 ( 1)  0.068 +-  0.075
 319 W   0.89138 0.04953 0.02410 0.01377 0.00839 0.00522 0.00324 0.00193 0.00103 0.00037 0.00104 ( 1)  0.076 +-  0.109
 320 T   0.91206 0.04551 0.01990 0.01024 0.00561 0.00315 0.00176 0.00095 0.00046 0.00015 0.00020 ( 1)  0.068 +-  0.075
 321 P   0.91653 0.04443 0.01888 0.00944 0.00504 0.00275 0.00150 0.00079 0.00037 0.00012 0.00014 ( 1)  0.067 +-  0.070
 322 -   0.81169 0.05190 0.02904 0.01908 0.01334 0.00954 0.00678 0.00463 0.00285 0.00117 0.05000 ( 1)  0.387 +-  1.449
 323 -   0.81169 0.05190 0.02904 0.01908 0.01334 0.00954 0.00678 0.00463 0.00285 0.00117 0.05000 ( 1)  0.387 +-  1.449
 324 -   0.81169 0.05190 0.02904 0.01908 0.01334 0.00954 0.00678 0.00463 0.00285 0.00117 0.05000 ( 1)  0.387 +-  1.449
 325 -   0.81169 0.05190 0.02904 0.01908 0.01334 0.00954 0.00678 0.00463 0.00285 0.00117 0.05000 ( 1)  0.387 +-  1.449
 326 -   0.81169 0.05190 0.02904 0.01908 0.01334 0.00954 0.00678 0.00463 0.00285 0.00117 0.05000 ( 1)  0.387 +-  1.449
 327 -   0.81169 0.05190 0.02904 0.01908 0.01334 0.00954 0.00678 0.00463 0.00285 0.00117 0.05000 ( 1)  0.387 +-  1.449
 328 -   0.81169 0.05190 0.02904 0.01908 0.01334 0.00954 0.00678 0.00463 0.00285 0.00117 0.05000 ( 1)  0.387 +-  1.449
 329 -   0.81169 0.05190 0.02904 0.01908 0.01334 0.00954 0.00678 0.00463 0.00285 0.00117 0.05000 ( 1)  0.387 +-  1.449
 330 -   0.81169 0.05190 0.02904 0.01908 0.01334 0.00954 0.00678 0.00463 0.00285 0.00117 0.05000 ( 1)  0.387 +-  1.449
 331 -   0.81169 0.05190 0.02904 0.01908 0.01334 0.00954 0.00678 0.00463 0.00285 0.00117 0.05000 ( 1)  0.387 +-  1.449
 332 -   0.81169 0.05190 0.02904 0.01908 0.01334 0.00954 0.00678 0.00463 0.00285 0.00117 0.05000 ( 1)  0.387 +-  1.449
 333 -   0.81169 0.05190 0.02904 0.01908 0.01334 0.00954 0.00678 0.00463 0.00285 0.00117 0.05000 ( 1)  0.387 +-  1.449
 334 -   0.81169 0.05190 0.02904 0.01908 0.01334 0.00954 0.00678 0.00463 0.00285 0.00117 0.05000 ( 1)  0.387 +-  1.449
 335 -   0.81169 0.05190 0.02904 0.01908 0.01334 0.00954 0.00678 0.00463 0.00285 0.00117 0.05000 ( 1)  0.387 +-  1.449
 336 -   0.81169 0.05190 0.02904 0.01908 0.01334 0.00954 0.00678 0.00463 0.00285 0.00117 0.05000 ( 1)  0.387 +-  1.449
 337 -   0.81169 0.05190 0.02904 0.01908 0.01334 0.00954 0.00678 0.00463 0.00285 0.00117 0.05000 ( 1)  0.387 +-  1.449
 338 -   0.81169 0.05190 0.02904 0.01908 0.01334 0.00954 0.00678 0.00463 0.00285 0.00117 0.05000 ( 1)  0.387 +-  1.449
 339 -   0.81169 0.05190 0.02904 0.01908 0.01334 0.00954 0.00678 0.00463 0.00285 0.00117 0.05000 ( 1)  0.387 +-  1.449
 340 -   0.81169 0.05190 0.02904 0.01908 0.01334 0.00954 0.00678 0.00463 0.00285 0.00117 0.05000 ( 1)  0.387 +-  1.449
 341 -   0.81169 0.05190 0.02904 0.01908 0.01334 0.00954 0.00678 0.00463 0.00285 0.00117 0.05000 ( 1)  0.387 +-  1.449
 342 -   0.81169 0.05190 0.02904 0.01908 0.01334 0.00954 0.00678 0.00463 0.00285 0.00117 0.05000 ( 1)  0.387 +-  1.449
 343 -   0.81169 0.05190 0.02904 0.01908 0.01334 0.00954 0.00678 0.00463 0.00285 0.00117 0.05000 ( 1)  0.387 +-  1.449
 344 -   0.81169 0.05190 0.02904 0.01908 0.01334 0.00954 0.00678 0.00463 0.00285 0.00117 0.05000 ( 1)  0.387 +-  1.449
 345 -   0.81169 0.05190 0.02904 0.01908 0.01334 0.00954 0.00678 0.00463 0.00285 0.00117 0.05000 ( 1)  0.387 +-  1.449
 346 -   0.81169 0.05190 0.02904 0.01908 0.01334 0.00954 0.00678 0.00463 0.00285 0.00117 0.05000 ( 1)  0.387 +-  1.449
 347 -   0.81169 0.05190 0.02904 0.01908 0.01334 0.00954 0.00678 0.00463 0.00285 0.00117 0.05000 ( 1)  0.387 +-  1.449
 348 -   0.81169 0.05190 0.02904 0.01908 0.01334 0.00954 0.00678 0.00463 0.00285 0.00117 0.05000 ( 1)  0.387 +-  1.449
 349 -   0.81169 0.05190 0.02904 0.01908 0.01334 0.00954 0.00678 0.00463 0.00285 0.00117 0.05000 ( 1)  0.387 +-  1.449
 350 -   0.81169 0.05190 0.02904 0.01908 0.01334 0.00954 0.00678 0.00463 0.00285 0.00117 0.05000 ( 1)  0.387 +-  1.449
 351 -   0.81169 0.05190 0.02904 0.01908 0.01334 0.00954 0.00678 0.00463 0.00285 0.00117 0.05000 ( 1)  0.387 +-  1.449
 352 -   0.81169 0.05190 0.02904 0.01908 0.01334 0.00954 0.00678 0.00463 0.00285 0.00117 0.05000 ( 1)  0.387 +-  1.449
 353 -   0.81169 0.05190 0.02904 0.01908 0.01334 0.00954 0.00678 0.00463 0.00285 0.00117 0.05000 ( 1)  0.387 +-  1.449
 354 -   0.81169 0.05190 0.02904 0.01908 0.01334 0.00954 0.00678 0.00463 0.00285 0.00117 0.05000 ( 1)  0.387 +-  1.449
 355 G   0.92147 0.04315 0.01773 0.00857 0.00442 0.00234 0.00123 0.00063 0.00029 0.00009 0.00009 ( 1)  0.065 +-  0.065
 356 F   0.88076 0.05105 0.02590 0.01543 0.00979 0.00635 0.00409 0.00254 0.00142 0.00053 0.00214 ( 1)  0.082 +-  0.146
 357 A   0.92051 0.04340 0.01795 0.00874 0.00454 0.00242 0.00128 0.00066 0.00030 0.00009 0.00010 ( 1)  0.065 +-  0.066
 358 F   0.92165 0.04311 0.01769 0.00854 0.00440 0.00232 0.00122 0.00062 0.00028 0.00009 0.00008 ( 1)  0.065 +-  0.065
 359 P   0.91392 0.04507 0.01948 0.00991 0.00537 0.00299 0.00165 0.00088 0.00042 0.00014 0.00018 ( 1)  0.067 +-  0.073
 360 D   0.89715 0.04850 0.02298 0.01280 0.00761 0.00463 0.00280 0.00163 0.00086 0.00030 0.00075 ( 1)  0.074 +-  0.099
 361 W   0.89715 0.04856 0.02302 0.01282 0.00761 0.00462 0.00279 0.00162 0.00085 0.00030 0.00067 ( 1)  0.074 +-  0.096
 362 A   0.92030 0.04346 0.01800 0.00878 0.00457 0.00244 0.00129 0.00066 0.00031 0.00010 0.00010 ( 1)  0.065 +-  0.066
 363 Y   0.92132 0.04316 0.01775 0.00860 0.00445 0.00236 0.00125 0.00064 0.00029 0.00009 0.00009 ( 1)  0.065 +-  0.065
 364 K   0.92332 0.04263 0.01727 0.00824 0.00420 0.00220 0.00115 0.00058 0.00026 0.00008 0.00008 ( 1)  0.064 +-  0.063
 365 P   0.88386 0.05054 0.02532 0.01491 0.00935 0.00601 0.00384 0.00236 0.00131 0.00048 0.00201 ( 1)  0.081 +-  0.150
 366 E   0.92296 0.04270 0.01735 0.00831 0.00425 0.00223 0.00117 0.00059 0.00027 0.00008 0.00008 ( 1)  0.065 +-  0.064
 367 S   0.90149 0.04773 0.02214 0.01207 0.00702 0.00418 0.00247 0.00141 0.00073 0.00025 0.00051 ( 1)  0.072 +-  0.090
 368 S   0.91834 0.04399 0.01847 0.00912 0.00481 0.00259 0.00139 0.00072 0.00034 0.00011 0.00011 ( 1)  0.066 +-  0.068
 369 P   0.87936 0.05120 0.02610 0.01562 0.00996 0.00649 0.00421 0.00262 0.00147 0.00055 0.00242 ( 1)  0.084 +-  0.157
 370 G   0.92637 0.04177 0.01653 0.00771 0.00384 0.00196 0.00100 0.00049 0.00022 0.00006 0.00005 ( 1)  0.064 +-  0.060
 371 S   0.91051 0.04587 0.02025 0.01051 0.00582 0.00330 0.00186 0.00101 0.00049 0.00016 0.00023 ( 1)  0.068 +-  0.077
 372 R   0.91981 0.04361 0.01813 0.00886 0.00462 0.00247 0.00131 0.00067 0.00031 0.00010 0.00010 ( 1)  0.065 +-  0.066
 373 Q   0.90287 0.04744 0.02185 0.01184 0.00684 0.00404 0.00238 0.00135 0.00069 0.00024 0.00047 ( 1)  0.071 +-  0.088
 374 I   0.92112 0.04324 0.01781 0.00863 0.00447 0.00237 0.00125 0.00064 0.00029 0.00009 0.00009 ( 1)  0.065 +-  0.065
 375 Q   0.90287 0.04744 0.02185 0.01184 0.00684 0.00404 0.00238 0.00135 0.00069 0.00024 0.00047 ( 1)  0.071 +-  0.088
 376 L   0.89611 0.04870 0.02319 0.01298 0.00774 0.00473 0.00288 0.00168 0.00089 0.00031 0.00078 ( 1)  0.074 +-  0.101
 377 W   0.89715 0.04856 0.02302 0.01282 0.00761 0.00462 0.00279 0.00162 0.00085 0.00030 0.00067 ( 1)  0.074 +-  0.096
 378 H   0.92817 0.04119 0.01607 0.00740 0.00364 0.00184 0.00093 0.00045 0.00020 0.00006 0.00005 ( 1)  0.063 +-  0.059
 379 F   0.88076 0.05105 0.02590 0.01543 0.00979 0.00635 0.00409 0.00254 0.00142 0.00053 0.00214 ( 1)  0.082 +-  0.146
 380 I   0.92208 0.04299 0.01758 0.00846 0.00435 0.00229 0.00120 0.00061 0.00028 0.00009 0.00008 ( 1)  0.065 +-  0.064
 381 L   0.89611 0.04870 0.02319 0.01298 0.00774 0.00473 0.00288 0.00168 0.00089 0.00031 0.00078 ( 1)  0.074 +-  0.101
 382 E   0.92296 0.04270 0.01735 0.00831 0.00425 0.00223 0.00117 0.00059 0.00027 0.00008 0.00008 ( 1)  0.065 +-  0.064
 383 L   0.89611 0.04870 0.02319 0.01298 0.00774 0.00473 0.00288 0.00168 0.00089 0.00031 0.00078 ( 1)  0.074 +-  0.101
 384 L   0.89611 0.04870 0.02319 0.01298 0.00774 0.00473 0.00288 0.00168 0.00089 0.00031 0.00078 ( 1)  0.074 +-  0.101
 385 Q   0.90287 0.04744 0.02185 0.01184 0.00684 0.00404 0.00238 0.00135 0.00069 0.00024 0.00047 ( 1)  0.071 +-  0.088
 386 K   0.92332 0.04263 0.01727 0.00824 0.00420 0.00220 0.00115 0.00058 0.00026 0.00008 0.00008 ( 1)  0.064 +-  0.063
 387 E   0.92032 0.04340 0.01798 0.00877 0.00457 0.00245 0.00131 0.00067 0.00031 0.00010 0.00011 ( 1)  0.065 +-  0.066
 388 E   0.92296 0.04270 0.01735 0.00831 0.00425 0.00223 0.00117 0.00059 0.00027 0.00008 0.00008 ( 1)  0.065 +-  0.064
 389 Y   0.92664 0.04167 0.01646 0.00766 0.00381 0.00195 0.00099 0.00049 0.00022 0.00006 0.00005 ( 1)  0.064 +-  0.060
 390 Q   0.90287 0.04744 0.02185 0.01184 0.00684 0.00404 0.00238 0.00135 0.00069 0.00024 0.00047 ( 1)  0.071 +-  0.088
 391 G   0.91443 0.04492 0.01936 0.00982 0.00531 0.00295 0.00163 0.00087 0.00042 0.00013 0.00017 ( 1)  0.067 +-  0.072
 392 V   0.91872 0.04385 0.01837 0.00906 0.00477 0.00257 0.00139 0.00072 0.00034 0.00011 0.00012 ( 1)  0.066 +-  0.068
 393 I   0.90990 0.04596 0.02036 0.01061 0.00590 0.00336 0.00191 0.00105 0.00052 0.00017 0.00027 ( 1)  0.069 +-  0.078
 394 A   0.91908 0.04378 0.01829 0.00899 0.00472 0.00254 0.00136 0.00070 0.00033 0.00010 0.00011 ( 1)  0.066 +-  0.067
 395 W   0.89715 0.04856 0.02302 0.01282 0.00761 0.00462 0.00279 0.00162 0.00085 0.00030 0.00067 ( 1)  0.074 +-  0.096
 396 Q   0.90287 0.04744 0.02185 0.01184 0.00684 0.00404 0.00238 0.00135 0.00069 0.00024 0.00047 ( 1)  0.071 +-  0.088
 397 G   0.91942 0.04370 0.01821 0.00893 0.00468 0.00251 0.00134 0.00069 0.00032 0.00010 0.00010 ( 1)  0.066 +-  0.067
 398 D   0.92886 0.04098 0.01590 0.00727 0.00356 0.00179 0.00090 0.00044 0.00019 0.00006 0.00005 ( 1)  0.063 +-  0.058
 399 Y   0.91837 0.04394 0.01845 0.00912 0.00481 0.00260 0.00140 0.00073 0.00034 0.00011 0.00012 ( 1)  0.066 +-  0.068
 400 G   0.91532 0.04473 0.01916 0.00966 0.00519 0.00286 0.00157 0.00083 0.00040 0.00013 0.00016 ( 1)  0.067 +-  0.071
 401 E   0.87394 0.05181 0.02688 0.01638 0.01062 0.00704 0.00464 0.00294 0.00168 0.00064 0.00342 ( 1)  0.088 +-  0.190
 402 F   0.91875 0.04386 0.01837 0.00905 0.00476 0.00257 0.00138 0.00071 0.00033 0.00010 0.00011 ( 1)  0.066 +-  0.068
 403 V   0.92044 0.04340 0.01796 0.00875 0.00455 0.00243 0.00129 0.00066 0.00031 0.00010 0.00010 ( 1)  0.065 +-  0.066
 404 I   0.92208 0.04299 0.01758 0.00846 0.00435 0.00229 0.00120 0.00061 0.00028 0.00009 0.00008 ( 1)  0.065 +-  0.064
 405 K   0.91264 0.04530 0.01974 0.01013 0.00555 0.00312 0.00175 0.00094 0.00046 0.00015 0.00023 ( 1)  0.068 +-  0.076
 406 D   0.92886 0.04098 0.01590 0.00727 0.00356 0.00179 0.00090 0.00044 0.00019 0.00006 0.00005 ( 1)  0.063 +-  0.058
 407 P   0.89209 0.04936 0.02393 0.01364 0.00829 0.00515 0.00319 0.00190 0.00102 0.00037 0.00107 ( 1)  0.076 +-  0.111
 408 D   0.91429 0.04490 0.01936 0.00984 0.00534 0.00297 0.00165 0.00088 0.00043 0.00014 0.00019 ( 1)  0.067 +-  0.073
 409 E   0.92296 0.04270 0.01735 0.00831 0.00425 0.00223 0.00117 0.00059 0.00027 0.00008 0.00008 ( 1)  0.065 +-  0.064
 410 V   0.91569 0.04462 0.01907 0.00959 0.00515 0.00283 0.00155 0.00082 0.00039 0.00013 0.00016 ( 1)  0.067 +-  0.071
 411 A   0.92051 0.04340 0.01795 0.00874 0.00454 0.00242 0.00128 0.00066 0.00030 0.00009 0.00010 ( 1)  0.065 +-  0.066
 412 R   0.91733 0.04422 0.01870 0.00930 0.00494 0.00269 0.00146 0.00076 0.00036 0.00011 0.00013 ( 1)  0.066 +-  0.069
 413 L   0.90664 0.04665 0.02105 0.01118 0.00633 0.00368 0.00213 0.00119 0.00060 0.00020 0.00036 ( 1)  0.070 +-  0.083
 414 W   0.89715 0.04856 0.02302 0.01282 0.00761 0.00462 0.00279 0.00162 0.00085 0.00030 0.00067 ( 1)  0.074 +-  0.096
 415 G   0.92323 0.04266 0.01730 0.00826 0.00421 0.00220 0.00115 0.00058 0.00026 0.00008 0.00007 ( 1)  0.064 +-  0.063
 416 I   0.90028 0.04793 0.02237 0.01227 0.00718 0.00430 0.00257 0.00148 0.00076 0.00026 0.00059 ( 1)  0.072 +-  0.093
 417 R   0.92579 0.04194 0.01668 0.00781 0.00390 0.00200 0.00102 0.00050 0.00022 0.00007 0.00006 ( 1)  0.064 +-  0.061
 418 K   0.89756 0.04839 0.02288 0.01272 0.00755 0.00458 0.00277 0.00162 0.00085 0.00030 0.00078 ( 1)  0.074 +-  0.102
 419 C   0.92477 0.04226 0.01694 0.00799 0.00402 0.00207 0.00106 0.00053 0.00024 0.00007 0.00006 ( 1)  0.064 +-  0.061
 420 K   0.92332 0.04263 0.01727 0.00824 0.00420 0.00220 0.00115 0.00058 0.00026 0.00008 0.00008 ( 1)  0.064 +-  0.063
 421 P   0.91992 0.04356 0.01809 0.00884 0.00461 0.00247 0.00131 0.00068 0.00031 0.00010 0.00010 ( 1)  0.065 +-  0.066
 422 H   0.92817 0.04119 0.01607 0.00740 0.00364 0.00184 0.00093 0.00045 0.00020 0.00006 0.00005 ( 1)  0.063 +-  0.059
 423 M   0.92073 0.04336 0.01791 0.00870 0.00451 0.00240 0.00127 0.00065 0.00030 0.00009 0.00009 ( 1)  0.065 +-  0.065
 424 N   0.89122 0.04952 0.02410 0.01379 0.00840 0.00524 0.00325 0.00194 0.00105 0.00038 0.00110 ( 1)  0.076 +-  0.112
 425 Y   0.92553 0.04199 0.01673 0.00786 0.00394 0.00203 0.00104 0.00052 0.00023 0.00007 0.00006 ( 1)  0.064 +-  0.061
 426 D   0.92886 0.04098 0.01590 0.00727 0.00356 0.00179 0.00090 0.00044 0.00019 0.00006 0.00005 ( 1)  0.063 +-  0.058
 427 K   0.92057 0.04338 0.01793 0.00873 0.00454 0.00242 0.00128 0.00066 0.00030 0.00009 0.00010 ( 1)  0.065 +-  0.066
 428 L   0.89611 0.04870 0.02319 0.01298 0.00774 0.00473 0.00288 0.00168 0.00089 0.00031 0.00078 ( 1)  0.074 +-  0.101
 429 S   0.92584 0.04195 0.01667 0.00780 0.00389 0.00199 0.00102 0.00050 0.00022 0.00007 0.00005 ( 1)  0.064 +-  0.060
 430 R   0.91946 0.04368 0.01820 0.00892 0.00467 0.00251 0.00134 0.00069 0.00032 0.00010 0.00011 ( 1)  0.066 +-  0.067
 431 A   0.92051 0.04340 0.01795 0.00874 0.00454 0.00242 0.00128 0.00066 0.00030 0.00009 0.00010 ( 1)  0.065 +-  0.066
 432 L   0.89611 0.04870 0.02319 0.01298 0.00774 0.00473 0.00288 0.00168 0.00089 0.00031 0.00078 ( 1)  0.074 +-  0.101
 433 R   0.88058 0.05107 0.02592 0.01545 0.00981 0.00637 0.00411 0.00255 0.00142 0.00053 0.00219 ( 1)  0.083 +-  0.148
 434 Y   0.92664 0.04167 0.01646 0.00766 0.00381 0.00195 0.00099 0.00049 0.00022 0.00006 0.00005 ( 1)  0.064 +-  0.060
 435 Y   0.92664 0.04167 0.01646 0.00766 0.00381 0.00195 0.00099 0.00049 0.00022 0.00006 0.00005 ( 1)  0.064 +-  0.060
 436 Y   0.91755 0.04414 0.01864 0.00926 0.00492 0.00268 0.00145 0.00076 0.00036 0.00011 0.00014 ( 1)  0.066 +-  0.069
 437 N   0.92941 0.04084 0.01577 0.00718 0.00349 0.00174 0.00087 0.00042 0.00018 0.00005 0.00004 ( 1)  0.063 +-  0.057
 438 K   0.92149 0.04312 0.01771 0.00857 0.00443 0.00234 0.00124 0.00063 0.00029 0.00009 0.00009 ( 1)  0.065 +-  0.065
 439 R   0.91946 0.04368 0.01820 0.00892 0.00467 0.00251 0.00134 0.00069 0.00032 0.00010 0.00011 ( 1)  0.066 +-  0.067
 440 I   0.88073 0.05105 0.02590 0.01543 0.00979 0.00635 0.00410 0.00254 0.00142 0.00053 0.00215 ( 1)  0.082 +-  0.146
 441 L   0.91672 0.04434 0.01882 0.00941 0.00502 0.00275 0.00150 0.00079 0.00038 0.00012 0.00015 ( 1)  0.067 +-  0.070
 442 H   0.92655 0.04167 0.01647 0.00768 0.00383 0.00196 0.00100 0.00050 0.00022 0.00007 0.00006 ( 1)  0.064 +-  0.060
 443 K   0.92332 0.04263 0.01727 0.00824 0.00420 0.00220 0.00115 0.00058 0.00026 0.00008 0.00008 ( 1)  0.064 +-  0.063
 444 T   0.91911 0.04379 0.01829 0.00899 0.00471 0.00253 0.00135 0.00070 0.00032 0.00010 0.00010 ( 1)  0.066 +-  0.067
 445 K   0.87271 0.05193 0.02704 0.01653 0.01076 0.00716 0.00474 0.00302 0.00173 0.00066 0.00371 ( 1)  0.090 +-  0.200
 446 G   0.92182 0.04306 0.01764 0.00851 0.00438 0.00231 0.00122 0.00062 0.00028 0.00009 0.00009 ( 1)  0.065 +-  0.065
 447 K   0.92332 0.04263 0.01727 0.00824 0.00420 0.00220 0.00115 0.00058 0.00026 0.00008 0.00008 ( 1)  0.064 +-  0.063
 448 R   0.91981 0.04361 0.01813 0.00886 0.00462 0.00247 0.00131 0.00067 0.00031 0.00010 0.00010 ( 1)  0.065 +-  0.066
 449 F   0.92165 0.04311 0.01769 0.00854 0.00440 0.00232 0.00122 0.00062 0.00028 0.00009 0.00008 ( 1)  0.065 +-  0.065
 450 T   0.91911 0.04379 0.01829 0.00899 0.00471 0.00253 0.00135 0.00070 0.00032 0.00010 0.00010 ( 1)  0.066 +-  0.067
 451 Y   0.92664 0.04167 0.01646 0.00766 0.00381 0.00195 0.00099 0.00049 0.00022 0.00006 0.00005 ( 1)  0.064 +-  0.060
 452 K   0.92332 0.04263 0.01727 0.00824 0.00420 0.00220 0.00115 0.00058 0.00026 0.00008 0.00008 ( 1)  0.064 +-  0.063
 453 F   0.92165 0.04311 0.01769 0.00854 0.00440 0.00232 0.00122 0.00062 0.00028 0.00009 0.00008 ( 1)  0.065 +-  0.065
 454 N   0.92941 0.04084 0.01577 0.00718 0.00349 0.00174 0.00087 0.00042 0.00018 0.00005 0.00004 ( 1)  0.063 +-  0.057
 455 F   0.91263 0.04534 0.01976 0.01013 0.00554 0.00311 0.00174 0.00094 0.00045 0.00015 0.00021 ( 1)  0.068 +-  0.075

Positively selected sites

	Prob(w>1)  mean w

   243 -      0.522         3.343 +- 3.586
   260 -      0.698         4.562 +- 3.653

