Supplemental results for CODEML (seqf: algn  treef: tree)


dN/dS (w) for site classes (K=3)

p:   0.92265  0.04227  0.03509
w:   0.09780  1.00000  1.00000

Naive Empirical Bayes (NEB) probabilities for 3 classes & postmean_w
(amino acids refer to 1st sequence: aotNan_ASCL5_XM_021677339)

   1 M   0.99273 0.00397 0.00330 ( 1)  0.104
   2 N   0.99772 0.00124 0.00103 ( 1)  0.100
   3 N   0.65756 0.18712 0.15532 ( 1)  0.407
   4 N   0.99791 0.00114 0.00095 ( 1)  0.100
   5 F   0.36674 0.34604 0.28723 ( 1)  0.669
   6 C   0.99834 0.00091 0.00075 ( 1)  0.099
   7 R   0.99532 0.00256 0.00212 ( 1)  0.102
   8 A   0.93609 0.03492 0.02899 ( 1)  0.155
   9 L   0.94734 0.02878 0.02389 ( 1)  0.145
  10 A   0.67109 0.17972 0.14918 ( 1)  0.395
  11 D   0.88462 0.06305 0.05233 ( 1)  0.202
  12 R   0.99515 0.00265 0.00220 ( 1)  0.102
  13 R   0.98765 0.00675 0.00560 ( 1)  0.109
  14 P   0.99845 0.00085 0.00070 ( 1)  0.099
  15 L   0.60144 0.21779 0.18077 ( 1)  0.457
  16 G   0.99629 0.00203 0.00168 ( 1)  0.101
  17 S   0.98914 0.00593 0.00493 ( 1)  0.108
  18 P   0.99910 0.00049 0.00041 ( 1)  0.099
  19 G   0.97449 0.01394 0.01157 ( 1)  0.121
  20 C   0.99778 0.00121 0.00101 ( 1)  0.100
  21 M   0.56392 0.23829 0.19779 ( 1)  0.491
  22 Q   0.72970 0.14770 0.12260 ( 1)  0.342
  23 L   0.94747 0.02871 0.02383 ( 1)  0.145
  24 S   0.85298 0.08034 0.06669 ( 1)  0.230
  25 I   0.98940 0.00579 0.00481 ( 1)  0.107
  26 V   0.17076 0.45312 0.37612 ( 2)  0.846
  27 P   0.99103 0.00490 0.00407 ( 1)  0.106
  28 P   0.65360 0.18928 0.15712 ( 1)  0.410
  29 P   0.99929 0.00039 0.00032 ( 1)  0.098
  30 R   0.99515 0.00265 0.00220 ( 1)  0.102
  31 Q   0.99668 0.00181 0.00151 ( 1)  0.101
  32 A   0.66089 0.18530 0.15381 ( 1)  0.404
  33 P   0.99910 0.00049 0.00041 ( 1)  0.099
  34 L   0.63541 0.19923 0.16537 ( 1)  0.427
  35 P   0.98023 0.01080 0.00897 ( 1)  0.116
  36 R   0.90503 0.05190 0.04308 ( 1)  0.183
  37 A   0.99009 0.00541 0.00449 ( 1)  0.107
  38 E   0.96417 0.01958 0.01625 ( 1)  0.130
  39 P   0.99905 0.00052 0.00043 ( 1)  0.099
  40 L   0.99352 0.00354 0.00294 ( 1)  0.104
  41 G   0.99876 0.00068 0.00056 ( 1)  0.099
  42 N   0.97823 0.01190 0.00987 ( 1)  0.117
  43 V   0.95488 0.02465 0.02046 ( 1)  0.139
  44 P   0.99929 0.00039 0.00032 ( 1)  0.098
  45 F   0.99870 0.00071 0.00059 ( 1)  0.099
  46 L   0.99524 0.00260 0.00216 ( 1)  0.102
  47 L   0.99443 0.00304 0.00253 ( 1)  0.103
  48 Y   0.99841 0.00087 0.00072 ( 1)  0.099
  49 P   0.95704 0.02348 0.01949 ( 1)  0.137
  50 G   0.99840 0.00087 0.00072 ( 1)  0.099
  51 P   0.95788 0.02301 0.01910 ( 1)  0.136
  52 S   0.80964 0.10402 0.08634 ( 1)  0.270
  53 -   0.92265 0.04227 0.03509 ( 1)  0.168
  54 E   0.99617 0.00209 0.00174 ( 1)  0.101
  55 P   0.71085 0.15800 0.13115 ( 1)  0.359
  56 P   0.99929 0.00039 0.00032 ( 1)  0.098
  57 Y   0.99841 0.00087 0.00072 ( 1)  0.099
  58 Y   0.99841 0.00087 0.00072 ( 1)  0.099
  59 D   0.99921 0.00043 0.00036 ( 1)  0.099
  60 A   0.99895 0.00057 0.00048 ( 1)  0.099
  61 Y   0.99762 0.00130 0.00108 ( 1)  0.100
  62 A   0.99465 0.00292 0.00243 ( 1)  0.103
  63 G   0.99465 0.00292 0.00243 ( 1)  0.103
  64 V   0.99544 0.00249 0.00207 ( 1)  0.102
  65 F   0.99870 0.00071 0.00059 ( 1)  0.099
  66 P   0.99929 0.00039 0.00032 ( 1)  0.098
  67 Y   0.99691 0.00169 0.00140 ( 1)  0.101
  68 V   0.99568 0.00236 0.00196 ( 1)  0.102
  69 P   0.99917 0.00046 0.00038 ( 1)  0.099
  70 F   0.99822 0.00097 0.00081 ( 1)  0.099
  71 P   0.99929 0.00039 0.00032 ( 1)  0.098
  72 G   0.99811 0.00104 0.00086 ( 1)  0.100
  73 A   0.99904 0.00052 0.00044 ( 1)  0.099
  74 F   0.99870 0.00071 0.00059 ( 1)  0.099
  75 G   0.99465 0.00292 0.00243 ( 1)  0.103
  76 V   0.99910 0.00049 0.00041 ( 1)  0.099
  77 Y   0.99841 0.00087 0.00072 ( 1)  0.099
  78 D   0.92855 0.03904 0.03241 ( 1)  0.162
  79 Y   0.99826 0.00095 0.00079 ( 1)  0.099
  80 P   0.99929 0.00039 0.00032 ( 1)  0.098
  81 F   0.99870 0.00071 0.00059 ( 1)  0.099
  82 E   0.99669 0.00181 0.00150 ( 1)  0.101
  83 P   0.99670 0.00180 0.00150 ( 1)  0.101
  84 A   0.99900 0.00054 0.00045 ( 1)  0.099
  85 F   0.99870 0.00071 0.00059 ( 1)  0.099
  86 I   0.99673 0.00179 0.00148 ( 1)  0.101
  87 Q   0.99668 0.00181 0.00151 ( 1)  0.101
  88 K   0.99163 0.00457 0.00380 ( 1)  0.105
  89 R   0.99911 0.00049 0.00040 ( 1)  0.099
  90 N   0.99791 0.00114 0.00095 ( 1)  0.100
  91 E   0.99658 0.00187 0.00155 ( 1)  0.101
  92 R   0.99911 0.00049 0.00040 ( 1)  0.099
  93 E   0.99669 0.00181 0.00150 ( 1)  0.101
  94 R   0.99664 0.00184 0.00153 ( 1)  0.101
  95 Q   0.99668 0.00181 0.00151 ( 1)  0.101
  96 R   0.99860 0.00077 0.00064 ( 1)  0.099
  97 V   0.99805 0.00106 0.00088 ( 1)  0.100
  98 K   0.99163 0.00457 0.00380 ( 1)  0.105
  99 C   0.99834 0.00091 0.00075 ( 1)  0.099
 100 V   0.99910 0.00049 0.00041 ( 1)  0.099
 101 N   0.99791 0.00114 0.00095 ( 1)  0.100
 102 E   0.99662 0.00185 0.00153 ( 1)  0.101
 103 G   0.99832 0.00092 0.00076 ( 1)  0.099
 104 Y   0.99841 0.00087 0.00072 ( 1)  0.099
 105 A   0.99551 0.00245 0.00203 ( 1)  0.102
 106 R   0.99911 0.00049 0.00040 ( 1)  0.099
 107 L   0.99924 0.00042 0.00035 ( 1)  0.098
 108 R   0.99911 0.00049 0.00040 ( 1)  0.099
 109 G   0.99876 0.00068 0.00056 ( 1)  0.099
 110 H   0.99945 0.00030 0.00025 ( 1)  0.098
 111 L   0.99928 0.00039 0.00032 ( 1)  0.098
 112 P   0.99923 0.00042 0.00035 ( 1)  0.099
 113 G   0.99876 0.00068 0.00056 ( 1)  0.099
 114 A   0.99904 0.00052 0.00044 ( 1)  0.099
 115 L   0.99470 0.00290 0.00240 ( 1)  0.103
 116 A   0.98967 0.00565 0.00469 ( 1)  0.107
 117 E   0.99669 0.00181 0.00150 ( 1)  0.101
 118 K   0.98844 0.00632 0.00524 ( 1)  0.108
 119 R   0.98862 0.00622 0.00516 ( 1)  0.108
 120 L   0.99854 0.00080 0.00066 ( 1)  0.099
 121 S   0.99713 0.00157 0.00130 ( 1)  0.100
 122 K   0.99163 0.00457 0.00380 ( 1)  0.105
 123 V   0.99568 0.00236 0.00196 ( 1)  0.102
 124 E   0.99597 0.00220 0.00183 ( 1)  0.101
 125 T   0.99499 0.00274 0.00227 ( 1)  0.102
 126 L   0.99440 0.00306 0.00254 ( 1)  0.103
 127 -   0.92265 0.04227 0.03509 ( 1)  0.168
 128 -   0.92265 0.04227 0.03509 ( 1)  0.168
 129 -   0.92265 0.04227 0.03509 ( 1)  0.168
 130 -   0.92265 0.04227 0.03509 ( 1)  0.168
 131 -   0.92265 0.04227 0.03509 ( 1)  0.168
 132 -   0.92265 0.04227 0.03509 ( 1)  0.168
 133 -   0.92265 0.04227 0.03509 ( 1)  0.168
 134 -   0.92265 0.04227 0.03509 ( 1)  0.168
 135 -   0.92265 0.04227 0.03509 ( 1)  0.168
 136 -   0.92265 0.04227 0.03509 ( 1)  0.168
 137 -   0.92265 0.04227 0.03509 ( 1)  0.168
 138 -   0.92265 0.04227 0.03509 ( 1)  0.168
 139 -   0.92265 0.04227 0.03509 ( 1)  0.168
 140 -   0.92265 0.04227 0.03509 ( 1)  0.168
 141 -   0.92265 0.04227 0.03509 ( 1)  0.168
 142 -   0.92265 0.04227 0.03509 ( 1)  0.168
 143 -   0.92265 0.04227 0.03509 ( 1)  0.168
 144 -   0.92265 0.04227 0.03509 ( 1)  0.168
 145 -   0.92265 0.04227 0.03509 ( 1)  0.168
 146 -   0.92265 0.04227 0.03509 ( 1)  0.168
 147 -   0.92265 0.04227 0.03509 ( 1)  0.168
 148 -   0.92265 0.04227 0.03509 ( 1)  0.168
 149 -   0.92265 0.04227 0.03509 ( 1)  0.168
 150 -   0.92265 0.04227 0.03509 ( 1)  0.168
 151 -   0.92265 0.04227 0.03509 ( 1)  0.168
 152 -   0.92265 0.04227 0.03509 ( 1)  0.168
 153 -   0.92265 0.04227 0.03509 ( 1)  0.168
 154 -   0.92265 0.04227 0.03509 ( 1)  0.168
 155 -   0.92265 0.04227 0.03509 ( 1)  0.168
 156 -   0.92265 0.04227 0.03509 ( 1)  0.168
 157 -   0.92265 0.04227 0.03509 ( 1)  0.168
 158 -   0.92265 0.04227 0.03509 ( 1)  0.168
 159 -   0.92265 0.04227 0.03509 ( 1)  0.168
 160 -   0.92265 0.04227 0.03509 ( 1)  0.168
 161 -   0.92265 0.04227 0.03509 ( 1)  0.168
 162 -   0.92265 0.04227 0.03509 ( 1)  0.168
 163 -   0.92265 0.04227 0.03509 ( 1)  0.168
 164 -   0.92265 0.04227 0.03509 ( 1)  0.168
 165 R   0.99911 0.00049 0.00040 ( 1)  0.099
 166 A   0.99887 0.00062 0.00051 ( 1)  0.099
 167 A   0.99887 0.00062 0.00051 ( 1)  0.099
 168 I   0.99716 0.00155 0.00129 ( 1)  0.100
 169 R   0.99895 0.00057 0.00048 ( 1)  0.099
 170 Y   0.99817 0.00100 0.00083 ( 1)  0.099
 171 I   0.99584 0.00228 0.00189 ( 1)  0.102
 172 K   0.99091 0.00497 0.00412 ( 1)  0.106
 173 Y   0.75533 0.13370 0.11098 ( 1)  0.319
 174 L   0.99414 0.00320 0.00266 ( 1)  0.103
 175 Q   0.99566 0.00237 0.00197 ( 1)  0.102
 176 E   0.99628 0.00203 0.00169 ( 1)  0.101
 177 L   0.99414 0.00320 0.00266 ( 1)  0.103
 178 L   0.99441 0.00305 0.00253 ( 1)  0.103
 179 S   0.99676 0.00177 0.00147 ( 1)  0.101
 180 A   0.95702 0.02348 0.01949 ( 1)  0.137
 181 A   0.99874 0.00069 0.00057 ( 1)  0.099
 182 P   0.99298 0.00384 0.00318 ( 1)  0.104
 183 D   0.99894 0.00058 0.00048 ( 1)  0.099
 184 G   0.99854 0.00080 0.00066 ( 1)  0.099
 185 A   0.94810 0.02836 0.02354 ( 1)  0.145
 186 P   0.57998 0.22951 0.19051 ( 1)  0.477
 187 P   0.44982 0.30064 0.24954 ( 1)  0.594
 188 P   0.99728 0.00149 0.00123 ( 1)  0.100
 189 A   0.98939 0.00580 0.00481 ( 1)  0.107
 190 A   0.25103 0.40926 0.33971 ( 2)  0.774
 191 R   0.99789 0.00115 0.00096 ( 1)  0.100
 192 V   0.74699 0.13825 0.11476 ( 1)  0.326
 193 L   0.99839 0.00088 0.00073 ( 1)  0.099
 194 P   0.99522 0.00261 0.00217 ( 1)  0.102
 195 A   0.94939 0.02766 0.02296 ( 1)  0.143
 196 P   0.67265 0.17887 0.14847 ( 1)  0.393
 197 G   0.00554 0.54341 0.45106 ( 2)  0.995
 198 P   0.81858 0.09913 0.08229 ( 1)  0.261
 199 A   0.01833 0.53642 0.44526 ( 2)  0.983
 200 P   0.99798 0.00110 0.00092 ( 1)  0.100
 201 -   0.99188 0.00443 0.00368 ( 1)  0.105
 202 -   0.91725 0.04522 0.03753 ( 1)  0.172
 203 -   0.76156 0.13029 0.10815 ( 1)  0.313
 204 -   0.97363 0.01441 0.01196 ( 1)  0.122
 205 -   0.64913 0.19172 0.15914 ( 1)  0.414
 206 -   0.97956 0.01117 0.00927 ( 1)  0.116
 207 -   0.40235 0.32658 0.27108 ( 1)  0.637
 208 -   0.97501 0.01365 0.01133 ( 1)  0.120
 209 -   0.99772 0.00125 0.00103 ( 1)  0.100
 210 R   0.77697 0.12187 0.10116 ( 1)  0.299
 211 R   0.92265 0.04227 0.03509 ( 1)  0.168
 212 P   0.92265 0.04227 0.03509 ( 1)  0.168
 213 P   0.92265 0.04227 0.03509 ( 1)  0.168
 214 P   0.92265 0.04227 0.03509 ( 1)  0.168
 215 R   0.92265 0.04227 0.03509 ( 1)  0.168
 216 P   0.92265 0.04227 0.03509 ( 1)  0.168
 217 N   0.92265 0.04227 0.03509 ( 1)  0.168
 218 A   0.92265 0.04227 0.03509 ( 1)  0.168
 219 P   0.98749 0.00684 0.00567 ( 1)  0.109
 220 G   0.99757 0.00133 0.00110 ( 1)  0.100
 221 -   0.92265 0.04227 0.03509 ( 1)  0.168
 222 -   0.92265 0.04227 0.03509 ( 1)  0.168
 223 D   0.84850 0.08278 0.06871 ( 1)  0.234
 224 G   0.73222 0.14632 0.12145 ( 1)  0.339
 225 E   0.99352 0.00354 0.00294 ( 1)  0.104
 226 D   0.97924 0.01134 0.00942 ( 1)  0.117
 227 R   0.55434 0.24352 0.20214 ( 1)  0.500
 228 A   0.54844 0.24675 0.20481 ( 1)  0.505
 229 P   0.99853 0.00080 0.00067 ( 1)  0.099
 230 S   0.83369 0.09088 0.07543 ( 1)  0.248
 231 S   0.78930 0.11513 0.09556 ( 1)  0.288
 232 L   0.92227 0.04247 0.03525 ( 1)  0.168
 233 V   0.41988 0.31700 0.26313 ( 1)  0.621
 234 P   0.95857 0.02264 0.01879 ( 1)  0.135
 235 E   0.94425 0.03046 0.02528 ( 1)  0.148
 236 S   0.97658 0.01280 0.01062 ( 1)  0.119
 237 S   0.99791 0.00114 0.00095 ( 1)  0.100
 238 E   0.99352 0.00354 0.00294 ( 1)  0.104
 239 S   0.99802 0.00108 0.00090 ( 1)  0.100
 240 S   0.99846 0.00084 0.00070 ( 1)  0.099
 241 C   0.99589 0.00225 0.00187 ( 1)  0.102
 242 F   0.99749 0.00137 0.00114 ( 1)  0.100
 243 S   0.99846 0.00084 0.00070 ( 1)  0.099
 244 P   0.83174 0.09194 0.07632 ( 1)  0.250
 245 S   0.99253 0.00408 0.00339 ( 1)  0.105
 246 P   0.94713 0.02889 0.02398 ( 1)  0.146
 247 F   0.99749 0.00137 0.00114 ( 1)  0.100
 248 L   0.77981 0.12032 0.09987 ( 1)  0.296
 249 E   0.99237 0.00417 0.00346 ( 1)  0.105
 250 S   0.99253 0.00408 0.00339 ( 1)  0.105
 251 E   0.99451 0.00300 0.00249 ( 1)  0.103
 252 E   0.96848 0.01722 0.01429 ( 1)  0.126
 253 S   0.99836 0.00089 0.00074 ( 1)  0.099
 254 C   0.70268 0.16247 0.13486 ( 1)  0.366
 255 H   0.83508 0.09012 0.07480 ( 1)  0.247

Positively selected sites

	Prob(w>1)  mean w



lnL = -2388.429874

Bayes Empirical Bayes (BEB) probabilities for 3 classes (class) & postmean_w
(amino acids refer to 1st sequence: aotNan_ASCL5_XM_021677339)

   1 M   0.98975 0.00957 0.00068 ( 1)  0.094 +-  0.107
   2 N   0.99701 0.00288 0.00011 ( 1)  0.087 +-  0.070
   3 N   0.45130 0.41239 0.13631 ( 1)  0.704 +-  0.686
   4 N   0.99726 0.00264 0.00010 ( 1)  0.086 +-  0.068
   5 F   0.28179 0.65046 0.06775 ( 2)  0.792 +-  0.429
   6 C   0.99786 0.00207 0.00007 ( 1)  0.086 +-  0.064
   7 R   0.99358 0.00605 0.00037 ( 1)  0.090 +-  0.090
   8 A   0.85841 0.12876 0.01283 ( 1)  0.224 +-  0.342
   9 L   0.88262 0.10859 0.00879 ( 1)  0.199 +-  0.313
  10 A   0.44457 0.49905 0.05638 ( 2)  0.636 +-  0.481
  11 D   0.69016 0.29397 0.01587 ( 1)  0.385 +-  0.436
  12 R   0.99333 0.00629 0.00038 ( 1)  0.090 +-  0.091
  13 R   0.98190 0.01654 0.00156 ( 1)  0.101 +-  0.138
  14 P   0.99801 0.00191 0.00007 ( 1)  0.086 +-  0.063
  15 L   0.39613 0.53199 0.07188 ( 2)  0.689 +-  0.481
  16 G   0.99498 0.00477 0.00025 ( 1)  0.089 +-  0.082
  17 S   0.97638 0.02273 0.00089 ( 1)  0.106 +-  0.150
  18 P   0.99888 0.00108 0.00003 ( 1)  0.085 +-  0.057
  19 G   0.94287 0.05427 0.00286 ( 1)  0.139 +-  0.225
  20 C   0.99709 0.00280 0.00011 ( 1)  0.087 +-  0.069
  21 M   0.37280 0.54684 0.08036 ( 2)  0.715 +-  0.480
  22 Q   0.49262 0.46250 0.04488 ( 1)  0.585 +-  0.480
  23 L   0.88288 0.10829 0.00882 ( 1)  0.199 +-  0.313
  24 S   0.63694 0.34153 0.02153 ( 1)  0.438 +-  0.455
  25 I   0.97691 0.02229 0.00079 ( 1)  0.106 +-  0.148
  26 V   0.17624 0.68500 0.13876 ( 2)  0.923 +-  0.410
  27 P   0.98064 0.01872 0.00064 ( 1)  0.102 +-  0.137
  28 P   0.44632 0.41344 0.14024 ( 1)  0.717 +-  0.717
  29 P   0.99913 0.00085 0.00002 ( 1)  0.085 +-  0.055
  30 R   0.99333 0.00629 0.00038 ( 1)  0.090 +-  0.091
  31 Q   0.99555 0.00425 0.00021 ( 1)  0.088 +-  0.079
  32 A   0.43654 0.50345 0.06001 ( 2)  0.646 +-  0.483
  33 P   0.99888 0.00109 0.00003 ( 1)  0.085 +-  0.057
  34 L   0.41854 0.51641 0.06505 ( 2)  0.665 +-  0.482
  35 P   0.95597 0.04165 0.00237 ( 1)  0.126 +-  0.200
  36 R   0.73006 0.25632 0.01362 ( 1)  0.346 +-  0.419
  37 A   0.97850 0.02077 0.00073 ( 1)  0.104 +-  0.144
  38 E   0.91958 0.07559 0.00484 ( 1)  0.162 +-  0.263
  39 P   0.99881 0.00116 0.00003 ( 1)  0.085 +-  0.057
  40 L   0.99092 0.00849 0.00059 ( 1)  0.093 +-  0.102
  41 G   0.99843 0.00152 0.00005 ( 1)  0.085 +-  0.060
  42 N   0.95138 0.04640 0.00222 ( 1)  0.131 +-  0.208
  43 V   0.89902 0.09411 0.00688 ( 1)  0.183 +-  0.292
  44 P   0.99913 0.00085 0.00002 ( 1)  0.085 +-  0.055
  45 F   0.99834 0.00161 0.00005 ( 1)  0.085 +-  0.061
  46 L   0.99346 0.00616 0.00038 ( 1)  0.090 +-  0.090
  47 L   0.99228 0.00726 0.00046 ( 1)  0.091 +-  0.096
  48 Y   0.99796 0.00198 0.00007 ( 1)  0.086 +-  0.063
  49 P   0.90369 0.08963 0.00668 ( 1)  0.178 +-  0.287
  50 G   0.99794 0.00199 0.00007 ( 1)  0.086 +-  0.064
  51 P   0.90531 0.08742 0.00727 ( 1)  0.177 +-  0.286
  52 S   0.57656 0.39182 0.03162 ( 1)  0.500 +-  0.471
  53 -   0.86379 0.10243 0.03377 ( 1)  0.252 +-  0.569
  54 E   0.99481 0.00493 0.00026 ( 1)  0.089 +-  0.083
  55 P   0.47586 0.47442 0.04972 ( 1)  0.604 +-  0.482
  56 P   0.99913 0.00085 0.00002 ( 1)  0.085 +-  0.055
  57 Y   0.99796 0.00198 0.00007 ( 1)  0.086 +-  0.063
  58 Y   0.99796 0.00198 0.00007 ( 1)  0.086 +-  0.063
  59 D   0.99902 0.00095 0.00002 ( 1)  0.085 +-  0.056
  60 A   0.99868 0.00128 0.00004 ( 1)  0.085 +-  0.058
  61 Y   0.99687 0.00300 0.00012 ( 1)  0.087 +-  0.071
  62 A   0.99261 0.00695 0.00044 ( 1)  0.091 +-  0.094
  63 G   0.99261 0.00696 0.00043 ( 1)  0.091 +-  0.094
  64 V   0.99376 0.00590 0.00034 ( 1)  0.090 +-  0.089
  65 F   0.99834 0.00161 0.00005 ( 1)  0.085 +-  0.061
  66 P   0.99913 0.00085 0.00002 ( 1)  0.085 +-  0.055
  67 Y   0.99587 0.00394 0.00019 ( 1)  0.088 +-  0.077
  68 V   0.99411 0.00558 0.00031 ( 1)  0.089 +-  0.087
  69 P   0.99896 0.00101 0.00003 ( 1)  0.085 +-  0.056
  70 F   0.99770 0.00223 0.00008 ( 1)  0.086 +-  0.065
  71 P   0.99913 0.00085 0.00002 ( 1)  0.085 +-  0.055
  72 G   0.99754 0.00237 0.00009 ( 1)  0.086 +-  0.066
  73 A   0.99880 0.00117 0.00003 ( 1)  0.085 +-  0.057
  74 F   0.99834 0.00161 0.00005 ( 1)  0.085 +-  0.061
  75 G   0.99261 0.00696 0.00043 ( 1)  0.091 +-  0.094
  76 V   0.99888 0.00109 0.00003 ( 1)  0.085 +-  0.057
  77 Y   0.99796 0.00198 0.00007 ( 1)  0.086 +-  0.063
  78 D   0.84185 0.14118 0.01697 ( 1)  0.242 +-  0.364
  79 Y   0.99775 0.00218 0.00008 ( 1)  0.086 +-  0.065
  80 P   0.99913 0.00085 0.00002 ( 1)  0.085 +-  0.055
  81 F   0.99834 0.00161 0.00005 ( 1)  0.085 +-  0.061
  82 E   0.99556 0.00424 0.00021 ( 1)  0.088 +-  0.079
  83 P   0.99557 0.00418 0.00025 ( 1)  0.088 +-  0.079
  84 A   0.99875 0.00121 0.00004 ( 1)  0.085 +-  0.058
  85 F   0.99834 0.00161 0.00005 ( 1)  0.085 +-  0.061
  86 I   0.99561 0.00419 0.00020 ( 1)  0.088 +-  0.078
  87 Q   0.99555 0.00425 0.00021 ( 1)  0.088 +-  0.079
  88 K   0.98808 0.01107 0.00084 ( 1)  0.095 +-  0.114
  89 R   0.99889 0.00108 0.00003 ( 1)  0.085 +-  0.057
  90 N   0.99726 0.00264 0.00010 ( 1)  0.086 +-  0.068
  91 E   0.99541 0.00437 0.00022 ( 1)  0.088 +-  0.079
  92 R   0.99889 0.00108 0.00003 ( 1)  0.085 +-  0.057
  93 E   0.99556 0.00424 0.00021 ( 1)  0.088 +-  0.079
  94 R   0.99548 0.00429 0.00023 ( 1)  0.088 +-  0.079
  95 Q   0.99555 0.00425 0.00021 ( 1)  0.088 +-  0.079
  96 R   0.99821 0.00173 0.00006 ( 1)  0.085 +-  0.062
  97 V   0.99747 0.00243 0.00010 ( 1)  0.086 +-  0.067
  98 K   0.98808 0.01107 0.00084 ( 1)  0.095 +-  0.114
  99 C   0.99786 0.00207 0.00007 ( 1)  0.086 +-  0.064
 100 V   0.99888 0.00109 0.00003 ( 1)  0.085 +-  0.057
 101 N   0.99726 0.00264 0.00010 ( 1)  0.086 +-  0.068
 102 E   0.99546 0.00433 0.00021 ( 1)  0.088 +-  0.079
 103 G   0.99784 0.00209 0.00007 ( 1)  0.086 +-  0.064
 104 Y   0.99796 0.00198 0.00007 ( 1)  0.086 +-  0.063
 105 A   0.99387 0.00579 0.00034 ( 1)  0.090 +-  0.088
 106 R   0.99889 0.00108 0.00003 ( 1)  0.085 +-  0.057
 107 L   0.99906 0.00092 0.00002 ( 1)  0.085 +-  0.055
 108 R   0.99889 0.00108 0.00003 ( 1)  0.085 +-  0.057
 109 G   0.99843 0.00152 0.00005 ( 1)  0.085 +-  0.060
 110 H   0.99933 0.00066 0.00001 ( 1)  0.084 +-  0.053
 111 L   0.99912 0.00086 0.00002 ( 1)  0.085 +-  0.055
 112 P   0.99904 0.00093 0.00003 ( 1)  0.085 +-  0.055
 113 G   0.99843 0.00152 0.00005 ( 1)  0.085 +-  0.060
 114 A   0.99880 0.00117 0.00003 ( 1)  0.085 +-  0.057
 115 L   0.99268 0.00689 0.00043 ( 1)  0.091 +-  0.094
 116 A   0.98498 0.01365 0.00136 ( 1)  0.098 +-  0.128
 117 E   0.99556 0.00424 0.00021 ( 1)  0.088 +-  0.079
 118 K   0.98315 0.01544 0.00141 ( 1)  0.100 +-  0.133
 119 R   0.98339 0.01517 0.00144 ( 1)  0.100 +-  0.133
 120 L   0.99813 0.00180 0.00006 ( 1)  0.086 +-  0.062
 121 S   0.99618 0.00366 0.00016 ( 1)  0.087 +-  0.075
 122 K   0.98808 0.01107 0.00084 ( 1)  0.095 +-  0.114
 123 V   0.99411 0.00558 0.00031 ( 1)  0.089 +-  0.087
 124 E   0.99452 0.00519 0.00028 ( 1)  0.089 +-  0.084
 125 T   0.99311 0.00651 0.00038 ( 1)  0.090 +-  0.092
 126 L   0.99223 0.00730 0.00047 ( 1)  0.091 +-  0.096
 127 -   0.86379 0.10243 0.03377 ( 1)  0.252 +-  0.569
 128 -   0.86379 0.10243 0.03377 ( 1)  0.252 +-  0.569
 129 -   0.86379 0.10243 0.03377 ( 1)  0.252 +-  0.569
 130 -   0.86379 0.10243 0.03377 ( 1)  0.252 +-  0.569
 131 -   0.86379 0.10243 0.03377 ( 1)  0.252 +-  0.569
 132 -   0.86379 0.10243 0.03377 ( 1)  0.252 +-  0.569
 133 -   0.86379 0.10243 0.03377 ( 1)  0.252 +-  0.569
 134 -   0.86379 0.10243 0.03377 ( 1)  0.252 +-  0.569
 135 -   0.86379 0.10243 0.03377 ( 1)  0.252 +-  0.569
 136 -   0.86379 0.10243 0.03377 ( 1)  0.252 +-  0.569
 137 -   0.86379 0.10243 0.03377 ( 1)  0.252 +-  0.569
 138 -   0.86379 0.10243 0.03377 ( 1)  0.252 +-  0.569
 139 -   0.86379 0.10243 0.03377 ( 1)  0.252 +-  0.569
 140 -   0.86379 0.10243 0.03377 ( 1)  0.252 +-  0.569
 141 -   0.86379 0.10243 0.03377 ( 1)  0.252 +-  0.569
 142 -   0.86379 0.10243 0.03377 ( 1)  0.252 +-  0.569
 143 -   0.86379 0.10243 0.03377 ( 1)  0.252 +-  0.569
 144 -   0.86379 0.10243 0.03377 ( 1)  0.252 +-  0.569
 145 -   0.86379 0.10243 0.03377 ( 1)  0.252 +-  0.569
 146 -   0.86379 0.10243 0.03377 ( 1)  0.252 +-  0.569
 147 -   0.86379 0.10243 0.03377 ( 1)  0.252 +-  0.569
 148 -   0.86379 0.10243 0.03377 ( 1)  0.252 +-  0.569
 149 -   0.86379 0.10243 0.03377 ( 1)  0.252 +-  0.569
 150 -   0.86379 0.10243 0.03377 ( 1)  0.252 +-  0.569
 151 -   0.86379 0.10243 0.03377 ( 1)  0.252 +-  0.569
 152 -   0.86379 0.10243 0.03377 ( 1)  0.252 +-  0.569
 153 -   0.86379 0.10243 0.03377 ( 1)  0.252 +-  0.569
 154 -   0.86379 0.10243 0.03377 ( 1)  0.252 +-  0.569
 155 -   0.86379 0.10243 0.03377 ( 1)  0.252 +-  0.569
 156 -   0.86379 0.10243 0.03377 ( 1)  0.252 +-  0.569
 157 -   0.86379 0.10243 0.03377 ( 1)  0.252 +-  0.569
 158 -   0.86379 0.10243 0.03377 ( 1)  0.252 +-  0.569
 159 -   0.86379 0.10243 0.03377 ( 1)  0.252 +-  0.569
 160 -   0.86379 0.10243 0.03377 ( 1)  0.252 +-  0.569
 161 -   0.86379 0.10243 0.03377 ( 1)  0.252 +-  0.569
 162 -   0.86379 0.10243 0.03377 ( 1)  0.252 +-  0.569
 163 -   0.86379 0.10243 0.03377 ( 1)  0.252 +-  0.569
 164 -   0.86379 0.10243 0.03377 ( 1)  0.252 +-  0.569
 165 R   0.99889 0.00108 0.00003 ( 1)  0.085 +-  0.057
 166 A   0.99857 0.00139 0.00005 ( 1)  0.085 +-  0.059
 167 A   0.99857 0.00139 0.00005 ( 1)  0.085 +-  0.059
 168 I   0.99623 0.00361 0.00016 ( 1)  0.087 +-  0.075
 169 R   0.99868 0.00129 0.00004 ( 1)  0.085 +-  0.058
 170 Y   0.99762 0.00230 0.00008 ( 1)  0.086 +-  0.066
 171 I   0.99434 0.00538 0.00029 ( 1)  0.089 +-  0.085
 172 K   0.98698 0.01205 0.00096 ( 1)  0.096 +-  0.119
 173 Y   0.51698 0.44668 0.03634 ( 1)  0.558 +-  0.475
 174 L   0.99186 0.00764 0.00050 ( 1)  0.092 +-  0.098
 175 Q   0.99408 0.00561 0.00032 ( 1)  0.089 +-  0.087
 176 E   0.99497 0.00478 0.00025 ( 1)  0.089 +-  0.082
 177 L   0.99186 0.00764 0.00050 ( 1)  0.092 +-  0.098
 178 L   0.99225 0.00728 0.00047 ( 1)  0.091 +-  0.096
 179 S   0.99565 0.00415 0.00019 ( 1)  0.088 +-  0.078
 180 A   0.90355 0.08936 0.00709 ( 1)  0.178 +-  0.288
 181 A   0.99840 0.00155 0.00005 ( 1)  0.085 +-  0.060
 182 P   0.99009 0.00917 0.00074 ( 1)  0.093 +-  0.107
 183 D   0.99867 0.00129 0.00004 ( 1)  0.085 +-  0.058
 184 G   0.99813 0.00181 0.00006 ( 1)  0.086 +-  0.062
 185 A   0.88416 0.10695 0.00890 ( 1)  0.198 +-  0.312
 186 P   0.38068 0.53673 0.08259 ( 2)  0.710 +-  0.487
 187 P   0.31195 0.62439 0.06367 ( 2)  0.764 +-  0.441
 188 P   0.99640 0.00343 0.00017 ( 1)  0.087 +-  0.074
 189 A   0.98456 0.01398 0.00147 ( 1)  0.099 +-  0.130
 190 A   0.22053 0.65863 0.12084 ( 2)  0.877 +-  0.436
 191 R   0.99724 0.00264 0.00012 ( 1)  0.086 +-  0.068
 192 V   0.50793 0.44767 0.04440 ( 1)  0.571 +-  0.481
 193 L   0.99793 0.00199 0.00008 ( 1)  0.086 +-  0.064
 194 P   0.99342 0.00615 0.00042 ( 1)  0.090 +-  0.091
 195 A   0.88683 0.10423 0.00894 ( 1)  0.195 +-  0.309
 196 P   0.44493 0.49630 0.05877 ( 2)  0.637 +-  0.484
 197 G   0.00780 0.56548 0.42673 ( 2)  1.352 +-  0.724
 198 P   0.58748 0.38074 0.03178 ( 1)  0.490 +-  0.471
 199 A   0.03598 0.71486 0.24916 ( 2)  1.113 +-  0.346
 200 P   0.99737 0.00252 0.00011 ( 1)  0.086 +-  0.068
 201 -   0.98845 0.01070 0.00085 ( 1)  0.095 +-  0.113
 202 -   0.82044 0.16204 0.01752 ( 1)  0.262 +-  0.378
 203 -   0.52190 0.43538 0.04271 ( 1)  0.557 +-  0.481
 204 -   0.94088 0.05573 0.00339 ( 1)  0.141 +-  0.229
 205 -   0.42772 0.50884 0.06345 ( 2)  0.656 +-  0.484
 206 -   0.95444 0.04334 0.00222 ( 1)  0.128 +-  0.203
 207 -   0.27678 0.58541 0.13780 ( 2)  0.838 +-  0.491
 208 -   0.94405 0.05273 0.00322 ( 1)  0.138 +-  0.224
 209 -   0.99701 0.00287 0.00012 ( 1)  0.087 +-  0.070
 210 R   0.53894 0.42448 0.03658 ( 1)  0.538 +-  0.476
 211 R   0.86379 0.10243 0.03377 ( 1)  0.252 +-  0.569
 212 P   0.86379 0.10243 0.03377 ( 1)  0.252 +-  0.569
 213 P   0.86379 0.10243 0.03377 ( 1)  0.252 +-  0.569
 214 P   0.86379 0.10243 0.03377 ( 1)  0.252 +-  0.569
 215 R   0.86379 0.10243 0.03377 ( 1)  0.252 +-  0.569
 216 P   0.86379 0.10243 0.03377 ( 1)  0.252 +-  0.569
 217 N   0.86379 0.10243 0.03377 ( 1)  0.252 +-  0.569
 218 A   0.86379 0.10243 0.03377 ( 1)  0.252 +-  0.569
 219 P   0.98151 0.01660 0.00189 ( 1)  0.102 +-  0.141
 220 G   0.99679 0.00308 0.00013 ( 1)  0.087 +-  0.071
 221 -   0.86379 0.10243 0.03377 ( 1)  0.252 +-  0.569
 222 -   0.86379 0.10243 0.03377 ( 1)  0.252 +-  0.569
 223 D   0.62998 0.34709 0.02293 ( 1)  0.445 +-  0.457
 224 G   0.49437 0.45932 0.04631 ( 1)  0.585 +-  0.481
 225 E   0.99092 0.00849 0.00058 ( 1)  0.093 +-  0.102
 226 D   0.95372 0.04395 0.00234 ( 1)  0.129 +-  0.204
 227 R   0.36634 0.54888 0.08477 ( 2)  0.724 +-  0.482
 228 A   0.36169 0.54868 0.08963 ( 2)  0.731 +-  0.486
 229 P   0.99812 0.00181 0.00007 ( 1)  0.086 +-  0.062
 230 S   0.60852 0.36446 0.02702 ( 1)  0.468 +-  0.464
 231 S   0.55292 0.41472 0.03235 ( 1)  0.523 +-  0.472
 232 L   0.83058 0.15378 0.01564 ( 1)  0.252 +-  0.368
 233 V   0.28726 0.58277 0.12998 ( 2)  0.823 +-  0.489
 234 P   0.90696 0.08624 0.00681 ( 1)  0.175 +-  0.283
 235 E   0.87600 0.11441 0.00959 ( 1)  0.206 +-  0.321
 236 S   0.96367 0.03172 0.00461 ( 1)  0.120 +-  0.195
 237 S   0.99727 0.00263 0.00011 ( 1)  0.086 +-  0.068
 238 E   0.99092 0.00849 0.00058 ( 1)  0.093 +-  0.102
 239 S   0.99743 0.00248 0.00010 ( 1)  0.086 +-  0.067
 240 S   0.99802 0.00191 0.00006 ( 1)  0.086 +-  0.063
 241 C   0.99441 0.00530 0.00028 ( 1)  0.089 +-  0.085
 242 F   0.99669 0.00318 0.00013 ( 1)  0.087 +-  0.072
 243 S   0.99802 0.00191 0.00006 ( 1)  0.086 +-  0.063
 244 P   0.60572 0.36769 0.02659 ( 1)  0.470 +-  0.464
 245 S   0.98944 0.00984 0.00072 ( 1)  0.094 +-  0.109
 246 P   0.91211 0.07163 0.01626 ( 1)  0.177 +-  0.317
 247 F   0.99669 0.00318 0.00013 ( 1)  0.087 +-  0.072
 248 L   0.59819 0.33326 0.06855 ( 1)  0.501 +-  0.517
 249 E   0.98919 0.01005 0.00076 ( 1)  0.094 +-  0.110
 250 S   0.98944 0.00984 0.00072 ( 1)  0.094 +-  0.109
 251 E   0.99240 0.00715 0.00045 ( 1)  0.091 +-  0.095
 252 E   0.95012 0.04294 0.00693 ( 1)  0.134 +-  0.226
 253 S   0.99789 0.00204 0.00007 ( 1)  0.086 +-  0.064
 254 C   0.46977 0.48148 0.04875 ( 2)  0.609 +-  0.480
 255 H   0.67697 0.27672 0.04631 ( 1)  0.413 +-  0.478

Positively selected sites

	Prob(w>1)  mean w


