Supplemental results for CODEML (seqf: algn  treef: tree)


dN/dS (w) for site classes (K=3)

p:   0.78828  0.11927  0.09245
w:   0.04281  1.00000  1.00000

Naive Empirical Bayes (NEB) probabilities for 3 classes & postmean_w
(amino acids refer to 1st sequence: chlSab_FOXL3_XM_008018930)

   1 -   0.78828 0.11927 0.09245 ( 1)  0.245
   2 -   0.78828 0.11927 0.09245 ( 1)  0.245
   3 -   0.78828 0.11927 0.09245 ( 1)  0.245
   4 -   0.78828 0.11927 0.09245 ( 1)  0.245
   5 -   0.78828 0.11927 0.09245 ( 1)  0.245
   6 -   0.78828 0.11927 0.09245 ( 1)  0.245
   7 -   0.78828 0.11927 0.09245 ( 1)  0.245
   8 -   0.78828 0.11927 0.09245 ( 1)  0.245
   9 -   0.78828 0.11927 0.09245 ( 1)  0.245
  10 -   0.78828 0.11927 0.09245 ( 1)  0.245
  11 -   0.78828 0.11927 0.09245 ( 1)  0.245
  12 -   0.78828 0.11927 0.09245 ( 1)  0.245
  13 -   0.78828 0.11927 0.09245 ( 1)  0.245
  14 -   0.78828 0.11927 0.09245 ( 1)  0.245
  15 -   0.78828 0.11927 0.09245 ( 1)  0.245
  16 -   0.78828 0.11927 0.09245 ( 1)  0.245
  17 -   0.78828 0.11927 0.09245 ( 1)  0.245
  18 -   0.78828 0.11927 0.09245 ( 1)  0.245
  19 -   0.78828 0.11927 0.09245 ( 1)  0.245
  20 -   0.78828 0.11927 0.09245 ( 1)  0.245
  21 -   0.78828 0.11927 0.09245 ( 1)  0.245
  22 -   0.78828 0.11927 0.09245 ( 1)  0.245
  23 -   0.78828 0.11927 0.09245 ( 1)  0.245
  24 -   0.78828 0.11927 0.09245 ( 1)  0.245
  25 -   0.78828 0.11927 0.09245 ( 1)  0.245
  26 -   0.78828 0.11927 0.09245 ( 1)  0.245
  27 -   0.78828 0.11927 0.09245 ( 1)  0.245
  28 -   0.78828 0.11927 0.09245 ( 1)  0.245
  29 -   0.78828 0.11927 0.09245 ( 1)  0.245
  30 -   0.78828 0.11927 0.09245 ( 1)  0.245
  31 -   0.78828 0.11927 0.09245 ( 1)  0.245
  32 -   0.78828 0.11927 0.09245 ( 1)  0.245
  33 -   0.78828 0.11927 0.09245 ( 1)  0.245
  34 -   0.78828 0.11927 0.09245 ( 1)  0.245
  35 -   0.78828 0.11927 0.09245 ( 1)  0.245
  36 -   0.78828 0.11927 0.09245 ( 1)  0.245
  37 -   0.78828 0.11927 0.09245 ( 1)  0.245
  38 -   0.78828 0.11927 0.09245 ( 1)  0.245
  39 -   0.78828 0.11927 0.09245 ( 1)  0.245
  40 -   0.78828 0.11927 0.09245 ( 1)  0.245
  41 -   0.78828 0.11927 0.09245 ( 1)  0.245
  42 -   0.78828 0.11927 0.09245 ( 1)  0.245
  43 -   0.78828 0.11927 0.09245 ( 1)  0.245
  44 -   0.78828 0.11927 0.09245 ( 1)  0.245
  45 -   0.78828 0.11927 0.09245 ( 1)  0.245
  46 -   0.78828 0.11927 0.09245 ( 1)  0.245
  47 -   0.78828 0.11927 0.09245 ( 1)  0.245
  48 -   0.78828 0.11927 0.09245 ( 1)  0.245
  49 -   0.78828 0.11927 0.09245 ( 1)  0.245
  50 -   0.78828 0.11927 0.09245 ( 1)  0.245
  51 -   0.78828 0.11927 0.09245 ( 1)  0.245
  52 -   0.78828 0.11927 0.09245 ( 1)  0.245
  53 -   0.78828 0.11927 0.09245 ( 1)  0.245
  54 -   0.78828 0.11927 0.09245 ( 1)  0.245
  55 -   0.78828 0.11927 0.09245 ( 1)  0.245
  56 -   0.78828 0.11927 0.09245 ( 1)  0.245
  57 M   0.99347 0.00368 0.00285 ( 1)  0.049
  58 F   0.89707 0.05799 0.04494 ( 1)  0.141
  59 D   0.99932 0.00038 0.00030 ( 1)  0.043
  60 S   0.73869 0.14721 0.11410 ( 1)  0.293
  61 S   0.98126 0.01056 0.00818 ( 1)  0.061
  62 Q   0.99362 0.00359 0.00279 ( 1)  0.049
  63 Y   0.88278 0.06604 0.05118 ( 1)  0.155
  64 P   0.99823 0.00100 0.00077 ( 1)  0.045
  65 Y   0.99902 0.00055 0.00043 ( 1)  0.044
  66 N   0.99587 0.00232 0.00180 ( 1)  0.047
  67 C   0.99913 0.00049 0.00038 ( 1)  0.044
  68 F   0.99748 0.00142 0.00110 ( 1)  0.045
  69 N   0.93133 0.03869 0.02999 ( 1)  0.109
  70 D   0.60166 0.22441 0.17393 ( 1)  0.424
  71 D   0.99876 0.00070 0.00054 ( 1)  0.044
  72 A   0.95344 0.02623 0.02033 ( 1)  0.087
  73 D   0.99957 0.00024 0.00019 ( 1)  0.043
  74 D   0.98923 0.00606 0.00470 ( 1)  0.053
  75 Y   0.99902 0.00055 0.00043 ( 1)  0.044
  76 P   0.99156 0.00475 0.00368 ( 1)  0.051
  77 A   0.99853 0.00083 0.00064 ( 1)  0.044
  78 G   0.62863 0.20921 0.16215 ( 1)  0.398
  79 S   0.99943 0.00032 0.00025 ( 1)  0.043
  80 S   0.99721 0.00157 0.00122 ( 1)  0.045
  81 D   0.99932 0.00038 0.00030 ( 1)  0.043
  82 E   0.60028 0.22518 0.17453 ( 1)  0.425
  83 A   0.38910 0.34415 0.26674 ( 1)  0.628
  84 K   0.91203 0.04956 0.03841 ( 1)  0.127
  85 R   0.99330 0.00378 0.00293 ( 1)  0.049
  86 L   0.99844 0.00088 0.00068 ( 1)  0.044
  87 T   0.99256 0.00419 0.00325 ( 1)  0.050
  88 R   0.99253 0.00421 0.00326 ( 1)  0.050
  89 P   0.99823 0.00100 0.00077 ( 1)  0.045
  90 A   0.99284 0.00403 0.00313 ( 1)  0.050
  91 Y   0.99902 0.00055 0.00043 ( 1)  0.044
  92 -   0.78828 0.11927 0.09245 ( 1)  0.245
  93 -   0.78828 0.11927 0.09245 ( 1)  0.245
  94 -   0.78828 0.11927 0.09245 ( 1)  0.245
  95 S   0.99943 0.00032 0.00025 ( 1)  0.043
  96 Y   0.99902 0.00055 0.00043 ( 1)  0.044
  97 I   0.99832 0.00095 0.00074 ( 1)  0.044
  98 A   0.99862 0.00077 0.00060 ( 1)  0.044
  99 L   0.96340 0.02062 0.01598 ( 1)  0.078
 100 I   0.99832 0.00095 0.00074 ( 1)  0.044
 101 A   0.99862 0.00077 0.00060 ( 1)  0.044
 102 M   0.99347 0.00368 0.00285 ( 1)  0.049
 103 A   0.99862 0.00077 0.00060 ( 1)  0.044
 104 I   0.91816 0.04611 0.03574 ( 1)  0.121
 105 Q   0.99101 0.00507 0.00393 ( 1)  0.051
 106 Q   0.99362 0.00359 0.00279 ( 1)  0.049
 107 S   0.99943 0.00032 0.00025 ( 1)  0.043
 108 P   0.99589 0.00232 0.00180 ( 1)  0.047
 109 A   0.99383 0.00347 0.00269 ( 1)  0.049
 110 G   0.99820 0.00101 0.00079 ( 1)  0.045
 111 R   0.99525 0.00268 0.00207 ( 1)  0.047
 112 V   0.99317 0.00385 0.00298 ( 1)  0.049
 113 T   0.99865 0.00076 0.00059 ( 1)  0.044
 114 L   0.98509 0.00840 0.00651 ( 1)  0.057
 115 S   0.99756 0.00137 0.00107 ( 1)  0.045
 116 G   0.99901 0.00056 0.00043 ( 1)  0.044
 117 I   0.99832 0.00095 0.00074 ( 1)  0.044
 118 Y   0.99902 0.00055 0.00043 ( 1)  0.044
 119 D   0.99957 0.00024 0.00019 ( 1)  0.043
 120 F   0.99748 0.00142 0.00110 ( 1)  0.045
 121 I   0.99832 0.00095 0.00074 ( 1)  0.044
 122 M   0.99347 0.00368 0.00285 ( 1)  0.049
 123 R   0.99907 0.00053 0.00041 ( 1)  0.044
 124 K   0.99580 0.00237 0.00184 ( 1)  0.047
 125 F   0.99706 0.00166 0.00128 ( 1)  0.046
 126 P   0.99823 0.00100 0.00077 ( 1)  0.045
 127 Y   0.92525 0.04211 0.03264 ( 1)  0.114
 128 Y   0.99902 0.00055 0.00043 ( 1)  0.044
 129 R   0.99907 0.00053 0.00041 ( 1)  0.044
 130 A   0.99862 0.00077 0.00060 ( 1)  0.044
 131 N   0.99949 0.00029 0.00022 ( 1)  0.043
 132 Q   0.99362 0.00359 0.00279 ( 1)  0.049
 133 R   0.99907 0.00053 0.00041 ( 1)  0.044
 134 A   0.99862 0.00077 0.00060 ( 1)  0.044
 135 W   0.98862 0.00641 0.00497 ( 1)  0.054
 136 Q   0.99362 0.00359 0.00279 ( 1)  0.049
 137 N   0.99949 0.00029 0.00022 ( 1)  0.043
 138 S   0.99823 0.00100 0.00077 ( 1)  0.045
 139 I   0.99832 0.00095 0.00074 ( 1)  0.044
 140 R   0.99873 0.00072 0.00056 ( 1)  0.044
 141 H   0.99942 0.00033 0.00026 ( 1)  0.043
 142 N   0.99949 0.00029 0.00022 ( 1)  0.043
 143 L   0.98509 0.00840 0.00651 ( 1)  0.057
 144 S   0.99781 0.00123 0.00095 ( 1)  0.045
 145 L   0.99844 0.00088 0.00068 ( 1)  0.044
 146 N   0.99949 0.00029 0.00022 ( 1)  0.043
 147 S   0.99943 0.00032 0.00025 ( 1)  0.043
 148 C   0.99913 0.00049 0.00038 ( 1)  0.044
 149 F   0.99748 0.00142 0.00110 ( 1)  0.045
 150 V   0.96881 0.01757 0.01362 ( 1)  0.073
 151 K   0.99637 0.00204 0.00158 ( 1)  0.046
 152 V   0.99317 0.00385 0.00298 ( 1)  0.049
 153 P   0.10453 0.50447 0.39100 ( 2)  0.900
 154 -   0.78828 0.11927 0.09245 ( 1)  0.245
 155 -   0.78828 0.11927 0.09245 ( 1)  0.245
 156 -   0.78828 0.11927 0.09245 ( 1)  0.245
 157 -   0.78828 0.11927 0.09245 ( 1)  0.245
 158 -   0.78828 0.11927 0.09245 ( 1)  0.245
 159 -   0.78828 0.11927 0.09245 ( 1)  0.245
 160 -   0.78828 0.11927 0.09245 ( 1)  0.245
 161 -   0.78828 0.11927 0.09245 ( 1)  0.245
 162 -   0.78828 0.11927 0.09245 ( 1)  0.245
 163 -   0.78828 0.11927 0.09245 ( 1)  0.245
 164 -   0.78828 0.11927 0.09245 ( 1)  0.245
 165 -   0.78828 0.11927 0.09245 ( 1)  0.245
 166 -   0.78828 0.11927 0.09245 ( 1)  0.245
 167 -   0.78828 0.11927 0.09245 ( 1)  0.245
 168 -   0.78828 0.11927 0.09245 ( 1)  0.245
 169 -   0.78828 0.11927 0.09245 ( 1)  0.245
 170 -   0.78828 0.11927 0.09245 ( 1)  0.245
 171 -   0.78828 0.11927 0.09245 ( 1)  0.245
 172 -   0.78828 0.11927 0.09245 ( 1)  0.245
 173 -   0.78828 0.11927 0.09245 ( 1)  0.245
 174 -   0.78828 0.11927 0.09245 ( 1)  0.245
 175 -   0.78828 0.11927 0.09245 ( 1)  0.245
 176 -   0.78828 0.11927 0.09245 ( 1)  0.245
 177 -   0.78828 0.11927 0.09245 ( 1)  0.245
 178 -   0.78828 0.11927 0.09245 ( 1)  0.245
 179 -   0.78828 0.11927 0.09245 ( 1)  0.245
 180 -   0.78828 0.11927 0.09245 ( 1)  0.245
 181 -   0.78828 0.11927 0.09245 ( 1)  0.245
 182 -   0.78828 0.11927 0.09245 ( 1)  0.245
 183 -   0.78828 0.11927 0.09245 ( 1)  0.245
 184 -   0.78828 0.11927 0.09245 ( 1)  0.245
 185 -   0.78828 0.11927 0.09245 ( 1)  0.245
 186 -   0.78828 0.11927 0.09245 ( 1)  0.245
 187 -   0.78828 0.11927 0.09245 ( 1)  0.245
 188 -   0.78828 0.11927 0.09245 ( 1)  0.245
 189 -   0.78828 0.11927 0.09245 ( 1)  0.245
 190 -   0.78828 0.11927 0.09245 ( 1)  0.245
 191 -   0.78828 0.11927 0.09245 ( 1)  0.245
 192 -   0.78828 0.11927 0.09245 ( 1)  0.245
 193 -   0.78828 0.11927 0.09245 ( 1)  0.245
 194 -   0.78828 0.11927 0.09245 ( 1)  0.245
 195 -   0.78828 0.11927 0.09245 ( 1)  0.245
 196 -   0.78828 0.11927 0.09245 ( 1)  0.245
 197 -   0.78828 0.11927 0.09245 ( 1)  0.245
 198 -   0.78828 0.11927 0.09245 ( 1)  0.245
 199 -   0.78828 0.11927 0.09245 ( 1)  0.245
 200 -   0.78828 0.11927 0.09245 ( 1)  0.245
 201 -   0.78828 0.11927 0.09245 ( 1)  0.245
 202 -   0.78828 0.11927 0.09245 ( 1)  0.245
 203 -   0.78828 0.11927 0.09245 ( 1)  0.245
 204 R   0.99253 0.00421 0.00326 ( 1)  0.050
 205 S   0.03155 0.54558 0.42287 ( 2)  0.970
 206 E   0.93333 0.03756 0.02911 ( 1)  0.107
 207 G   0.99929 0.00040 0.00031 ( 1)  0.043
 208 H   0.65710 0.19318 0.14973 ( 1)  0.371
 209 E   0.32162 0.38217 0.29621 ( 2)  0.692
 210 K   0.91996 0.04509 0.03495 ( 1)  0.119
 211 G   0.99896 0.00059 0.00045 ( 1)  0.044
 212 K   0.33211 0.37626 0.29163 ( 2)  0.682
 213 G   0.99929 0.00040 0.00031 ( 1)  0.043
 214 N   0.99812 0.00106 0.00082 ( 1)  0.045
 215 Y   0.99741 0.00146 0.00113 ( 1)  0.045
 216 W   0.98114 0.01062 0.00823 ( 1)  0.061
 217 T   0.98334 0.00939 0.00727 ( 1)  0.059
 218 F   0.99465 0.00302 0.00234 ( 1)  0.048
 219 A   0.98734 0.00713 0.00553 ( 1)  0.055
 220 G   0.99678 0.00181 0.00140 ( 1)  0.046
 221 G   0.99823 0.00100 0.00077 ( 1)  0.045
 222 C   0.99641 0.00202 0.00157 ( 1)  0.046
 223 E   0.99457 0.00306 0.00237 ( 1)  0.048
 224 S   0.98050 0.01098 0.00851 ( 1)  0.061
 225 L   0.96977 0.01703 0.01320 ( 1)  0.072
 226 L   0.96847 0.01776 0.01377 ( 1)  0.073
 227 D   0.99884 0.00066 0.00051 ( 1)  0.044
 228 L   0.99647 0.00199 0.00154 ( 1)  0.046
 229 F   0.99465 0.00302 0.00234 ( 1)  0.048
 230 E   0.99457 0.00306 0.00237 ( 1)  0.048
 231 N   0.99858 0.00080 0.00062 ( 1)  0.044
 232 G   0.99823 0.00100 0.00077 ( 1)  0.045
 233 N   0.99864 0.00077 0.00060 ( 1)  0.044
 234 Y   0.99760 0.00135 0.00105 ( 1)  0.045
 235 R   0.98742 0.00709 0.00549 ( 1)  0.055
 236 R   0.98244 0.00989 0.00767 ( 1)  0.060
 237 R   0.98604 0.00786 0.00609 ( 1)  0.056
 238 R   0.98342 0.00934 0.00724 ( 1)  0.059
 239 R   0.98692 0.00737 0.00571 ( 1)  0.055
 240 R   0.76341 0.13328 0.10330 ( 1)  0.269
 241 R   0.99111 0.00501 0.00388 ( 1)  0.051
 242 G   0.99884 0.00065 0.00051 ( 1)  0.044
 243 -   0.78828 0.11927 0.09245 ( 1)  0.245
 244 -   0.78828 0.11927 0.09245 ( 1)  0.245
 245 -   0.78828 0.11927 0.09245 ( 1)  0.245
 246 -   0.78828 0.11927 0.09245 ( 1)  0.245
 247 -   0.78828 0.11927 0.09245 ( 1)  0.245
 248 -   0.78828 0.11927 0.09245 ( 1)  0.245
 249 -   0.78828 0.11927 0.09245 ( 1)  0.245
 250 -   0.78828 0.11927 0.09245 ( 1)  0.245
 251 -   0.78828 0.11927 0.09245 ( 1)  0.245
 252 -   0.78828 0.11927 0.09245 ( 1)  0.245
 253 -   0.78828 0.11927 0.09245 ( 1)  0.245
 254 P   0.99802 0.00112 0.00087 ( 1)  0.045
 255 K   0.00478 0.56066 0.43455 ( 2)  0.995
 256 -   0.78828 0.11927 0.09245 ( 1)  0.245
 257 -   0.78828 0.11927 0.09245 ( 1)  0.245
 258 -   0.78828 0.11927 0.09245 ( 1)  0.245
 259 -   0.78828 0.11927 0.09245 ( 1)  0.245
 260 -   0.78828 0.11927 0.09245 ( 1)  0.245
 261 -   0.78828 0.11927 0.09245 ( 1)  0.245
 262 -   0.78828 0.11927 0.09245 ( 1)  0.245
 263 -   0.78828 0.11927 0.09245 ( 1)  0.245
 264 -   0.78828 0.11927 0.09245 ( 1)  0.245
 265 -   0.78828 0.11927 0.09245 ( 1)  0.245
 266 -   0.78828 0.11927 0.09245 ( 1)  0.245
 267 -   0.78828 0.11927 0.09245 ( 1)  0.245
 268 -   0.78828 0.11927 0.09245 ( 1)  0.245
 269 -   0.78828 0.11927 0.09245 ( 1)  0.245
 270 -   0.78828 0.11927 0.09245 ( 1)  0.245
 271 -   0.78828 0.11927 0.09245 ( 1)  0.245
 272 -   0.78828 0.11927 0.09245 ( 1)  0.245
 273 -   0.78828 0.11927 0.09245 ( 1)  0.245
 274 -   0.78828 0.11927 0.09245 ( 1)  0.245
 275 -   0.78828 0.11927 0.09245 ( 1)  0.245
 276 -   0.78828 0.11927 0.09245 ( 1)  0.245
 277 -   0.78828 0.11927 0.09245 ( 1)  0.245
 278 -   0.78828 0.11927 0.09245 ( 1)  0.245
 279 -   0.78828 0.11927 0.09245 ( 1)  0.245
 280 -   0.78828 0.11927 0.09245 ( 1)  0.245
 281 -   0.78828 0.11927 0.09245 ( 1)  0.245
 282 -   0.78828 0.11927 0.09245 ( 1)  0.245
 283 -   0.78828 0.11927 0.09245 ( 1)  0.245
 284 -   0.78828 0.11927 0.09245 ( 1)  0.245
 285 -   0.78828 0.11927 0.09245 ( 1)  0.245
 286 -   0.78828 0.11927 0.09245 ( 1)  0.245
 287 -   0.78828 0.11927 0.09245 ( 1)  0.245
 288 R   0.97230 0.01560 0.01209 ( 1)  0.069
 289 E   0.34066 0.37144 0.28790 ( 2)  0.674
 290 G   0.16075 0.47280 0.36645 ( 2)  0.846
 291 -   0.33602 0.37406 0.28992 ( 2)  0.678
 292 -   0.91461 0.04810 0.03728 ( 1)  0.125
 293 -   0.01404 0.55545 0.43051 ( 2)  0.987
 294 -   0.30910 0.38922 0.30167 ( 2)  0.704
 295 -   0.05941 0.52989 0.41070 ( 2)  0.943
 296 -   0.92482 0.04235 0.03283 ( 1)  0.115
 297 -   0.37527 0.35195 0.27278 ( 1)  0.641
 298 -   0.45954 0.30447 0.23599 ( 1)  0.560
 299 -   0.35479 0.36349 0.28173 ( 2)  0.660
 300 -   0.95299 0.02649 0.02053 ( 1)  0.088
 301 -   0.94283 0.03221 0.02496 ( 1)  0.098
 302 -   0.36110 0.35993 0.27897 ( 1)  0.654
 303 -   0.29492 0.39721 0.30787 ( 2)  0.718
 304 -   0.17284 0.46599 0.36117 ( 2)  0.835
 305 -   0.01913 0.55258 0.42829 ( 2)  0.982
 306 -   0.51215 0.27484 0.21302 ( 1)  0.510
 307 -   0.02715 0.54806 0.42479 ( 2)  0.974
 308 -   0.31175 0.38773 0.30052 ( 2)  0.702
 309 -   0.24215 0.42694 0.33091 ( 2)  0.768
 310 -   0.83215 0.09456 0.07329 ( 1)  0.203
 311 -   0.29947 0.39465 0.30588 ( 2)  0.713
 312 -   0.29953 0.39462 0.30586 ( 2)  0.713
 313 -   0.43052 0.32082 0.24866 ( 1)  0.588
 314 -   0.96009 0.02248 0.01743 ( 1)  0.081
 315 -   0.87185 0.07219 0.05596 ( 1)  0.165
 316 -   0.93767 0.03512 0.02722 ( 1)  0.102
 317 -   0.82261 0.09993 0.07745 ( 1)  0.213
 318 -   0.97130 0.01617 0.01253 ( 1)  0.070
 319 -   0.96621 0.01904 0.01476 ( 1)  0.075
 320 -   0.93374 0.03733 0.02893 ( 1)  0.106
 321 -   0.21926 0.43984 0.34090 ( 2)  0.790
 322 -   0.32428 0.38067 0.29505 ( 2)  0.690
 323 -   0.95491 0.02540 0.01969 ( 1)  0.086
 324 -   0.87009 0.07318 0.05672 ( 1)  0.167
 325 -   0.87052 0.07294 0.05654 ( 1)  0.167
 326 -   0.14523 0.48154 0.37323 ( 2)  0.861
 327 -   0.86528 0.07590 0.05883 ( 1)  0.172
 328 -   0.25689 0.41863 0.32447 ( 2)  0.754
 329 -   0.87533 0.07023 0.05444 ( 1)  0.162
 330 -   0.95915 0.02301 0.01783 ( 1)  0.082
 331 -   0.97220 0.01566 0.01214 ( 1)  0.069
 332 -   0.91284 0.04910 0.03806 ( 1)  0.126
 333 -   0.36833 0.35586 0.27581 ( 1)  0.647
 334 -   0.00184 0.56232 0.43584 ( 2)  0.998
 335 -   0.92106 0.04447 0.03447 ( 1)  0.118
 336 -   0.31237 0.38738 0.30025 ( 2)  0.701
 337 -   0.36687 0.35668 0.27645 ( 1)  0.649
 338 -   0.93374 0.03733 0.02893 ( 1)  0.106
 339 -   0.95114 0.02752 0.02133 ( 1)  0.090
 340 -   0.95022 0.02805 0.02174 ( 1)  0.090
 341 -   0.31617 0.38524 0.29859 ( 2)  0.697
 342 -   0.03998 0.54084 0.41919 ( 2)  0.962
 343 -   0.96216 0.02132 0.01652 ( 1)  0.079
 344 -   0.94965 0.02837 0.02199 ( 1)  0.091
 345 -   0.95708 0.02418 0.01874 ( 1)  0.084
 346 -   0.97220 0.01566 0.01214 ( 1)  0.069
 347 -   0.83710 0.09177 0.07113 ( 1)  0.199
 348 -   0.97130 0.01617 0.01253 ( 1)  0.070
 349 -   0.96711 0.01853 0.01436 ( 1)  0.074
 350 -   0.96216 0.02132 0.01652 ( 1)  0.079
 351 -   0.96102 0.02196 0.01702 ( 1)  0.080
 352 -   0.93313 0.03767 0.02920 ( 1)  0.107
 353 -   0.91679 0.04688 0.03634 ( 1)  0.122
 354 -   0.93353 0.03745 0.02902 ( 1)  0.106
 355 -   0.60351 0.22337 0.17312 ( 1)  0.422
 356 -   0.95647 0.02452 0.01901 ( 1)  0.084
 357 -   0.82732 0.09728 0.07540 ( 1)  0.208
 358 -   0.30685 0.39049 0.30266 ( 2)  0.706
 359 -   0.94283 0.03221 0.02496 ( 1)  0.098
 360 -   0.78828 0.11927 0.09245 ( 1)  0.245
 361 -   0.78828 0.11927 0.09245 ( 1)  0.245
 362 -   0.78828 0.11927 0.09245 ( 1)  0.245
 363 -   0.78828 0.11927 0.09245 ( 1)  0.245
 364 -   0.78828 0.11927 0.09245 ( 1)  0.245
 365 -   0.95647 0.02452 0.01901 ( 1)  0.084
 366 -   0.27962 0.40583 0.31455 ( 2)  0.732
 367 -   0.34021 0.37170 0.28809 ( 2)  0.674
 368 -   0.01121 0.55704 0.43175 ( 2)  0.989
 369 -   0.91306 0.04898 0.03796 ( 1)  0.126
 370 -   0.17396 0.46536 0.36068 ( 2)  0.833
 371 -   0.95299 0.02649 0.02053 ( 1)  0.088
 372 -   0.96621 0.01904 0.01476 ( 1)  0.075
 373 -   0.83408 0.09347 0.07245 ( 1)  0.202
 374 -   0.47885 0.29359 0.22755 ( 1)  0.542
 375 -   0.95022 0.02805 0.02174 ( 1)  0.090
 376 -   0.00262 0.56188 0.43550 ( 2)  0.997
 377 -   0.91782 0.04630 0.03588 ( 1)  0.121
 378 -   0.38329 0.34743 0.26928 ( 1)  0.633
 379 -   0.95915 0.02301 0.01783 ( 1)  0.082
 380 -   0.31175 0.38773 0.30052 ( 2)  0.702
 381 -   0.45304 0.30814 0.23883 ( 1)  0.566
 382 -   0.02003 0.55207 0.42790 ( 2)  0.981
 383 -   0.97275 0.01535 0.01190 ( 1)  0.069
 384 -   0.96102 0.02196 0.01702 ( 1)  0.080
 385 -   0.96897 0.01748 0.01355 ( 1)  0.073
 386 -   0.88925 0.06239 0.04836 ( 1)  0.149
 387 -   0.92678 0.04125 0.03197 ( 1)  0.113
 388 -   0.23249 0.43238 0.33513 ( 2)  0.777
 389 L   0.00014 0.56328 0.43658 ( 2)  1.000
 390 R   0.93874 0.03451 0.02675 ( 1)  0.101
 391 G   0.87565 0.07005 0.05430 ( 1)  0.162
 392 P   0.92591 0.04174 0.03235 ( 1)  0.114
 393 R   0.33349 0.37548 0.29102 ( 2)  0.681
 394 A   0.93051 0.03915 0.03034 ( 1)  0.109
 395 G   0.92513 0.04218 0.03269 ( 1)  0.114
 396 G   0.50371 0.27959 0.21670 ( 1)  0.518
 397 V   0.43672 0.31733 0.24595 ( 1)  0.582
 398 Q   0.93180 0.03842 0.02978 ( 1)  0.108
 399 G   0.94092 0.03328 0.02580 ( 1)  0.099
 400 P   0.42623 0.32324 0.25053 ( 1)  0.592
 401 P   0.01665 0.55398 0.42937 ( 2)  0.984
 402 G   0.83018 0.09567 0.07415 ( 1)  0.205
 403 P   0.92591 0.04174 0.03235 ( 1)  0.114
 404 P   0.02599 0.54872 0.42529 ( 2)  0.975
 405 E   0.44531 0.31249 0.24220 ( 1)  0.574
 406 P   0.92591 0.04174 0.03235 ( 1)  0.114
 407 A   0.03817 0.54185 0.41997 ( 2)  0.963
 408 A   0.49893 0.28228 0.21879 ( 1)  0.522
 409 G   0.34550 0.36872 0.28578 ( 2)  0.669
 410 Q   0.92026 0.04492 0.03482 ( 1)  0.119
 411 G   0.94092 0.03328 0.02580 ( 1)  0.099
 412 S   0.02679 0.54826 0.42494 ( 2)  0.974
 413 L   0.90991 0.05075 0.03934 ( 1)  0.129
 414 A   0.92977 0.03956 0.03066 ( 1)  0.110
 415 P   0.31686 0.38485 0.29829 ( 2)  0.697
 416 D   0.97453 0.01435 0.01112 ( 1)  0.067
 417 S   0.97072 0.01649 0.01278 ( 1)  0.071
 418 A   0.82537 0.09838 0.07625 ( 1)  0.210
 419 G   0.95388 0.02598 0.02014 ( 1)  0.087
 420 E   0.95058 0.02784 0.02158 ( 1)  0.090
 421 S   0.57495 0.23946 0.18560 ( 1)  0.450
 422 A   0.51795 0.27157 0.21048 ( 1)  0.504
 423 P   0.31488 0.38597 0.29915 ( 2)  0.699
 424 G   0.88409 0.06530 0.05061 ( 1)  0.154
 425 R   0.92411 0.04275 0.03313 ( 1)  0.115
 426 D   0.52360 0.26838 0.20802 ( 1)  0.499
 427 P   0.48970 0.28748 0.22282 ( 1)  0.531
 428 H   0.81649 0.10338 0.08013 ( 1)  0.218
 429 A   0.89322 0.06015 0.04662 ( 1)  0.145
 430 S   0.27286 0.40964 0.31750 ( 2)  0.739
 431 P   0.95752 0.02393 0.01855 ( 1)  0.083
 432 A   0.96132 0.02179 0.01689 ( 1)  0.080
 433 S   0.97072 0.01649 0.01278 ( 1)  0.071
 434 P   0.95752 0.02393 0.01855 ( 1)  0.083
 435 A   0.39796 0.33916 0.26288 ( 1)  0.619
 436 P   0.02975 0.54660 0.42365 ( 2)  0.972
 437 P   0.33268 0.37594 0.29138 ( 2)  0.682
 438 G   0.92615 0.04161 0.03225 ( 1)  0.114
 439 K   0.94401 0.03154 0.02445 ( 1)  0.096
 440 E   0.95058 0.02784 0.02158 ( 1)  0.090
 441 H   0.03947 0.54112 0.41941 ( 2)  0.962
 442 S   0.40650 0.33435 0.25915 ( 1)  0.611
 443 R   0.92987 0.03951 0.03062 ( 1)  0.110
 444 D   0.97453 0.01435 0.01112 ( 1)  0.067
 445 L   0.95836 0.02346 0.01818 ( 1)  0.083
 446 K   0.94401 0.03154 0.02445 ( 1)  0.096
 447 F   0.94999 0.02817 0.02184 ( 1)  0.091
 448 S   0.97072 0.01649 0.01278 ( 1)  0.071
 449 I   0.95657 0.02447 0.01896 ( 1)  0.084
 450 D   0.97453 0.01435 0.01112 ( 1)  0.067
 451 Y   0.96438 0.02007 0.01555 ( 1)  0.077
 452 I   0.95657 0.02447 0.01896 ( 1)  0.084
 453 L   0.92171 0.04410 0.03418 ( 1)  0.118
 454 S   0.95624 0.02465 0.01911 ( 1)  0.085
 455 S   0.95624 0.02465 0.01911 ( 1)  0.085
 456 P   0.82081 0.10095 0.07824 ( 1)  0.214
 457 D   0.97453 0.01435 0.01112 ( 1)  0.067
 458 P   0.95752 0.02393 0.01855 ( 1)  0.083
 459 F   0.93440 0.03696 0.02864 ( 1)  0.106
 460 P   0.92322 0.04326 0.03353 ( 1)  0.116
 461 G   0.89747 0.05776 0.04477 ( 1)  0.141
 462 L   0.48496 0.29015 0.22489 ( 1)  0.536
 463 K   0.94401 0.03154 0.02445 ( 1)  0.096
 464 P   0.92501 0.04225 0.03274 ( 1)  0.115
 465 P   0.95752 0.02393 0.01855 ( 1)  0.083
 466 C   0.44469 0.31284 0.24247 ( 1)  0.574
 467 L   0.42719 0.32270 0.25011 ( 1)  0.591
 468 A   0.81944 0.10172 0.07884 ( 1)  0.216
 469 Q   0.34414 0.36949 0.28638 ( 2)  0.671
 470 E   0.95058 0.02784 0.02158 ( 1)  0.090
 471 G   0.96964 0.01711 0.01326 ( 1)  0.072
 472 -   0.78828 0.11927 0.09245 ( 1)  0.245
 473 -   0.78828 0.11927 0.09245 ( 1)  0.245
 474 -   0.78828 0.11927 0.09245 ( 1)  0.245
 475 -   0.78828 0.11927 0.09245 ( 1)  0.245
 476 -   0.78828 0.11927 0.09245 ( 1)  0.245
 477 R   0.84174 0.08916 0.06910 ( 1)  0.194
 478 Y   0.95101 0.02760 0.02139 ( 1)  0.090
 479 A   0.01424 0.55533 0.43042 ( 2)  0.986
 480 P   0.35430 0.36376 0.28194 ( 2)  0.661
 481 L   0.29691 0.39609 0.30700 ( 2)  0.716
 482 E   0.95058 0.02784 0.02158 ( 1)  0.090
 483 N   0.97024 0.01677 0.01300 ( 1)  0.071
 484 V   0.93084 0.03896 0.03020 ( 1)  0.109
 485 G   0.96008 0.02249 0.01743 ( 1)  0.081
 486 L   0.95836 0.02346 0.01818 ( 1)  0.083
 487 H   0.97143 0.01609 0.01247 ( 1)  0.070
 488 F   0.82759 0.09713 0.07528 ( 1)  0.208
 489 W   0.91766 0.04638 0.03595 ( 1)  0.122
 490 T   0.82931 0.09616 0.07453 ( 1)  0.206
 491 M   0.93123 0.03874 0.03003 ( 1)  0.109
 492 -   0.78828 0.11927 0.09245 ( 1)  0.245
 493 -   0.78828 0.11927 0.09245 ( 1)  0.245
 494 -   0.78828 0.11927 0.09245 ( 1)  0.245
 495 -   0.78828 0.11927 0.09245 ( 1)  0.245
 496 -   0.78828 0.11927 0.09245 ( 1)  0.245
 497 -   0.78828 0.11927 0.09245 ( 1)  0.245
 498 -   0.78828 0.11927 0.09245 ( 1)  0.245
 499 -   0.78828 0.11927 0.09245 ( 1)  0.245
 500 -   0.78828 0.11927 0.09245 ( 1)  0.245
 501 -   0.78828 0.11927 0.09245 ( 1)  0.245
 502 -   0.78828 0.11927 0.09245 ( 1)  0.245
 503 -   0.78828 0.11927 0.09245 ( 1)  0.245
 504 -   0.78828 0.11927 0.09245 ( 1)  0.245
 505 -   0.78828 0.11927 0.09245 ( 1)  0.245
 506 -   0.78828 0.11927 0.09245 ( 1)  0.245
 507 -   0.78828 0.11927 0.09245 ( 1)  0.245
 508 -   0.78828 0.11927 0.09245 ( 1)  0.245
 509 -   0.78828 0.11927 0.09245 ( 1)  0.245
 510 -   0.78828 0.11927 0.09245 ( 1)  0.245
 511 -   0.78828 0.11927 0.09245 ( 1)  0.245
 512 -   0.78828 0.11927 0.09245 ( 1)  0.245
 513 -   0.78828 0.11927 0.09245 ( 1)  0.245
 514 -   0.78828 0.11927 0.09245 ( 1)  0.245
 515 -   0.78828 0.11927 0.09245 ( 1)  0.245
 516 -   0.78828 0.11927 0.09245 ( 1)  0.245
 517 -   0.78828 0.11927 0.09245 ( 1)  0.245
 518 -   0.78828 0.11927 0.09245 ( 1)  0.245
 519 -   0.78828 0.11927 0.09245 ( 1)  0.245
 520 -   0.78828 0.11927 0.09245 ( 1)  0.245
 521 -   0.78828 0.11927 0.09245 ( 1)  0.245
 522 -   0.78828 0.11927 0.09245 ( 1)  0.245
 523 -   0.78828 0.11927 0.09245 ( 1)  0.245
 524 -   0.78828 0.11927 0.09245 ( 1)  0.245
 525 -   0.78828 0.11927 0.09245 ( 1)  0.245
 526 -   0.78828 0.11927 0.09245 ( 1)  0.245
 527 -   0.78828 0.11927 0.09245 ( 1)  0.245
 528 -   0.78828 0.11927 0.09245 ( 1)  0.245
 529 -   0.78828 0.11927 0.09245 ( 1)  0.245
 530 -   0.78828 0.11927 0.09245 ( 1)  0.245
 531 -   0.78828 0.11927 0.09245 ( 1)  0.245
 532 -   0.78828 0.11927 0.09245 ( 1)  0.245
 533 -   0.78828 0.11927 0.09245 ( 1)  0.245
 534 -   0.78828 0.11927 0.09245 ( 1)  0.245
 535 -   0.78828 0.11927 0.09245 ( 1)  0.245
 536 -   0.78828 0.11927 0.09245 ( 1)  0.245
 537 -   0.78828 0.11927 0.09245 ( 1)  0.245
 538 -   0.78828 0.11927 0.09245 ( 1)  0.245
 539 -   0.78828 0.11927 0.09245 ( 1)  0.245
 540 -   0.78828 0.11927 0.09245 ( 1)  0.245
 541 -   0.78828 0.11927 0.09245 ( 1)  0.245
 542 -   0.78828 0.11927 0.09245 ( 1)  0.245
 543 -   0.78828 0.11927 0.09245 ( 1)  0.245
 544 -   0.78828 0.11927 0.09245 ( 1)  0.245
 545 -   0.78828 0.11927 0.09245 ( 1)  0.245
 546 -   0.78828 0.11927 0.09245 ( 1)  0.245
 547 -   0.78828 0.11927 0.09245 ( 1)  0.245

Positively selected sites

	Prob(w>1)  mean w



lnL = -3450.631277

Bayes Empirical Bayes (BEB) probabilities for 3 classes (class) & postmean_w
(amino acids refer to 1st sequence: chlSab_FOXL3_XM_008018930)

   1 -   0.81294 0.14590 0.04116 ( 1)  0.257 +-  0.477
   2 -   0.81294 0.14590 0.04116 ( 1)  0.257 +-  0.477
   3 -   0.81294 0.14590 0.04116 ( 1)  0.257 +-  0.477
   4 -   0.81294 0.14590 0.04116 ( 1)  0.257 +-  0.477
   5 -   0.81294 0.14590 0.04116 ( 1)  0.257 +-  0.477
   6 -   0.81294 0.14590 0.04116 ( 1)  0.257 +-  0.477
   7 -   0.81294 0.14590 0.04116 ( 1)  0.257 +-  0.477
   8 -   0.81294 0.14590 0.04116 ( 1)  0.257 +-  0.477
   9 -   0.81294 0.14590 0.04116 ( 1)  0.257 +-  0.477
  10 -   0.81294 0.14590 0.04116 ( 1)  0.257 +-  0.477
  11 -   0.81294 0.14590 0.04116 ( 1)  0.257 +-  0.477
  12 -   0.81294 0.14590 0.04116 ( 1)  0.257 +-  0.477
  13 -   0.81294 0.14590 0.04116 ( 1)  0.257 +-  0.477
  14 -   0.81294 0.14590 0.04116 ( 1)  0.257 +-  0.477
  15 -   0.81294 0.14590 0.04116 ( 1)  0.257 +-  0.477
  16 -   0.81294 0.14590 0.04116 ( 1)  0.257 +-  0.477
  17 -   0.81294 0.14590 0.04116 ( 1)  0.257 +-  0.477
  18 -   0.81294 0.14590 0.04116 ( 1)  0.257 +-  0.477
  19 -   0.81294 0.14590 0.04116 ( 1)  0.257 +-  0.477
  20 -   0.81294 0.14590 0.04116 ( 1)  0.257 +-  0.477
  21 -   0.81294 0.14590 0.04116 ( 1)  0.257 +-  0.477
  22 -   0.81294 0.14590 0.04116 ( 1)  0.257 +-  0.477
  23 -   0.81294 0.14590 0.04116 ( 1)  0.257 +-  0.477
  24 -   0.81294 0.14590 0.04116 ( 1)  0.257 +-  0.477
  25 -   0.81294 0.14590 0.04116 ( 1)  0.257 +-  0.477
  26 -   0.81294 0.14590 0.04116 ( 1)  0.257 +-  0.477
  27 -   0.81294 0.14590 0.04116 ( 1)  0.257 +-  0.477
  28 -   0.81294 0.14590 0.04116 ( 1)  0.257 +-  0.477
  29 -   0.81294 0.14590 0.04116 ( 1)  0.257 +-  0.477
  30 -   0.81294 0.14590 0.04116 ( 1)  0.257 +-  0.477
  31 -   0.81294 0.14590 0.04116 ( 1)  0.257 +-  0.477
  32 -   0.81294 0.14590 0.04116 ( 1)  0.257 +-  0.477
  33 -   0.81294 0.14590 0.04116 ( 1)  0.257 +-  0.477
  34 -   0.81294 0.14590 0.04116 ( 1)  0.257 +-  0.477
  35 -   0.81294 0.14590 0.04116 ( 1)  0.257 +-  0.477
  36 -   0.81294 0.14590 0.04116 ( 1)  0.257 +-  0.477
  37 -   0.81294 0.14590 0.04116 ( 1)  0.257 +-  0.477
  38 -   0.81294 0.14590 0.04116 ( 1)  0.257 +-  0.477
  39 -   0.81294 0.14590 0.04116 ( 1)  0.257 +-  0.477
  40 -   0.81294 0.14590 0.04116 ( 1)  0.257 +-  0.477
  41 -   0.81294 0.14590 0.04116 ( 1)  0.257 +-  0.477
  42 -   0.81294 0.14590 0.04116 ( 1)  0.257 +-  0.477
  43 -   0.81294 0.14590 0.04116 ( 1)  0.257 +-  0.477
  44 -   0.81294 0.14590 0.04116 ( 1)  0.257 +-  0.477
  45 -   0.81294 0.14590 0.04116 ( 1)  0.257 +-  0.477
  46 -   0.81294 0.14590 0.04116 ( 1)  0.257 +-  0.477
  47 -   0.81294 0.14590 0.04116 ( 1)  0.257 +-  0.477
  48 -   0.81294 0.14590 0.04116 ( 1)  0.257 +-  0.477
  49 -   0.81294 0.14590 0.04116 ( 1)  0.257 +-  0.477
  50 -   0.81294 0.14590 0.04116 ( 1)  0.257 +-  0.477
  51 -   0.81294 0.14590 0.04116 ( 1)  0.257 +-  0.477
  52 -   0.81294 0.14590 0.04116 ( 1)  0.257 +-  0.477
  53 -   0.81294 0.14590 0.04116 ( 1)  0.257 +-  0.477
  54 -   0.81294 0.14590 0.04116 ( 1)  0.257 +-  0.477
  55 -   0.81294 0.14590 0.04116 ( 1)  0.257 +-  0.477
  56 -   0.81294 0.14590 0.04116 ( 1)  0.257 +-  0.477
  57 M   0.99527 0.00456 0.00018 ( 1)  0.055 +-  0.067
  58 F   0.91695 0.07123 0.01182 ( 1)  0.135 +-  0.291
  59 D   0.99951 0.00048 0.00001 ( 1)  0.050 +-  0.021
  60 S   0.84134 0.15301 0.00565 ( 1)  0.204 +-  0.356
  61 S   0.98610 0.01300 0.00089 ( 1)  0.064 +-  0.116
  62 Q   0.99536 0.00446 0.00018 ( 1)  0.055 +-  0.066
  63 Y   0.90425 0.08113 0.01462 ( 1)  0.149 +-  0.313
  64 P   0.99872 0.00125 0.00003 ( 1)  0.051 +-  0.035
  65 Y   0.99929 0.00070 0.00001 ( 1)  0.051 +-  0.026
  66 N   0.99701 0.00289 0.00010 ( 1)  0.053 +-  0.053
  67 C   0.99937 0.00062 0.00001 ( 1)  0.051 +-  0.024
  68 F   0.99819 0.00177 0.00004 ( 1)  0.052 +-  0.041
  69 N   0.94628 0.04751 0.00622 ( 1)  0.104 +-  0.232
  70 D   0.73995 0.24841 0.01164 ( 1)  0.303 +-  0.430
  71 D   0.99910 0.00088 0.00002 ( 1)  0.051 +-  0.029
  72 A   0.97027 0.02852 0.00121 ( 1)  0.079 +-  0.166
  73 D   0.99969 0.00031 0.00001 ( 1)  0.050 +-  0.017
  74 D   0.99322 0.00661 0.00017 ( 1)  0.057 +-  0.079
  75 Y   0.99929 0.00070 0.00001 ( 1)  0.051 +-  0.026
  76 P   0.99381 0.00589 0.00030 ( 1)  0.056 +-  0.077
  77 A   0.99893 0.00104 0.00003 ( 1)  0.051 +-  0.032
  78 G   0.75997 0.22853 0.01150 ( 1)  0.284 +-  0.420
  79 S   0.99959 0.00040 0.00001 ( 1)  0.050 +-  0.019
  80 S   0.99798 0.00196 0.00005 ( 1)  0.052 +-  0.043
  81 D   0.99951 0.00048 0.00001 ( 1)  0.050 +-  0.021
  82 E   0.69588 0.26738 0.03674 ( 1)  0.358 +-  0.478
  83 A   0.54450 0.42418 0.03132 ( 1)  0.499 +-  0.499
  84 K   0.94305 0.05423 0.00272 ( 1)  0.105 +-  0.227
  85 R   0.99509 0.00469 0.00023 ( 1)  0.055 +-  0.069
  86 L   0.99887 0.00110 0.00003 ( 1)  0.051 +-  0.032
  87 T   0.99459 0.00519 0.00023 ( 1)  0.055 +-  0.072
  88 R   0.99453 0.00522 0.00025 ( 1)  0.055 +-  0.072
  89 P   0.99872 0.00125 0.00003 ( 1)  0.051 +-  0.035
  90 A   0.99477 0.00500 0.00023 ( 1)  0.055 +-  0.071
  91 Y   0.99929 0.00070 0.00001 ( 1)  0.051 +-  0.026
  92 -   0.81294 0.14590 0.04116 ( 1)  0.257 +-  0.477
  93 -   0.81294 0.14590 0.04116 ( 1)  0.257 +-  0.477
  94 -   0.81294 0.14590 0.04116 ( 1)  0.257 +-  0.477
  95 S   0.99959 0.00040 0.00001 ( 1)  0.050 +-  0.019
  96 Y   0.99929 0.00070 0.00001 ( 1)  0.051 +-  0.026
  97 I   0.99879 0.00119 0.00003 ( 1)  0.051 +-  0.034
  98 A   0.99900 0.00097 0.00002 ( 1)  0.051 +-  0.030
  99 L   0.97233 0.02533 0.00234 ( 1)  0.077 +-  0.165
 100 I   0.99879 0.00119 0.00003 ( 1)  0.051 +-  0.034
 101 A   0.99900 0.00097 0.00002 ( 1)  0.051 +-  0.030
 102 M   0.99527 0.00456 0.00018 ( 1)  0.055 +-  0.067
 103 A   0.99900 0.00097 0.00002 ( 1)  0.051 +-  0.030
 104 I   0.93520 0.05662 0.00817 ( 1)  0.116 +-  0.255
 105 Q   0.99342 0.00627 0.00031 ( 1)  0.056 +-  0.079
 106 Q   0.99536 0.00446 0.00018 ( 1)  0.055 +-  0.066
 107 S   0.99959 0.00040 0.00001 ( 1)  0.050 +-  0.019
 108 P   0.99701 0.00288 0.00011 ( 1)  0.053 +-  0.053
 109 A   0.99550 0.00431 0.00019 ( 1)  0.054 +-  0.065
 110 G   0.99869 0.00127 0.00004 ( 1)  0.051 +-  0.035
 111 R   0.99656 0.00332 0.00012 ( 1)  0.053 +-  0.057
 112 V   0.99504 0.00476 0.00020 ( 1)  0.055 +-  0.069
 113 T   0.99902 0.00096 0.00002 ( 1)  0.051 +-  0.030
 114 L   0.98902 0.01035 0.00062 ( 1)  0.061 +-  0.103
 115 S   0.99824 0.00172 0.00005 ( 1)  0.052 +-  0.041
 116 G   0.99928 0.00070 0.00002 ( 1)  0.051 +-  0.026
 117 I   0.99879 0.00119 0.00003 ( 1)  0.051 +-  0.034
 118 Y   0.99929 0.00070 0.00001 ( 1)  0.051 +-  0.026
 119 D   0.99969 0.00031 0.00001 ( 1)  0.050 +-  0.017
 120 F   0.99819 0.00177 0.00004 ( 1)  0.052 +-  0.041
 121 I   0.99879 0.00119 0.00003 ( 1)  0.051 +-  0.034
 122 M   0.99527 0.00456 0.00018 ( 1)  0.055 +-  0.067
 123 R   0.99932 0.00066 0.00001 ( 1)  0.051 +-  0.025
 124 K   0.99696 0.00294 0.00010 ( 1)  0.053 +-  0.053
 125 F   0.99788 0.00206 0.00006 ( 1)  0.052 +-  0.044
 126 P   0.99872 0.00125 0.00003 ( 1)  0.051 +-  0.035
 127 Y   0.94066 0.05172 0.00762 ( 1)  0.111 +-  0.246
 128 Y   0.99929 0.00070 0.00001 ( 1)  0.051 +-  0.026
 129 R   0.99932 0.00066 0.00001 ( 1)  0.051 +-  0.025
 130 A   0.99900 0.00097 0.00002 ( 1)  0.051 +-  0.030
 131 N   0.99963 0.00036 0.00001 ( 1)  0.050 +-  0.018
 132 Q   0.99536 0.00446 0.00018 ( 1)  0.055 +-  0.066
 133 R   0.99932 0.00066 0.00001 ( 1)  0.051 +-  0.025
 134 A   0.99900 0.00097 0.00002 ( 1)  0.051 +-  0.030
 135 W   0.99168 0.00791 0.00041 ( 1)  0.058 +-  0.089
 136 Q   0.99536 0.00446 0.00018 ( 1)  0.055 +-  0.066
 137 N   0.99963 0.00036 0.00001 ( 1)  0.050 +-  0.018
 138 S   0.99872 0.00125 0.00003 ( 1)  0.051 +-  0.034
 139 I   0.99879 0.00119 0.00003 ( 1)  0.051 +-  0.034
 140 R   0.99907 0.00090 0.00002 ( 1)  0.051 +-  0.029
 141 H   0.99958 0.00042 0.00001 ( 1)  0.050 +-  0.020
 142 N   0.99963 0.00036 0.00001 ( 1)  0.050 +-  0.018
 143 L   0.98902 0.01035 0.00062 ( 1)  0.061 +-  0.103
 144 S   0.99842 0.00154 0.00004 ( 1)  0.052 +-  0.038
 145 L   0.99887 0.00110 0.00003 ( 1)  0.051 +-  0.032
 146 N   0.99963 0.00036 0.00001 ( 1)  0.050 +-  0.018
 147 S   0.99959 0.00040 0.00001 ( 1)  0.050 +-  0.019
 148 C   0.99937 0.00062 0.00001 ( 1)  0.051 +-  0.024
 149 F   0.99819 0.00177 0.00004 ( 1)  0.052 +-  0.041
 150 V   0.98029 0.01906 0.00065 ( 1)  0.069 +-  0.135
 151 K   0.99738 0.00254 0.00008 ( 1)  0.053 +-  0.050
 152 V   0.99504 0.00476 0.00020 ( 1)  0.055 +-  0.069
 153 P   0.17425 0.71643 0.10932 ( 2)  0.892 +-  0.424
 154 -   0.81294 0.14590 0.04116 ( 1)  0.257 +-  0.477
 155 -   0.81294 0.14590 0.04116 ( 1)  0.257 +-  0.477
 156 -   0.81294 0.14590 0.04116 ( 1)  0.257 +-  0.477
 157 -   0.81294 0.14590 0.04116 ( 1)  0.257 +-  0.477
 158 -   0.81294 0.14590 0.04116 ( 1)  0.257 +-  0.477
 159 -   0.81294 0.14590 0.04116 ( 1)  0.257 +-  0.477
 160 -   0.81294 0.14590 0.04116 ( 1)  0.257 +-  0.477
 161 -   0.81294 0.14590 0.04116 ( 1)  0.257 +-  0.477
 162 -   0.81294 0.14590 0.04116 ( 1)  0.257 +-  0.477
 163 -   0.81294 0.14590 0.04116 ( 1)  0.257 +-  0.477
 164 -   0.81294 0.14590 0.04116 ( 1)  0.257 +-  0.477
 165 -   0.81294 0.14590 0.04116 ( 1)  0.257 +-  0.477
 166 -   0.81294 0.14590 0.04116 ( 1)  0.257 +-  0.477
 167 -   0.81294 0.14590 0.04116 ( 1)  0.257 +-  0.477
 168 -   0.81294 0.14590 0.04116 ( 1)  0.257 +-  0.477
 169 -   0.81294 0.14590 0.04116 ( 1)  0.257 +-  0.477
 170 -   0.81294 0.14590 0.04116 ( 1)  0.257 +-  0.477
 171 -   0.81294 0.14590 0.04116 ( 1)  0.257 +-  0.477
 172 -   0.81294 0.14590 0.04116 ( 1)  0.257 +-  0.477
 173 -   0.81294 0.14590 0.04116 ( 1)  0.257 +-  0.477
 174 -   0.81294 0.14590 0.04116 ( 1)  0.257 +-  0.477
 175 -   0.81294 0.14590 0.04116 ( 1)  0.257 +-  0.477
 176 -   0.81294 0.14590 0.04116 ( 1)  0.257 +-  0.477
 177 -   0.81294 0.14590 0.04116 ( 1)  0.257 +-  0.477
 178 -   0.81294 0.14590 0.04116 ( 1)  0.257 +-  0.477
 179 -   0.81294 0.14590 0.04116 ( 1)  0.257 +-  0.477
 180 -   0.81294 0.14590 0.04116 ( 1)  0.257 +-  0.477
 181 -   0.81294 0.14590 0.04116 ( 1)  0.257 +-  0.477
 182 -   0.81294 0.14590 0.04116 ( 1)  0.257 +-  0.477
 183 -   0.81294 0.14590 0.04116 ( 1)  0.257 +-  0.477
 184 -   0.81294 0.14590 0.04116 ( 1)  0.257 +-  0.477
 185 -   0.81294 0.14590 0.04116 ( 1)  0.257 +-  0.477
 186 -   0.81294 0.14590 0.04116 ( 1)  0.257 +-  0.477
 187 -   0.81294 0.14590 0.04116 ( 1)  0.257 +-  0.477
 188 -   0.81294 0.14590 0.04116 ( 1)  0.257 +-  0.477
 189 -   0.81294 0.14590 0.04116 ( 1)  0.257 +-  0.477
 190 -   0.81294 0.14590 0.04116 ( 1)  0.257 +-  0.477
 191 -   0.81294 0.14590 0.04116 ( 1)  0.257 +-  0.477
 192 -   0.81294 0.14590 0.04116 ( 1)  0.257 +-  0.477
 193 -   0.81294 0.14590 0.04116 ( 1)  0.257 +-  0.477
 194 -   0.81294 0.14590 0.04116 ( 1)  0.257 +-  0.477
 195 -   0.81294 0.14590 0.04116 ( 1)  0.257 +-  0.477
 196 -   0.81294 0.14590 0.04116 ( 1)  0.257 +-  0.477
 197 -   0.81294 0.14590 0.04116 ( 1)  0.257 +-  0.477
 198 -   0.81294 0.14590 0.04116 ( 1)  0.257 +-  0.477
 199 -   0.81294 0.14590 0.04116 ( 1)  0.257 +-  0.477
 200 -   0.81294 0.14590 0.04116 ( 1)  0.257 +-  0.477
 201 -   0.81294 0.14590 0.04116 ( 1)  0.257 +-  0.477
 202 -   0.81294 0.14590 0.04116 ( 1)  0.257 +-  0.477
 203 -   0.81294 0.14590 0.04116 ( 1)  0.257 +-  0.477
 204 R   0.99453 0.00522 0.00025 ( 1)  0.055 +-  0.072
 205 S   0.06658 0.84327 0.09015 ( 2)  0.983 +-  0.292
 206 E   0.95714 0.04094 0.00192 ( 1)  0.092 +-  0.198
 207 G   0.99949 0.00050 0.00001 ( 1)  0.050 +-  0.022
 208 H   0.78162 0.20823 0.01015 ( 1)  0.263 +-  0.405
 209 E   0.47122 0.48956 0.03922 ( 2)  0.572 +-  0.503
 210 K   0.94842 0.04925 0.00233 ( 1)  0.100 +-  0.216
 211 G   0.99924 0.00074 0.00002 ( 1)  0.051 +-  0.026
 212 K   0.42048 0.47572 0.10380 ( 2)  0.659 +-  0.553
 213 G   0.99949 0.00050 0.00001 ( 1)  0.050 +-  0.022
 214 N   0.99864 0.00133 0.00003 ( 1)  0.051 +-  0.036
 215 Y   0.99813 0.00182 0.00005 ( 1)  0.052 +-  0.042
 216 W   0.98606 0.01308 0.00086 ( 1)  0.064 +-  0.116
 217 T   0.98768 0.01157 0.00075 ( 1)  0.062 +-  0.109
 218 F   0.99613 0.00374 0.00013 ( 1)  0.054 +-  0.060
 219 A   0.99067 0.00881 0.00052 ( 1)  0.059 +-  0.095
 220 G   0.99765 0.00226 0.00009 ( 1)  0.052 +-  0.047
 221 G   0.99872 0.00125 0.00004 ( 1)  0.051 +-  0.035
 222 C   0.99741 0.00252 0.00008 ( 1)  0.053 +-  0.049
 223 E   0.99605 0.00380 0.00015 ( 1)  0.054 +-  0.061
 224 S   0.98555 0.01352 0.00093 ( 1)  0.064 +-  0.118
 225 L   0.97729 0.02094 0.00178 ( 1)  0.072 +-  0.149
 226 L   0.97627 0.02183 0.00190 ( 1)  0.074 +-  0.152
 227 D   0.99915 0.00082 0.00002 ( 1)  0.051 +-  0.028
 228 L   0.99744 0.00248 0.00008 ( 1)  0.052 +-  0.049
 229 F   0.99613 0.00374 0.00013 ( 1)  0.054 +-  0.060
 230 E   0.99605 0.00380 0.00015 ( 1)  0.054 +-  0.061
 231 N   0.99898 0.00100 0.00002 ( 1)  0.051 +-  0.031
 232 G   0.99872 0.00125 0.00004 ( 1)  0.051 +-  0.035
 233 N   0.99902 0.00096 0.00002 ( 1)  0.051 +-  0.030
 234 Y   0.99827 0.00169 0.00005 ( 1)  0.052 +-  0.040
 235 R   0.99069 0.00876 0.00055 ( 1)  0.059 +-  0.095
 236 R   0.98699 0.01219 0.00083 ( 1)  0.063 +-  0.112
 237 R   0.98960 0.00971 0.00069 ( 1)  0.060 +-  0.101
 238 R   0.98758 0.01152 0.00090 ( 1)  0.062 +-  0.111
 239 R   0.99034 0.00910 0.00056 ( 1)  0.059 +-  0.097
 240 R   0.83435 0.15149 0.01416 ( 1)  0.215 +-  0.375
 241 R   0.99346 0.00621 0.00034 ( 1)  0.056 +-  0.079
 242 G   0.99916 0.00082 0.00002 ( 1)  0.051 +-  0.028
 243 -   0.81294 0.14590 0.04116 ( 1)  0.257 +-  0.477
 244 -   0.81294 0.14590 0.04116 ( 1)  0.257 +-  0.477
 245 -   0.81294 0.14590 0.04116 ( 1)  0.257 +-  0.477
 246 -   0.81294 0.14590 0.04116 ( 1)  0.257 +-  0.477
 247 -   0.81294 0.14590 0.04116 ( 1)  0.257 +-  0.477
 248 -   0.81294 0.14590 0.04116 ( 1)  0.257 +-  0.477
 249 -   0.81294 0.14590 0.04116 ( 1)  0.257 +-  0.477
 250 -   0.81294 0.14590 0.04116 ( 1)  0.257 +-  0.477
 251 -   0.81294 0.14590 0.04116 ( 1)  0.257 +-  0.477
 252 -   0.81294 0.14590 0.04116 ( 1)  0.257 +-  0.477
 253 -   0.81294 0.14590 0.04116 ( 1)  0.257 +-  0.477
 254 P   0.99856 0.00140 0.00004 ( 1)  0.051 +-  0.037
 255 K   0.00960 0.81618 0.17422 ( 2)  1.085 +-  0.245
 256 -   0.81294 0.14590 0.04116 ( 1)  0.257 +-  0.477
 257 -   0.81294 0.14590 0.04116 ( 1)  0.257 +-  0.477
 258 -   0.81294 0.14590 0.04116 ( 1)  0.257 +-  0.477
 259 -   0.81294 0.14590 0.04116 ( 1)  0.257 +-  0.477
 260 -   0.81294 0.14590 0.04116 ( 1)  0.257 +-  0.477
 261 -   0.81294 0.14590 0.04116 ( 1)  0.257 +-  0.477
 262 -   0.81294 0.14590 0.04116 ( 1)  0.257 +-  0.477
 263 -   0.81294 0.14590 0.04116 ( 1)  0.257 +-  0.477
 264 -   0.81294 0.14590 0.04116 ( 1)  0.257 +-  0.477
 265 -   0.81294 0.14590 0.04116 ( 1)  0.257 +-  0.477
 266 -   0.81294 0.14590 0.04116 ( 1)  0.257 +-  0.477
 267 -   0.81294 0.14590 0.04116 ( 1)  0.257 +-  0.477
 268 -   0.81294 0.14590 0.04116 ( 1)  0.257 +-  0.477
 269 -   0.81294 0.14590 0.04116 ( 1)  0.257 +-  0.477
 270 -   0.81294 0.14590 0.04116 ( 1)  0.257 +-  0.477
 271 -   0.81294 0.14590 0.04116 ( 1)  0.257 +-  0.477
 272 -   0.81294 0.14590 0.04116 ( 1)  0.257 +-  0.477
 273 -   0.81294 0.14590 0.04116 ( 1)  0.257 +-  0.477
 274 -   0.81294 0.14590 0.04116 ( 1)  0.257 +-  0.477
 275 -   0.81294 0.14590 0.04116 ( 1)  0.257 +-  0.477
 276 -   0.81294 0.14590 0.04116 ( 1)  0.257 +-  0.477
 277 -   0.81294 0.14590 0.04116 ( 1)  0.257 +-  0.477
 278 -   0.81294 0.14590 0.04116 ( 1)  0.257 +-  0.477
 279 -   0.81294 0.14590 0.04116 ( 1)  0.257 +-  0.477
 280 -   0.81294 0.14590 0.04116 ( 1)  0.257 +-  0.477
 281 -   0.81294 0.14590 0.04116 ( 1)  0.257 +-  0.477
 282 -   0.81294 0.14590 0.04116 ( 1)  0.257 +-  0.477
 283 -   0.81294 0.14590 0.04116 ( 1)  0.257 +-  0.477
 284 -   0.81294 0.14590 0.04116 ( 1)  0.257 +-  0.477
 285 -   0.81294 0.14590 0.04116 ( 1)  0.257 +-  0.477
 286 -   0.81294 0.14590 0.04116 ( 1)  0.257 +-  0.477
 287 -   0.81294 0.14590 0.04116 ( 1)  0.257 +-  0.477
 288 R   0.98241 0.01695 0.00063 ( 1)  0.067 +-  0.128
 289 E   0.49225 0.47044 0.03731 ( 1)  0.551 +-  0.503
 290 G   0.26136 0.65930 0.07934 ( 2)  0.793 +-  0.465
 291 -   0.40985 0.45720 0.13295 ( 2)  0.710 +-  0.679
 292 -   0.92873 0.05908 0.01219 ( 1)  0.125 +-  0.284
 293 -   0.02109 0.69993 0.27898 ( 2)  1.181 +-  0.522
 294 -   0.39036 0.49017 0.11947 ( 2)  0.701 +-  0.570
 295 -   0.09771 0.73922 0.16307 ( 2)  1.002 +-  0.408
 296 -   0.93952 0.05201 0.00847 ( 1)  0.112 +-  0.253
 297 -   0.46174 0.43499 0.10328 ( 1)  0.625 +-  0.583
 298 -   0.55025 0.36937 0.08038 ( 1)  0.527 +-  0.568
 299 -   0.43746 0.44947 0.11307 ( 2)  0.657 +-  0.597
 300 -   0.96311 0.03256 0.00433 ( 1)  0.087 +-  0.195
 301 -   0.95469 0.03957 0.00573 ( 1)  0.096 +-  0.217
 302 -   0.44768 0.44734 0.10498 ( 1)  0.640 +-  0.582
 303 -   0.37272 0.49998 0.12729 ( 2)  0.724 +-  0.579
 304 -   0.21393 0.56866 0.21741 ( 2)  0.961 +-  0.671
 305 -   0.02859 0.69661 0.27480 ( 2)  1.171 +-  0.524
 306 -   0.60937 0.33232 0.05832 ( 1)  0.454 +-  0.527
 307 -   0.04205 0.71716 0.24079 ( 2)  1.124 +-  0.476
 308 -   0.39126 0.48560 0.12315 ( 2)  0.705 +-  0.586
 309 -   0.30265 0.52950 0.16786 ( 2)  0.832 +-  0.647
 310 -   0.85670 0.11604 0.02725 ( 1)  0.203 +-  0.395
 311 -   0.37545 0.49334 0.13121 ( 2)  0.727 +-  0.594
 312 -   0.37580 0.49367 0.13053 ( 2)  0.726 +-  0.591
 313 -   0.52391 0.39382 0.08227 ( 1)  0.553 +-  0.571
 314 -   0.96906 0.02764 0.00329 ( 1)  0.081 +-  0.178
 315 -   0.89303 0.08862 0.01834 ( 1)  0.163 +-  0.340
 316 -   0.95041 0.04315 0.00644 ( 1)  0.101 +-  0.228
 317 -   0.84754 0.12259 0.02986 ( 1)  0.214 +-  0.410
 318 -   0.97748 0.01995 0.00257 ( 1)  0.073 +-  0.154
 319 -   0.97341 0.02346 0.00312 ( 1)  0.077 +-  0.167
 320 -   0.94717 0.04584 0.00698 ( 1)  0.104 +-  0.235
 321 -   0.26425 0.52689 0.20885 ( 2)  0.920 +-  0.750
 322 -   0.40683 0.47707 0.11609 ( 2)  0.684 +-  0.576
 323 -   0.96434 0.03125 0.00441 ( 1)  0.086 +-  0.194
 324 -   0.89100 0.08977 0.01923 ( 1)  0.166 +-  0.355
 325 -   0.89199 0.08954 0.01847 ( 1)  0.164 +-  0.342
 326 -   0.17462 0.56938 0.25600 ( 2)  1.057 +-  0.795
 327 -   0.88746 0.09318 0.01936 ( 1)  0.169 +-  0.348
 328 -   0.32294 0.52273 0.15434 ( 2)  0.797 +-  0.617
 329 -   0.89614 0.08622 0.01764 ( 1)  0.159 +-  0.335
 330 -   0.96777 0.02832 0.00391 ( 1)  0.083 +-  0.184
 331 -   0.97858 0.01929 0.00213 ( 1)  0.072 +-  0.148
 332 -   0.92921 0.06029 0.01051 ( 1)  0.123 +-  0.274
 333 -   0.45405 0.44033 0.10562 ( 1)  0.635 +-  0.589
 334 -   0.00317 0.70418 0.29265 ( 2)  1.205 +-  0.494
 335 -   0.93636 0.05460 0.00904 ( 1)  0.116 +-  0.259
 336 -   0.39118 0.48425 0.12457 ( 2)  0.707 +-  0.589
 337 -   0.45488 0.44356 0.10156 ( 1)  0.629 +-  0.574
 338 -   0.94717 0.04584 0.00698 ( 1)  0.104 +-  0.235
 339 -   0.96100 0.03387 0.00512 ( 1)  0.090 +-  0.204
 340 -   0.96077 0.03447 0.00477 ( 1)  0.090 +-  0.203
 341 -   0.39814 0.48341 0.11845 ( 2)  0.696 +-  0.584
 342 -   0.06395 0.73241 0.20364 ( 2)  1.070 +-  0.440
 343 -   0.97090 0.02620 0.00289 ( 1)  0.079 +-  0.171
 344 -   0.96073 0.03485 0.00442 ( 1)  0.090 +-  0.200
 345 -   0.96694 0.02971 0.00335 ( 1)  0.083 +-  0.182
 346 -   0.97858 0.01929 0.00213 ( 1)  0.072 +-  0.148
 347 -   0.86174 0.11267 0.02559 ( 1)  0.197 +-  0.384
 348 -   0.97748 0.01995 0.00257 ( 1)  0.073 +-  0.154
 349 -   0.97463 0.02280 0.00256 ( 1)  0.075 +-  0.161
 350 -   0.97090 0.02620 0.00289 ( 1)  0.079 +-  0.171
 351 -   0.96971 0.02701 0.00329 ( 1)  0.081 +-  0.176
 352 -   0.94703 0.04627 0.00670 ( 1)  0.104 +-  0.233
 353 -   0.93299 0.05757 0.00944 ( 1)  0.119 +-  0.265
 354 -   0.94707 0.04600 0.00693 ( 1)  0.104 +-  0.235
 355 -   0.69276 0.26313 0.04411 ( 1)  0.367 +-  0.496
 356 -   0.96567 0.03017 0.00416 ( 1)  0.085 +-  0.190
 357 -   0.85221 0.11938 0.02841 ( 1)  0.208 +-  0.401
 358 -   0.38155 0.48472 0.13372 ( 2)  0.729 +-  0.627
 359 -   0.95469 0.03957 0.00573 ( 1)  0.096 +-  0.217
 360 -   0.81294 0.14590 0.04116 ( 1)  0.257 +-  0.477
 361 -   0.81294 0.14590 0.04116 ( 1)  0.257 +-  0.477
 362 -   0.81294 0.14590 0.04116 ( 1)  0.257 +-  0.477
 363 -   0.81294 0.14590 0.04116 ( 1)  0.257 +-  0.477
 364 -   0.81294 0.14590 0.04116 ( 1)  0.257 +-  0.477
 365 -   0.96567 0.03017 0.00416 ( 1)  0.085 +-  0.190
 366 -   0.34900 0.50446 0.14654 ( 2)  0.768 +-  0.624
 367 -   0.41341 0.45307 0.13352 ( 2)  0.703 +-  0.655
 368 -   0.01528 0.63894 0.34578 ( 2)  1.277 +-  0.708
 369 -   0.92852 0.06013 0.01135 ( 1)  0.125 +-  0.282
 370 -   0.21388 0.56433 0.22179 ( 2)  0.972 +-  0.705
 371 -   0.96311 0.03256 0.00433 ( 1)  0.087 +-  0.195
 372 -   0.97341 0.02346 0.00312 ( 1)  0.077 +-  0.167
 373 -   0.85763 0.11462 0.02774 ( 1)  0.204 +-  0.402
 374 -   0.56570 0.35267 0.08163 ( 1)  0.515 +-  0.577
 375 -   0.96077 0.03447 0.00477 ( 1)  0.090 +-  0.203
 376 -   0.00334 0.58612 0.41054 ( 2)  1.352 +-  0.755
 377 -   0.93423 0.05685 0.00892 ( 1)  0.117 +-  0.261
 378 -   0.47229 0.43013 0.09758 ( 1)  0.611 +-  0.575
 379 -   0.96777 0.02832 0.00391 ( 1)  0.083 +-  0.184
 380 -   0.39126 0.48560 0.12315 ( 2)  0.705 +-  0.586
 381 -   0.54733 0.37650 0.07617 ( 1)  0.525 +-  0.555
 382 -   0.03056 0.71010 0.25934 ( 2)  1.146 +-  0.458
 383 -   0.97896 0.01892 0.00212 ( 1)  0.071 +-  0.147
 384 -   0.96971 0.02701 0.00329 ( 1)  0.081 +-  0.176
 385 -   0.97567 0.02155 0.00278 ( 1)  0.075 +-  0.160
 386 -   0.90972 0.07664 0.01364 ( 1)  0.144 +-  0.305
 387 -   0.94209 0.05065 0.00726 ( 1)  0.109 +-  0.243
 388 -   0.29084 0.53628 0.17288 ( 2)  0.846 +-  0.637
 389 L   0.00027 0.70995 0.28977 ( 2)  1.178 +-  0.348
 390 R   0.95233 0.04238 0.00530 ( 1)  0.098 +-  0.218
 391 G   0.89685 0.08602 0.01713 ( 1)  0.158 +-  0.331
 392 P   0.94154 0.05125 0.00721 ( 1)  0.109 +-  0.243
 393 R   0.41834 0.47081 0.11085 ( 2)  0.669 +-  0.570
 394 A   0.94538 0.04807 0.00655 ( 1)  0.105 +-  0.235
 395 G   0.94075 0.05180 0.00746 ( 1)  0.110 +-  0.245
 396 G   0.60560 0.34092 0.05347 ( 1)  0.453 +-  0.516
 397 V   0.53621 0.39284 0.07095 ( 1)  0.530 +-  0.537
 398 Q   0.94653 0.04718 0.00629 ( 1)  0.104 +-  0.232
 399 G   0.95401 0.04087 0.00512 ( 1)  0.096 +-  0.215
 400 P   0.52547 0.40133 0.07320 ( 1)  0.541 +-  0.539
 401 P   0.02477 0.69439 0.28084 ( 2)  1.170 +-  0.469
 402 G   0.85506 0.11742 0.02752 ( 1)  0.205 +-  0.395
 403 P   0.94154 0.05125 0.00721 ( 1)  0.109 +-  0.243
 404 P   0.04108 0.73175 0.22717 ( 2)  1.102 +-  0.390
 405 E   0.54513 0.38598 0.06889 ( 1)  0.520 +-  0.536
 406 P   0.94154 0.05125 0.00721 ( 1)  0.109 +-  0.243
 407 A   0.06252 0.74957 0.18791 ( 2)  1.049 +-  0.369
 408 A   0.60090 0.34464 0.05445 ( 1)  0.459 +-  0.517
 409 G   0.43353 0.46285 0.10362 ( 2)  0.649 +-  0.561
 410 Q   0.93675 0.05516 0.00809 ( 1)  0.114 +-  0.253
 411 G   0.95401 0.04087 0.00512 ( 1)  0.096 +-  0.215
 412 S   0.04225 0.72981 0.22794 ( 2)  1.101 +-  0.392
 413 L   0.92800 0.06233 0.00967 ( 1)  0.124 +-  0.270
 414 A   0.94465 0.04859 0.00676 ( 1)  0.106 +-  0.237
 415 P   0.40063 0.48547 0.11390 ( 2)  0.686 +-  0.562
 416 D   0.98083 0.01766 0.00151 ( 1)  0.069 +-  0.137
 417 S   0.97796 0.02028 0.00176 ( 1)  0.072 +-  0.147
 418 A   0.85038 0.12072 0.02890 ( 1)  0.210 +-  0.403
 419 G   0.96453 0.03192 0.00356 ( 1)  0.086 +-  0.188
 420 E   0.96192 0.03420 0.00389 ( 1)  0.088 +-  0.195
 421 S   0.67274 0.28618 0.04108 ( 1)  0.383 +-  0.490
 422 A   0.61990 0.33003 0.05007 ( 1)  0.438 +-  0.510
 423 P   0.39869 0.48744 0.11387 ( 2)  0.688 +-  0.560
 424 G   0.90444 0.08018 0.01538 ( 1)  0.150 +-  0.318
 425 R   0.93973 0.05250 0.00777 ( 1)  0.112 +-  0.248
 426 D   0.62545 0.32570 0.04886 ( 1)  0.432 +-  0.508
 427 P   0.59037 0.35117 0.05846 ( 1)  0.471 +-  0.523
 428 H   0.84167 0.12680 0.03153 ( 1)  0.221 +-  0.418
 429 A   0.91346 0.07389 0.01264 ( 1)  0.139 +-  0.297
 430 S   0.34721 0.51805 0.13474 ( 2)  0.752 +-  0.566
 431 P   0.96744 0.02940 0.00316 ( 1)  0.083 +-  0.180
 432 A   0.97045 0.02678 0.00277 ( 1)  0.080 +-  0.171
 433 S   0.97796 0.02028 0.00176 ( 1)  0.072 +-  0.147
 434 P   0.96744 0.02940 0.00316 ( 1)  0.083 +-  0.180
 435 A   0.49314 0.42241 0.08445 ( 1)  0.579 +-  0.549
 436 P   0.04768 0.73940 0.21291 ( 2)  1.083 +-  0.380
 437 P   0.41882 0.47288 0.10830 ( 2)  0.666 +-  0.563
 438 G   0.94160 0.05109 0.00731 ( 1)  0.109 +-  0.244
 439 K   0.95666 0.03873 0.00461 ( 1)  0.094 +-  0.208
 440 E   0.96192 0.03420 0.00389 ( 1)  0.088 +-  0.195
 441 H   0.06467 0.74911 0.18622 ( 2)  1.046 +-  0.370
 442 S   0.50153 0.41498 0.08348 ( 1)  0.571 +-  0.552
 443 R   0.94481 0.04851 0.00668 ( 1)  0.106 +-  0.236
 444 D   0.98083 0.01766 0.00151 ( 1)  0.069 +-  0.137
 445 L   0.96821 0.02882 0.00298 ( 1)  0.082 +-  0.178
 446 K   0.95666 0.03873 0.00461 ( 1)  0.094 +-  0.208
 447 F   0.96158 0.03460 0.00382 ( 1)  0.089 +-  0.195
 448 S   0.97796 0.02028 0.00176 ( 1)  0.072 +-  0.147
 449 I   0.96685 0.03005 0.00310 ( 1)  0.083 +-  0.181
 450 D   0.98083 0.01766 0.00151 ( 1)  0.069 +-  0.137
 451 Y   0.97300 0.02466 0.00234 ( 1)  0.077 +-  0.163
 452 I   0.96685 0.03005 0.00310 ( 1)  0.083 +-  0.181
 453 L   0.93791 0.05416 0.00793 ( 1)  0.113 +-  0.251
 454 S   0.96654 0.03028 0.00318 ( 1)  0.083 +-  0.182
 455 S   0.96654 0.03028 0.00318 ( 1)  0.083 +-  0.182
 456 P   0.84591 0.12385 0.03024 ( 1)  0.216 +-  0.411
 457 D   0.98083 0.01766 0.00151 ( 1)  0.069 +-  0.137
 458 P   0.96744 0.02940 0.00316 ( 1)  0.083 +-  0.180
 459 F   0.94878 0.04538 0.00584 ( 1)  0.102 +-  0.227
 460 P   0.93923 0.05312 0.00765 ( 1)  0.112 +-  0.248
 461 G   0.91663 0.07094 0.01243 ( 1)  0.136 +-  0.294
 462 L   0.58746 0.35579 0.05674 ( 1)  0.472 +-  0.520
 463 K   0.95666 0.03873 0.00461 ( 1)  0.094 +-  0.208
 464 P   0.94077 0.05188 0.00736 ( 1)  0.110 +-  0.245
 465 P   0.96744 0.02940 0.00316 ( 1)  0.083 +-  0.180
 466 C   0.54560 0.38717 0.06723 ( 1)  0.518 +-  0.533
 467 L   0.52687 0.40084 0.07230 ( 1)  0.539 +-  0.538
 468 A   0.84455 0.12478 0.03066 ( 1)  0.217 +-  0.413
 469 Q   0.43255 0.46446 0.10299 ( 2)  0.649 +-  0.559
 470 E   0.96192 0.03420 0.00389 ( 1)  0.088 +-  0.195
 471 G   0.97701 0.02104 0.00195 ( 1)  0.073 +-  0.151
 472 -   0.81294 0.14590 0.04116 ( 1)  0.257 +-  0.477
 473 -   0.81294 0.14590 0.04116 ( 1)  0.257 +-  0.477
 474 -   0.81294 0.14590 0.04116 ( 1)  0.257 +-  0.477
 475 -   0.81294 0.14590 0.04116 ( 1)  0.257 +-  0.477
 476 -   0.81294 0.14590 0.04116 ( 1)  0.257 +-  0.477
 477 R   0.86625 0.10949 0.02426 ( 1)  0.192 +-  0.376
 478 Y   0.96224 0.03390 0.00387 ( 1)  0.088 +-  0.194
 479 A   0.02063 0.67741 0.30197 ( 2)  1.200 +-  0.521
 480 P   0.44397 0.45632 0.09971 ( 2)  0.636 +-  0.559
 481 L   0.37647 0.50022 0.12331 ( 2)  0.716 +-  0.565
 482 E   0.96192 0.03420 0.00389 ( 1)  0.088 +-  0.195
 483 N   0.97756 0.02062 0.00183 ( 1)  0.072 +-  0.149
 484 V   0.94576 0.04784 0.00639 ( 1)  0.105 +-  0.234
 485 G   0.96939 0.02764 0.00297 ( 1)  0.081 +-  0.175
 486 L   0.96821 0.02882 0.00298 ( 1)  0.082 +-  0.178
 487 H   0.97843 0.01980 0.00178 ( 1)  0.071 +-  0.146
 488 F   0.85260 0.11920 0.02819 ( 1)  0.208 +-  0.399
 489 W   0.93472 0.05696 0.00832 ( 1)  0.117 +-  0.257
 490 T   0.85421 0.11802 0.02778 ( 1)  0.206 +-  0.397
 491 M   0.94618 0.04757 0.00625 ( 1)  0.104 +-  0.232
 492 -   0.81294 0.14590 0.04116 ( 1)  0.257 +-  0.477
 493 -   0.81294 0.14590 0.04116 ( 1)  0.257 +-  0.477
 494 -   0.81294 0.14590 0.04116 ( 1)  0.257 +-  0.477
 495 -   0.81294 0.14590 0.04116 ( 1)  0.257 +-  0.477
 496 -   0.81294 0.14590 0.04116 ( 1)  0.257 +-  0.477
 497 -   0.81294 0.14590 0.04116 ( 1)  0.257 +-  0.477
 498 -   0.81294 0.14590 0.04116 ( 1)  0.257 +-  0.477
 499 -   0.81294 0.14590 0.04116 ( 1)  0.257 +-  0.477
 500 -   0.81294 0.14590 0.04116 ( 1)  0.257 +-  0.477
 501 -   0.81294 0.14590 0.04116 ( 1)  0.257 +-  0.477
 502 -   0.81294 0.14590 0.04116 ( 1)  0.257 +-  0.477
 503 -   0.81294 0.14590 0.04116 ( 1)  0.257 +-  0.477
 504 -   0.81294 0.14590 0.04116 ( 1)  0.257 +-  0.477
 505 -   0.81294 0.14590 0.04116 ( 1)  0.257 +-  0.477
 506 -   0.81294 0.14590 0.04116 ( 1)  0.257 +-  0.477
 507 -   0.81294 0.14590 0.04116 ( 1)  0.257 +-  0.477
 508 -   0.81294 0.14590 0.04116 ( 1)  0.257 +-  0.477
 509 -   0.81294 0.14590 0.04116 ( 1)  0.257 +-  0.477
 510 -   0.81294 0.14590 0.04116 ( 1)  0.257 +-  0.477
 511 -   0.81294 0.14590 0.04116 ( 1)  0.257 +-  0.477
 512 -   0.81294 0.14590 0.04116 ( 1)  0.257 +-  0.477
 513 -   0.81294 0.14590 0.04116 ( 1)  0.257 +-  0.477
 514 -   0.81294 0.14590 0.04116 ( 1)  0.257 +-  0.477
 515 -   0.81294 0.14590 0.04116 ( 1)  0.257 +-  0.477
 516 -   0.81294 0.14590 0.04116 ( 1)  0.257 +-  0.477
 517 -   0.81294 0.14590 0.04116 ( 1)  0.257 +-  0.477
 518 -   0.81294 0.14590 0.04116 ( 1)  0.257 +-  0.477
 519 -   0.81294 0.14590 0.04116 ( 1)  0.257 +-  0.477
 520 -   0.81294 0.14590 0.04116 ( 1)  0.257 +-  0.477
 521 -   0.81294 0.14590 0.04116 ( 1)  0.257 +-  0.477
 522 -   0.81294 0.14590 0.04116 ( 1)  0.257 +-  0.477
 523 -   0.81294 0.14590 0.04116 ( 1)  0.257 +-  0.477
 524 -   0.81294 0.14590 0.04116 ( 1)  0.257 +-  0.477
 525 -   0.81294 0.14590 0.04116 ( 1)  0.257 +-  0.477
 526 -   0.81294 0.14590 0.04116 ( 1)  0.257 +-  0.477
 527 -   0.81294 0.14590 0.04116 ( 1)  0.257 +-  0.477
 528 -   0.81294 0.14590 0.04116 ( 1)  0.257 +-  0.477
 529 -   0.81294 0.14590 0.04116 ( 1)  0.257 +-  0.477
 530 -   0.81294 0.14590 0.04116 ( 1)  0.257 +-  0.477
 531 -   0.81294 0.14590 0.04116 ( 1)  0.257 +-  0.477
 532 -   0.81294 0.14590 0.04116 ( 1)  0.257 +-  0.477
 533 -   0.81294 0.14590 0.04116 ( 1)  0.257 +-  0.477
 534 -   0.81294 0.14590 0.04116 ( 1)  0.257 +-  0.477
 535 -   0.81294 0.14590 0.04116 ( 1)  0.257 +-  0.477
 536 -   0.81294 0.14590 0.04116 ( 1)  0.257 +-  0.477
 537 -   0.81294 0.14590 0.04116 ( 1)  0.257 +-  0.477
 538 -   0.81294 0.14590 0.04116 ( 1)  0.257 +-  0.477
 539 -   0.81294 0.14590 0.04116 ( 1)  0.257 +-  0.477
 540 -   0.81294 0.14590 0.04116 ( 1)  0.257 +-  0.477
 541 -   0.81294 0.14590 0.04116 ( 1)  0.257 +-  0.477
 542 -   0.81294 0.14590 0.04116 ( 1)  0.257 +-  0.477
 543 -   0.81294 0.14590 0.04116 ( 1)  0.257 +-  0.477
 544 -   0.81294 0.14590 0.04116 ( 1)  0.257 +-  0.477
 545 -   0.81294 0.14590 0.04116 ( 1)  0.257 +-  0.477
 546 -   0.81294 0.14590 0.04116 ( 1)  0.257 +-  0.477
 547 -   0.81294 0.14590 0.04116 ( 1)  0.257 +-  0.477

Positively selected sites

	Prob(w>1)  mean w


