Supplemental results for CODEML (seqf: algn  treef: tree)


dN/dS (w) for site classes (K=5)

p:   0.25000  0.25000  0.25000  0.25000  0.00001
w:   0.00017  0.01269  0.09784  0.42127  1.00000

Naive Empirical Bayes (NEB) probabilities for 5 classes & postmean_w
(amino acids refer to 1st sequence: aotNan_ASCL5_XM_021677339)

   1 M   0.33450 0.32209 0.24914 0.09427 0.00000 ( 1)  0.068
   2 N   0.36454 0.34459 0.23517 0.05569 0.00000 ( 1)  0.051
   3 N   0.00039 0.02921 0.21384 0.75652 0.00005 ( 4)  0.340
   4 N   0.36640 0.34591 0.23406 0.05364 0.00000 ( 1)  0.050
   5 F   0.00000 0.00019 0.05776 0.94201 0.00003 ( 4)  0.403
   6 C   0.37210 0.34986 0.23029 0.04774 0.00000 ( 1)  0.047
   7 R   0.34857 0.33279 0.24317 0.07548 0.00000 ( 1)  0.060
   8 A   0.00088 0.06359 0.36998 0.56554 0.00001 ( 4)  0.275
   9 L   0.00092 0.06663 0.38320 0.54924 0.00001 ( 4)  0.270
  10 A   0.00000 0.00334 0.14594 0.85069 0.00003 ( 4)  0.373
  11 D   0.00000 0.00592 0.22420 0.76987 0.00001 ( 4)  0.346
  12 R   0.34656 0.33132 0.24426 0.07786 0.00000 ( 1)  0.061
  13 R   0.31886 0.30956 0.25320 0.11838 0.00000 ( 1)  0.079
  14 P   0.37737 0.35315 0.22576 0.04372 0.00000 ( 1)  0.045
  15 L   0.00000 0.00290 0.13112 0.86595 0.00003 ( 4)  0.378
  16 G   0.35359 0.33658 0.24095 0.06887 0.00000 ( 1)  0.057
  17 S   0.00155 0.10903 0.51716 0.37226 0.00000 ( 3)  0.209
  18 P   0.38823 0.36029 0.21756 0.03391 0.00000 ( 1)  0.040
  19 G   0.00116 0.08330 0.44326 0.47228 0.00000 ( 4)  0.243
  20 C   0.36567 0.34536 0.23438 0.05458 0.00000 ( 1)  0.050
  21 M   0.00000 0.00269 0.12402 0.87325 0.00004 ( 4)  0.380
  22 Q   0.00000 0.00374 0.15908 0.83715 0.00002 ( 4)  0.368
  23 L   0.00092 0.06680 0.38370 0.54857 0.00001 ( 4)  0.269
  24 S   0.00000 0.00528 0.20597 0.78874 0.00001 ( 4)  0.353
  25 I   0.00152 0.10762 0.51530 0.37556 0.00000 ( 3)  0.210
  26 V   0.00000 0.00012 0.03879 0.96103 0.00007 ( 4)  0.409
  27 P   0.00160 0.11287 0.52829 0.35723 0.00000 ( 3)  0.204
  28 P   0.00039 0.02908 0.21311 0.75737 0.00005 ( 4)  0.340
  29 P   0.39339 0.36349 0.21318 0.02994 0.00000 ( 1)  0.038
  30 R   0.34656 0.33132 0.24426 0.07786 0.00000 ( 1)  0.061
  31 Q   0.35532 0.33788 0.24017 0.06663 0.00000 ( 1)  0.056
  32 A   0.00000 0.00328 0.14386 0.85283 0.00003 ( 4)  0.373
  33 P   0.38817 0.36025 0.21762 0.03396 0.00000 ( 1)  0.040
  34 L   0.00000 0.00311 0.13832 0.85854 0.00003 ( 4)  0.375
  35 P   0.00132 0.09393 0.47367 0.43107 0.00000 ( 3)  0.229
  36 R   0.00000 0.00671 0.24514 0.74814 0.00001 ( 4)  0.339
  37 A   0.00155 0.10958 0.52006 0.36881 0.00000 ( 3)  0.208
  38 E   0.00104 0.07477 0.41361 0.51057 0.00001 ( 4)  0.257
  39 P   0.38653 0.35924 0.21904 0.03519 0.00000 ( 1)  0.041
  40 L   0.33883 0.32539 0.24733 0.08845 0.00000 ( 1)  0.066
  41 G   0.37925 0.35461 0.22500 0.04114 0.00000 ( 1)  0.044
  42 N   0.00122 0.08703 0.45568 0.45607 0.00000 ( 4)  0.238
  43 V   0.00097 0.06996 0.39600 0.53306 0.00001 ( 4)  0.264
  44 P   0.39339 0.36349 0.21318 0.02994 0.00000 ( 1)  0.038
  45 F   0.37749 0.35352 0.22652 0.04247 0.00000 ( 1)  0.045
  46 L   0.34791 0.33229 0.24346 0.07634 0.00000 ( 1)  0.060
  47 L   0.34290 0.32853 0.24578 0.08278 0.00000 ( 1)  0.063
  48 Y   0.37341 0.35074 0.22934 0.04651 0.00000 ( 1)  0.047
  49 P   0.00100 0.07192 0.40245 0.52463 0.00001 ( 4)  0.261
  50 G   0.37370 0.35088 0.22895 0.04647 0.00000 ( 1)  0.046
  51 P   0.00103 0.07423 0.40921 0.51552 0.00001 ( 4)  0.258
  52 S   0.00000 0.00473 0.18915 0.80610 0.00002 ( 4)  0.358
  53 -   0.25000 0.25000 0.25000 0.25000 0.00001 ( 4)  0.133
  54 E   0.35213 0.33550 0.24170 0.07068 0.00000 ( 1)  0.058
  55 P   0.00000 0.00366 0.15610 0.84022 0.00002 ( 4)  0.369
  56 P   0.39339 0.36349 0.21318 0.02994 0.00000 ( 1)  0.038
  57 Y   0.37341 0.35074 0.22934 0.04651 0.00000 ( 1)  0.047
  58 Y   0.37341 0.35074 0.22934 0.04651 0.00000 ( 1)  0.047
  59 D   0.38840 0.36054 0.21781 0.03326 0.00000 ( 1)  0.040
  60 A   0.38453 0.35795 0.22061 0.03692 0.00000 ( 1)  0.042
  61 Y   0.36457 0.34455 0.23498 0.05590 0.00000 ( 1)  0.051
  62 A   0.34425 0.32953 0.24512 0.08110 0.00000 ( 1)  0.062
  63 G   0.34351 0.32902 0.24561 0.08186 0.00000 ( 1)  0.063
  64 V   0.34819 0.33256 0.24357 0.07568 0.00000 ( 1)  0.060
  65 F   0.37749 0.35352 0.22652 0.04247 0.00000 ( 1)  0.045
  66 P   0.39339 0.36349 0.21318 0.02994 0.00000 ( 1)  0.038
  67 Y   0.35852 0.34020 0.23841 0.06287 0.00000 ( 1)  0.054
  68 V   0.34955 0.33359 0.24296 0.07390 0.00000 ( 1)  0.059
  69 P   0.38939 0.36105 0.21669 0.03287 0.00000 ( 1)  0.040
  70 F   0.37095 0.34905 0.23101 0.04899 0.00000 ( 1)  0.048
  71 P   0.39339 0.36349 0.21318 0.02994 0.00000 ( 1)  0.038
  72 G   0.37027 0.34850 0.23120 0.05003 0.00000 ( 1)  0.048
  73 A   0.38622 0.35904 0.21928 0.03545 0.00000 ( 1)  0.041
  74 F   0.37749 0.35352 0.22652 0.04247 0.00000 ( 1)  0.045
  75 G   0.34351 0.32902 0.24561 0.08186 0.00000 ( 1)  0.063
  76 V   0.38643 0.35928 0.21941 0.03488 0.00000 ( 1)  0.041
  77 Y   0.37341 0.35074 0.22934 0.04651 0.00000 ( 1)  0.047
  78 D   0.00086 0.06264 0.36505 0.57144 0.00001 ( 4)  0.277
  79 Y   0.37141 0.34935 0.23068 0.04856 0.00000 ( 1)  0.048
  80 P   0.39339 0.36349 0.21318 0.02994 0.00000 ( 1)  0.038
  81 F   0.37749 0.35352 0.22652 0.04247 0.00000 ( 1)  0.045
  82 E   0.35563 0.33811 0.24001 0.06625 0.00000 ( 1)  0.056
  83 P   0.36123 0.34185 0.23585 0.06107 0.00000 ( 1)  0.053
  84 A   0.38553 0.35860 0.21983 0.03605 0.00000 ( 1)  0.041
  85 F   0.37749 0.35352 0.22652 0.04247 0.00000 ( 1)  0.045
  86 I   0.35609 0.33849 0.23990 0.06552 0.00000 ( 1)  0.055
  87 Q   0.35532 0.33788 0.24017 0.06663 0.00000 ( 1)  0.056
  88 K   0.33050 0.31892 0.25035 0.10023 0.00000 ( 1)  0.071
  89 R   0.38656 0.35936 0.21927 0.03481 0.00000 ( 1)  0.041
  90 N   0.36640 0.34591 0.23406 0.05364 0.00000 ( 1)  0.050
  91 E   0.35496 0.33761 0.24033 0.06709 0.00000 ( 1)  0.056
  92 R   0.38656 0.35936 0.21927 0.03481 0.00000 ( 1)  0.041
  93 E   0.35563 0.33811 0.24001 0.06625 0.00000 ( 1)  0.056
  94 R   0.35760 0.33943 0.23854 0.06442 0.00000 ( 1)  0.055
  95 Q   0.35532 0.33788 0.24017 0.06663 0.00000 ( 1)  0.056
  96 R   0.37696 0.35306 0.22661 0.04336 0.00000 ( 1)  0.045
  97 V   0.37061 0.34870 0.23087 0.04982 0.00000 ( 1)  0.048
  98 K   0.33050 0.31892 0.25035 0.10023 0.00000 ( 1)  0.071
  99 C   0.37210 0.34986 0.23029 0.04774 0.00000 ( 1)  0.047
 100 V   0.38643 0.35928 0.21941 0.03488 0.00000 ( 1)  0.041
 101 N   0.36640 0.34591 0.23406 0.05364 0.00000 ( 1)  0.050
 102 E   0.35517 0.33777 0.24023 0.06683 0.00000 ( 1)  0.056
 103 G   0.37248 0.35005 0.22982 0.04765 0.00000 ( 1)  0.047
 104 Y   0.37341 0.35074 0.22934 0.04651 0.00000 ( 1)  0.047
 105 A   0.34905 0.33316 0.24298 0.07481 0.00000 ( 1)  0.060
 106 R   0.38656 0.35936 0.21927 0.03481 0.00000 ( 1)  0.041
 107 L   0.39012 0.36159 0.21631 0.03197 0.00000 ( 1)  0.039
 108 R   0.38656 0.35936 0.21927 0.03481 0.00000 ( 1)  0.041
 109 G   0.37925 0.35461 0.22500 0.04114 0.00000 ( 1)  0.044
 110 H   0.39591 0.36516 0.21130 0.02763 0.00000 ( 1)  0.037
 111 L   0.39126 0.36231 0.21535 0.03107 0.00000 ( 1)  0.039
 112 P   0.39162 0.36240 0.21469 0.03129 0.00000 ( 1)  0.039
 113 G   0.37925 0.35461 0.22500 0.04114 0.00000 ( 1)  0.044
 114 A   0.38622 0.35904 0.21928 0.03545 0.00000 ( 1)  0.041
 115 L   0.34422 0.32954 0.24525 0.08099 0.00000 ( 1)  0.062
 116 A   0.32883 0.31725 0.24937 0.10454 0.00000 ( 1)  0.073
 117 E   0.35563 0.33811 0.24001 0.06625 0.00000 ( 1)  0.056
 118 K   0.32101 0.31131 0.25272 0.11496 0.00000 ( 1)  0.077
 119 R   0.32269 0.31259 0.25201 0.11271 0.00000 ( 1)  0.076
 120 L   0.37768 0.35348 0.22589 0.04294 0.00000 ( 1)  0.045
 121 S   0.35890 0.34055 0.23846 0.06209 0.00000 ( 1)  0.054
 122 K   0.33050 0.31892 0.25035 0.10023 0.00000 ( 1)  0.071
 123 V   0.34955 0.33359 0.24296 0.07390 0.00000 ( 1)  0.059
 124 E   0.35095 0.33462 0.24226 0.07216 0.00000 ( 1)  0.058
 125 T   0.34511 0.33028 0.24510 0.07952 0.00000 ( 1)  0.062
 126 L   0.34274 0.32841 0.24585 0.08301 0.00000 ( 1)  0.063
 127 -   0.25000 0.25000 0.25000 0.25000 0.00001 ( 3)  0.133
 128 -   0.25000 0.25000 0.25000 0.25000 0.00001 ( 2)  0.133
 129 -   0.25000 0.25000 0.25000 0.25000 0.00001 ( 3)  0.133
 130 -   0.25000 0.25000 0.25000 0.25000 0.00001 ( 3)  0.133
 131 -   0.25000 0.25000 0.25000 0.25000 0.00001 ( 3)  0.133
 132 -   0.25000 0.25000 0.25000 0.25000 0.00001 ( 4)  0.133
 133 -   0.25000 0.25000 0.25000 0.25000 0.00001 ( 2)  0.133
 134 -   0.25000 0.25000 0.25000 0.25000 0.00001 ( 2)  0.133
 135 -   0.25000 0.25000 0.25000 0.25000 0.00001 ( 4)  0.133
 136 -   0.25000 0.25000 0.25000 0.25000 0.00001 ( 1)  0.133
 137 -   0.25000 0.25000 0.25000 0.25000 0.00001 ( 3)  0.133
 138 -   0.25000 0.25000 0.25000 0.25000 0.00001 ( 4)  0.133
 139 -   0.25000 0.25000 0.25000 0.25000 0.00001 ( 1)  0.133
 140 -   0.25000 0.25000 0.25000 0.25000 0.00001 ( 3)  0.133
 141 -   0.25000 0.25000 0.25000 0.25000 0.00001 ( 3)  0.133
 142 -   0.25000 0.25000 0.25000 0.25000 0.00001 ( 3)  0.133
 143 -   0.25000 0.25000 0.25000 0.25000 0.00001 ( 2)  0.133
 144 -   0.25000 0.25000 0.25000 0.25000 0.00001 ( 3)  0.133
 145 -   0.25000 0.25000 0.25000 0.25000 0.00001 ( 3)  0.133
 146 -   0.25000 0.25000 0.25000 0.25000 0.00001 ( 4)  0.133
 147 -   0.25000 0.25000 0.25000 0.25000 0.00001 ( 3)  0.133
 148 -   0.25000 0.25000 0.25000 0.25000 0.00001 ( 4)  0.133
 149 -   0.25000 0.25000 0.25000 0.25000 0.00001 ( 3)  0.133
 150 -   0.25000 0.25000 0.25000 0.25000 0.00001 ( 4)  0.133
 151 -   0.25000 0.25000 0.25000 0.25000 0.00001 ( 3)  0.133
 152 -   0.25000 0.25000 0.25000 0.25000 0.00001 ( 3)  0.133
 153 -   0.25000 0.25000 0.25000 0.25000 0.00001 ( 3)  0.133
 154 -   0.25000 0.25000 0.25000 0.25000 0.00001 ( 3)  0.133
 155 -   0.25000 0.25000 0.25000 0.25000 0.00001 ( 2)  0.133
 156 -   0.25000 0.25000 0.25000 0.25000 0.00001 ( 3)  0.133
 157 -   0.25000 0.25000 0.25000 0.25000 0.00001 ( 1)  0.133
 158 -   0.25000 0.25000 0.25000 0.25000 0.00001 ( 2)  0.133
 159 -   0.25000 0.25000 0.25000 0.25000 0.00001 ( 3)  0.133
 160 -   0.25000 0.25000 0.25000 0.25000 0.00001 ( 3)  0.133
 161 -   0.25000 0.25000 0.25000 0.25000 0.00001 ( 3)  0.133
 162 -   0.25000 0.25000 0.25000 0.25000 0.00001 ( 3)  0.133
 163 -   0.25000 0.25000 0.25000 0.25000 0.00001 ( 3)  0.133
 164 -   0.25000 0.25000 0.25000 0.25000 0.00001 ( 4)  0.133
 165 R   0.38656 0.35936 0.21927 0.03481 0.00000 ( 1)  0.041
 166 A   0.38292 0.35690 0.22185 0.03832 0.00000 ( 1)  0.042
 167 A   0.38292 0.35690 0.22185 0.03832 0.00000 ( 1)  0.042
 168 I   0.35942 0.34092 0.23816 0.06150 0.00000 ( 1)  0.054
 169 R   0.38328 0.35723 0.22186 0.03764 0.00000 ( 1)  0.042
 170 Y   0.37030 0.34859 0.23141 0.04970 0.00000 ( 1)  0.048
 171 I   0.35029 0.33417 0.24274 0.07279 0.00000 ( 1)  0.059
 172 K   0.32812 0.31703 0.25102 0.10383 0.00000 ( 1)  0.072
 173 Y   0.00000 0.00379 0.16222 0.83398 0.00002 ( 4)  0.367
 174 L   0.34155 0.32750 0.24631 0.08464 0.00000 ( 1)  0.064
 175 Q   0.34872 0.33296 0.24332 0.07500 0.00000 ( 1)  0.060
 176 E   0.35277 0.33599 0.24144 0.06979 0.00000 ( 1)  0.057
 177 L   0.34155 0.32750 0.24631 0.08464 0.00000 ( 1)  0.064
 178 L   0.34281 0.32846 0.24582 0.08291 0.00000 ( 1)  0.063
 179 S   0.35600 0.33843 0.24000 0.06557 0.00000 ( 1)  0.055
 180 A   0.00101 0.07292 0.40521 0.52086 0.00001 ( 4)  0.260
 181 A   0.38080 0.35550 0.22344 0.04026 0.00000 ( 1)  0.043
 182 P   0.33952 0.32571 0.24621 0.08856 0.00000 ( 1)  0.066
 183 D   0.38284 0.35694 0.22217 0.03805 0.00000 ( 1)  0.042
 184 G   0.37578 0.35228 0.22749 0.04445 0.00000 ( 1)  0.046
 185 A   0.00093 0.06733 0.38537 0.54636 0.00001 ( 4)  0.269
 186 P   0.00000 0.00284 0.12883 0.86829 0.00003 ( 4)  0.378
 187 P   0.00000 0.00024 0.06866 0.93107 0.00003 ( 4)  0.399
 188 P   0.36495 0.34456 0.23387 0.05661 0.00000 ( 1)  0.051
 189 A   0.32969 0.31775 0.24839 0.10418 0.00000 ( 1)  0.072
 190 A   0.00000 0.00016 0.04912 0.95067 0.00005 ( 4)  0.405
 191 R   0.36992 0.34813 0.23104 0.05091 0.00000 ( 1)  0.049
 192 V   0.00000 0.00404 0.16808 0.82786 0.00002 ( 4)  0.365
 193 L   0.37686 0.35285 0.22623 0.04407 0.00000 ( 1)  0.045
 194 P   0.35105 0.33442 0.24119 0.07333 0.00000 ( 1)  0.059
 195 A   0.00094 0.06832 0.38852 0.54221 0.00001 ( 4)  0.267
 196 P   0.00000 0.00339 0.14727 0.84931 0.00003 ( 4)  0.372
 197 G   0.00000 0.00000 0.00551 0.99408 0.00041 ( 4)  0.420
 198 P   0.00000 0.00493 0.19466 0.80039 0.00001 ( 4)  0.356
 199 A   0.00000 0.00000 0.00891 0.99091 0.00017 ( 4)  0.418
 200 P   0.37033 0.34842 0.23077 0.05048 0.00000 ( 1)  0.048
 201 -   0.33199 0.32002 0.24953 0.09845 0.00000 ( 1)  0.070
 202 -   0.00078 0.05676 0.34353 0.59893 0.00001 ( 4)  0.287
 203 -   0.00000 0.00422 0.17349 0.82227 0.00002 ( 4)  0.363
 204 -   0.00117 0.08388 0.44329 0.47166 0.00000 ( 4)  0.243
 205 -   0.00000 0.00317 0.14016 0.85664 0.00003 ( 4)  0.375
 206 -   0.00126 0.08998 0.46356 0.44520 0.00000 ( 3)  0.234
 207 -   0.00000 0.00200 0.09838 0.89957 0.00006 ( 4)  0.389
 208 -   0.00120 0.08612 0.45000 0.46267 0.00000 ( 4)  0.240
 209 -   0.36500 0.34482 0.23455 0.05563 0.00000 ( 1)  0.051
 210 R   0.00000 0.00426 0.17511 0.82061 0.00002 ( 4)  0.363
 211 R   0.25000 0.25000 0.25000 0.25000 0.00001 ( 3)  0.133
 212 P   0.25000 0.25000 0.25000 0.25000 0.00001 ( 3)  0.133
 213 P   0.25000 0.25000 0.25000 0.25000 0.00001 ( 3)  0.133
 214 P   0.25000 0.25000 0.25000 0.25000 0.00001 ( 3)  0.133
 215 R   0.25000 0.25000 0.25000 0.25000 0.00001 ( 3)  0.133
 216 P   0.25000 0.25000 0.25000 0.25000 0.00001 ( 3)  0.133
 217 N   0.25000 0.25000 0.25000 0.25000 0.00001 ( 2)  0.133
 218 A   0.25000 0.25000 0.25000 0.25000 0.00001 ( 3)  0.133
 219 P   0.32343 0.31289 0.25055 0.11314 0.00000 ( 1)  0.076
 220 G   0.36353 0.34379 0.23550 0.05719 0.00000 ( 1)  0.052
 221 -   0.25000 0.25000 0.25000 0.25000 0.00001 ( 2)  0.133
 222 -   0.25000 0.25000 0.25000 0.25000 0.00001 ( 2)  0.133
 223 D   0.00000 0.00518 0.20278 0.79203 0.00001 ( 4)  0.354
 224 G   0.00000 0.00383 0.16153 0.83462 0.00002 ( 4)  0.367
 225 E   0.33762 0.32448 0.24785 0.09005 0.00000 ( 1)  0.066
 226 D   0.00126 0.08980 0.46250 0.44643 0.00000 ( 3)  0.234
 227 R   0.00000 0.00265 0.12217 0.87515 0.00004 ( 4)  0.381
 228 A   0.00000 0.00264 0.12173 0.87559 0.00004 ( 4)  0.381
 229 P   0.37735 0.35320 0.22597 0.04348 0.00000 ( 1)  0.045
 230 S   0.00000 0.00513 0.20059 0.79427 0.00001 ( 4)  0.354
 231 S   0.00000 0.00431 0.17717 0.81851 0.00002 ( 4)  0.362
 232 L   0.00079 0.05776 0.34800 0.59344 0.00001 ( 4)  0.285
 233 V   0.00000 0.00207 0.10107 0.89680 0.00006 ( 4)  0.388
 234 P   0.00102 0.07356 0.40729 0.51812 0.00001 ( 4)  0.259
 235 E   0.00089 0.06464 0.37555 0.55891 0.00001 ( 4)  0.273
 236 S   0.29936 0.29321 0.25493 0.15249 0.00000 ( 1)  0.093
 237 S   0.36775 0.34677 0.23290 0.05259 0.00000 ( 1)  0.049
 238 E   0.33762 0.32448 0.24785 0.09005 0.00000 ( 1)  0.066
 239 S   0.36901 0.34765 0.23211 0.05123 0.00000 ( 1)  0.049
 240 S   0.37435 0.35134 0.22857 0.04574 0.00000 ( 1)  0.046
 241 C   0.35014 0.33405 0.24277 0.07305 0.00000 ( 1)  0.059
 242 F   0.36237 0.34302 0.23640 0.05821 0.00000 ( 1)  0.052
 243 S   0.37435 0.35134 0.22857 0.04574 0.00000 ( 1)  0.046
 244 P   0.00000 0.00500 0.19732 0.79767 0.00001 ( 4)  0.355
 245 S   0.33433 0.32191 0.24900 0.09475 0.00000 ( 1)  0.068
 246 P   0.26620 0.26454 0.25350 0.21576 0.00001 ( 1)  0.119
 247 F   0.36237 0.34302 0.23640 0.05821 0.00000 ( 1)  0.052
 248 L   0.00050 0.03704 0.25450 0.70793 0.00003 ( 4)  0.324
 249 E   0.33321 0.32101 0.24929 0.09649 0.00000 ( 1)  0.069
 250 S   0.33433 0.32191 0.24900 0.09475 0.00000 ( 1)  0.068
 251 E   0.34208 0.32793 0.24620 0.08379 0.00000 ( 1)  0.064
 252 E   0.28599 0.28189 0.25560 0.17652 0.00000 ( 1)  0.103
 253 S   0.37305 0.35045 0.22945 0.04704 0.00000 ( 1)  0.047
 254 C   0.00000 0.00351 0.15186 0.84460 0.00002 ( 4)  0.371
 255 H   0.00058 0.04265 0.28145 0.67530 0.00002 ( 4)  0.313

Positively selected sites

	Prob(w>1)  mean w



lnL = -2373.752307

Bayes Empirical Bayes (BEB) probabilities for 11 classes (class) & postmean_w
(amino acids refer to 1st sequence: aotNan_ASCL5_XM_021677339)

   1 M   0.81493 0.09273 0.04256 0.02225 0.01225 0.00688 0.00387 0.00213 0.00112 0.00056 0.00072 ( 1)  0.089 +-  0.109
   2 N   0.85307 0.08438 0.03349 0.01515 0.00722 0.00352 0.00171 0.00082 0.00037 0.00016 0.00010 ( 1)  0.077 +-  0.080
   3 N   0.22776 0.09261 0.08992 0.08367 0.07537 0.06591 0.05583 0.04542 0.03486 0.02557 0.20306 ( 1)  0.611 +-  0.656
   4 N   0.85529 0.08378 0.03292 0.01474 0.00696 0.00335 0.00162 0.00076 0.00035 0.00015 0.00009 ( 1)  0.076 +-  0.079
   5 F   0.03413 0.07571 0.13235 0.15727 0.15323 0.13158 0.10284 0.07406 0.04904 0.03080 0.05899 ( 4)  0.525 +-  0.327
   6 C   0.86190 0.08186 0.03117 0.01354 0.00620 0.00290 0.00136 0.00063 0.00027 0.00011 0.00006 ( 1)  0.074 +-  0.075
   7 R   0.83295 0.08903 0.03837 0.01889 0.00982 0.00522 0.00279 0.00146 0.00073 0.00035 0.00038 ( 1)  0.083 +-  0.096
   8 A   0.48494 0.15153 0.11325 0.08154 0.05712 0.03907 0.02602 0.01675 0.01025 0.00611 0.01342 ( 1)  0.215 +-  0.251
   9 L   0.50115 0.15447 0.11339 0.07993 0.05466 0.03638 0.02351 0.01463 0.00864 0.00495 0.00830 ( 1)  0.200 +-  0.227
  10 A   0.14070 0.12070 0.14486 0.14050 0.12152 0.09734 0.07332 0.05207 0.03460 0.02221 0.05217 ( 3)  0.435 +-  0.345
  11 D   0.23290 0.16855 0.17165 0.14159 0.10443 0.07151 0.04619 0.02823 0.01623 0.00917 0.00954 ( 1)  0.304 +-  0.245
  12 R   0.83059 0.08963 0.03898 0.01934 0.01012 0.00541 0.00290 0.00152 0.00077 0.00037 0.00039 ( 1)  0.084 +-  0.097
  13 R   0.79267 0.09596 0.04703 0.02625 0.01543 0.00925 0.00555 0.00326 0.00183 0.00098 0.00179 ( 1)  0.098 +-  0.131
  14 P   0.86715 0.07988 0.02967 0.01265 0.00572 0.00266 0.00125 0.00058 0.00026 0.00011 0.00007 ( 1)  0.073 +-  0.073
  15 L   0.12038 0.10795 0.13469 0.13570 0.12183 0.10121 0.07899 0.05807 0.03985 0.02627 0.07506 ( 4)  0.481 +-  0.378
  16 G   0.83948 0.08766 0.03685 0.01768 0.00895 0.00463 0.00240 0.00123 0.00060 0.00028 0.00025 ( 1)  0.081 +-  0.091
  17 S   0.63024 0.15885 0.09391 0.05363 0.02989 0.01630 0.00869 0.00448 0.00220 0.00105 0.00077 ( 1)  0.133 +-  0.146
  18 P   0.87935 0.07593 0.02637 0.01051 0.00445 0.00194 0.00085 0.00037 0.00015 0.00006 0.00003 ( 1)  0.070 +-  0.065
  19 G   0.56222 0.15965 0.10696 0.06878 0.04289 0.02601 0.01531 0.00868 0.00465 0.00242 0.00242 ( 1)  0.163 +-  0.180
  20 C   0.85432 0.08400 0.03315 0.01493 0.00709 0.00344 0.00167 0.00080 0.00036 0.00016 0.00010 ( 1)  0.076 +-  0.080
  21 M   0.11064 0.10157 0.12931 0.13283 0.12151 0.10279 0.08163 0.06099 0.04249 0.02834 0.08789 ( 4)  0.506 +-  0.393
  22 Q   0.15769 0.13063 0.15186 0.14276 0.11979 0.09316 0.06819 0.04712 0.03051 0.01918 0.03909 ( 1)  0.403 +-  0.322
  23 L   0.50163 0.15444 0.11326 0.07978 0.05454 0.03630 0.02346 0.01461 0.00863 0.00496 0.00839 ( 1)  0.200 +-  0.227
  24 S   0.21339 0.15961 0.16811 0.14340 0.10934 0.07739 0.05164 0.03260 0.01934 0.01125 0.01392 ( 1)  0.325 +-  0.261
  25 I   0.62760 0.15958 0.09491 0.05432 0.03024 0.01643 0.00869 0.00443 0.00215 0.00101 0.00064 ( 1)  0.133 +-  0.145
  26 V   0.01653 0.04338 0.08637 0.11660 0.12880 0.12511 0.11028 0.08920 0.06581 0.04495 0.17295 (11)  0.696 +-  0.432
  27 P   0.63937 0.15878 0.09217 0.05159 0.02813 0.01499 0.00779 0.00392 0.00187 0.00086 0.00054 ( 1)  0.129 +-  0.140
  28 P   0.22533 0.09174 0.08919 0.08312 0.07498 0.06569 0.05574 0.04543 0.03493 0.02567 0.20818 ( 1)  0.623 +-  0.681
  29 P   0.88484 0.07393 0.02484 0.00959 0.00394 0.00166 0.00071 0.00030 0.00012 0.00005 0.00002 ( 1)  0.068 +-  0.062
  30 R   0.83059 0.08963 0.03898 0.01934 0.01012 0.00541 0.00290 0.00152 0.00077 0.00037 0.00039 ( 1)  0.084 +-  0.097
  31 Q   0.84171 0.08718 0.03633 0.01726 0.00865 0.00443 0.00227 0.00114 0.00055 0.00025 0.00021 ( 1)  0.080 +-  0.089
  32 A   0.13716 0.11830 0.14266 0.13911 0.12107 0.09765 0.07411 0.05307 0.03557 0.02303 0.05828 ( 3)  0.445 +-  0.355
  33 P   0.87929 0.07595 0.02639 0.01052 0.00445 0.00194 0.00085 0.00037 0.00015 0.00006 0.00003 ( 1)  0.070 +-  0.065
  34 L   0.12991 0.11390 0.13936 0.13779 0.12153 0.09927 0.07625 0.05522 0.03739 0.02440 0.06499 ( 3)  0.460 +-  0.365
  35 P   0.59130 0.15904 0.10105 0.06206 0.03722 0.02188 0.01257 0.00701 0.00372 0.00193 0.00222 ( 1)  0.151 +-  0.171
  36 R   0.25340 0.17637 0.17286 0.13768 0.09837 0.06550 0.04127 0.02471 0.01396 0.00779 0.00809 ( 1)  0.288 +-  0.237
  37 A   0.63200 0.15925 0.09386 0.05329 0.02946 0.01590 0.00836 0.00425 0.00205 0.00096 0.00061 ( 1)  0.132 +-  0.144
  38 E   0.53328 0.15775 0.11060 0.07444 0.04858 0.03084 0.01901 0.01128 0.00634 0.00346 0.00443 ( 1)  0.179 +-  0.200
  39 P   0.87759 0.07658 0.02686 0.01081 0.00461 0.00202 0.00089 0.00039 0.00016 0.00006 0.00003 ( 1)  0.070 +-  0.066
  40 L   0.82042 0.09160 0.04128 0.02122 0.01151 0.00637 0.00354 0.00193 0.00100 0.00050 0.00063 ( 1)  0.087 +-  0.106
  41 G   0.86983 0.07931 0.02901 0.01213 0.00536 0.00243 0.00110 0.00049 0.00021 0.00009 0.00004 ( 1)  0.072 +-  0.070
  42 N   0.57380 0.16019 0.10529 0.06640 0.04059 0.02413 0.01392 0.00773 0.00406 0.00206 0.00183 ( 1)  0.157 +-  0.173
  43 V   0.51506 0.15609 0.11240 0.07770 0.05209 0.03397 0.02150 0.01311 0.00757 0.00425 0.00628 ( 1)  0.190 +-  0.214
  44 P   0.88484 0.07393 0.02484 0.00959 0.00394 0.00166 0.00071 0.00030 0.00012 0.00005 0.00002 ( 1)  0.068 +-  0.062
  45 F   0.86806 0.07998 0.02952 0.01243 0.00552 0.00251 0.00114 0.00051 0.00022 0.00009 0.00004 ( 1)  0.072 +-  0.071
  46 L   0.83212 0.08921 0.03858 0.01905 0.00993 0.00530 0.00283 0.00149 0.00075 0.00036 0.00039 ( 1)  0.083 +-  0.096
  47 L   0.82582 0.09058 0.04008 0.02022 0.01076 0.00585 0.00319 0.00171 0.00087 0.00042 0.00049 ( 1)  0.085 +-  0.101
  48 Y   0.86335 0.08140 0.03078 0.01328 0.00604 0.00281 0.00131 0.00060 0.00026 0.00011 0.00005 ( 1)  0.074 +-  0.074
  49 P   0.52162 0.15628 0.11132 0.07624 0.05072 0.03288 0.02073 0.01260 0.00727 0.00408 0.00626 ( 1)  0.187 +-  0.213
  50 G   0.86352 0.08126 0.03071 0.01326 0.00605 0.00283 0.00132 0.00061 0.00027 0.00011 0.00006 ( 1)  0.074 +-  0.074
  51 P   0.52800 0.15591 0.10966 0.07441 0.04923 0.03186 0.02012 0.01230 0.00716 0.00407 0.00728 ( 1)  0.186 +-  0.216
  52 S   0.19314 0.14896 0.16194 0.14288 0.11291 0.08299 0.05762 0.03792 0.02349 0.01425 0.02391 ( 1)  0.354 +-  0.290
  53 -   0.64589 0.09738 0.06036 0.04262 0.03168 0.02403 0.01823 0.01357 0.00966 0.00659 0.05000 ( 1)  0.238 +-  0.528
  54 E   0.83767 0.08809 0.03730 0.01802 0.00918 0.00478 0.00250 0.00128 0.00063 0.00029 0.00027 ( 1)  0.081 +-  0.092
  55 P   0.15325 0.12784 0.14958 0.14164 0.11978 0.09396 0.06941 0.04843 0.03168 0.02010 0.04434 ( 1)  0.414 +-  0.332
  56 P   0.88484 0.07393 0.02484 0.00959 0.00394 0.00166 0.00071 0.00030 0.00012 0.00005 0.00002 ( 1)  0.068 +-  0.062
  57 Y   0.86335 0.08140 0.03078 0.01328 0.00604 0.00281 0.00131 0.00060 0.00026 0.00011 0.00005 ( 1)  0.074 +-  0.074
  58 Y   0.86335 0.08140 0.03078 0.01328 0.00604 0.00281 0.00131 0.00060 0.00026 0.00011 0.00005 ( 1)  0.074 +-  0.074
  59 D   0.87990 0.07590 0.02625 0.01038 0.00434 0.00186 0.00080 0.00034 0.00014 0.00005 0.00002 ( 1)  0.070 +-  0.064
  60 A   0.87538 0.07733 0.02747 0.01119 0.00483 0.00214 0.00096 0.00042 0.00018 0.00007 0.00003 ( 1)  0.071 +-  0.068
  61 Y   0.85294 0.08434 0.03350 0.01518 0.00726 0.00355 0.00174 0.00084 0.00038 0.00017 0.00011 ( 1)  0.077 +-  0.081
  62 A   0.82747 0.09020 0.03967 0.01991 0.01055 0.00571 0.00310 0.00165 0.00084 0.00041 0.00047 ( 1)  0.085 +-  0.100
  63 G   0.82670 0.09045 0.03989 0.02006 0.01064 0.00576 0.00312 0.00166 0.00085 0.00041 0.00045 ( 1)  0.085 +-  0.100
  64 V   0.83271 0.08919 0.03849 0.01894 0.00983 0.00521 0.00277 0.00144 0.00072 0.00034 0.00034 ( 1)  0.083 +-  0.095
  65 F   0.86806 0.07998 0.02952 0.01243 0.00552 0.00251 0.00114 0.00051 0.00022 0.00009 0.00004 ( 1)  0.072 +-  0.071
  66 P   0.88484 0.07393 0.02484 0.00959 0.00394 0.00166 0.00071 0.00030 0.00012 0.00005 0.00002 ( 1)  0.068 +-  0.062
  67 Y   0.84560 0.08621 0.03535 0.01654 0.00817 0.00412 0.00208 0.00103 0.00049 0.00022 0.00017 ( 1)  0.079 +-  0.086
  68 V   0.83445 0.08882 0.03808 0.01862 0.00960 0.00506 0.00267 0.00138 0.00068 0.00032 0.00031 ( 1)  0.082 +-  0.094
  69 P   0.88069 0.07549 0.02601 0.01028 0.00431 0.00186 0.00081 0.00035 0.00014 0.00006 0.00002 ( 1)  0.069 +-  0.064
  70 F   0.86051 0.08225 0.03153 0.01379 0.00636 0.00300 0.00142 0.00066 0.00029 0.00012 0.00007 ( 1)  0.074 +-  0.076
  71 P   0.88484 0.07393 0.02484 0.00959 0.00394 0.00166 0.00071 0.00030 0.00012 0.00005 0.00002 ( 1)  0.068 +-  0.062
  72 G   0.85949 0.08243 0.03177 0.01399 0.00651 0.00310 0.00148 0.00070 0.00031 0.00013 0.00008 ( 1)  0.075 +-  0.077
  73 A   0.87725 0.07670 0.02695 0.01086 0.00464 0.00204 0.00090 0.00039 0.00016 0.00007 0.00003 ( 1)  0.070 +-  0.066
  74 F   0.86806 0.07998 0.02952 0.01243 0.00552 0.00251 0.00114 0.00051 0.00022 0.00009 0.00004 ( 1)  0.072 +-  0.071
  75 G   0.82670 0.09045 0.03989 0.02006 0.01064 0.00576 0.00312 0.00166 0.00085 0.00041 0.00045 ( 1)  0.085 +-  0.100
  76 V   0.87776 0.07665 0.02684 0.01075 0.00455 0.00198 0.00086 0.00037 0.00015 0.00006 0.00002 ( 1)  0.070 +-  0.066
  77 Y   0.86335 0.08140 0.03078 0.01328 0.00604 0.00281 0.00131 0.00060 0.00026 0.00011 0.00005 ( 1)  0.074 +-  0.074
  78 D   0.47682 0.14946 0.11233 0.08155 0.05779 0.04010 0.02719 0.01787 0.01120 0.00686 0.01882 ( 1)  0.227 +-  0.273
  79 Y   0.86102 0.08209 0.03139 0.01370 0.00631 0.00297 0.00140 0.00065 0.00029 0.00012 0.00006 ( 1)  0.074 +-  0.076
  80 P   0.88484 0.07393 0.02484 0.00959 0.00394 0.00166 0.00071 0.00030 0.00012 0.00005 0.00002 ( 1)  0.068 +-  0.062
  81 F   0.86806 0.07998 0.02952 0.01243 0.00552 0.00251 0.00114 0.00051 0.00022 0.00009 0.00004 ( 1)  0.072 +-  0.071
  82 E   0.84210 0.08709 0.03623 0.01719 0.00860 0.00440 0.00225 0.00113 0.00054 0.00025 0.00021 ( 1)  0.080 +-  0.088
  83 P   0.84789 0.08514 0.03458 0.01613 0.00799 0.00407 0.00209 0.00106 0.00052 0.00024 0.00026 ( 1)  0.079 +-  0.087
  84 A   0.87649 0.07695 0.02716 0.01099 0.00472 0.00208 0.00092 0.00041 0.00017 0.00007 0.00003 ( 1)  0.070 +-  0.067
  85 F   0.86806 0.07998 0.02952 0.01243 0.00552 0.00251 0.00114 0.00051 0.00022 0.00009 0.00004 ( 1)  0.072 +-  0.071
  86 I   0.84280 0.08699 0.03608 0.01706 0.00850 0.00432 0.00220 0.00110 0.00052 0.00024 0.00018 ( 1)  0.080 +-  0.088
  87 Q   0.84171 0.08718 0.03633 0.01726 0.00865 0.00443 0.00227 0.00114 0.00055 0.00025 0.00021 ( 1)  0.080 +-  0.089
  88 K   0.80940 0.09362 0.04373 0.02327 0.01304 0.00745 0.00426 0.00239 0.00128 0.00065 0.00092 ( 1)  0.091 +-  0.114
  89 R   0.87788 0.07660 0.02681 0.01073 0.00455 0.00197 0.00086 0.00037 0.00015 0.00006 0.00002 ( 1)  0.070 +-  0.066
  90 N   0.85529 0.08378 0.03292 0.01474 0.00696 0.00335 0.00162 0.00076 0.00035 0.00015 0.00009 ( 1)  0.076 +-  0.079
  91 E   0.84125 0.08728 0.03643 0.01735 0.00871 0.00447 0.00230 0.00116 0.00056 0.00026 0.00022 ( 1)  0.080 +-  0.089
  92 R   0.87788 0.07660 0.02681 0.01073 0.00455 0.00197 0.00086 0.00037 0.00015 0.00006 0.00002 ( 1)  0.070 +-  0.066
  93 E   0.84210 0.08709 0.03623 0.01719 0.00860 0.00440 0.00225 0.00113 0.00054 0.00025 0.00021 ( 1)  0.080 +-  0.088
  94 R   0.84413 0.08640 0.03565 0.01682 0.00839 0.00429 0.00220 0.00111 0.00054 0.00025 0.00023 ( 1)  0.079 +-  0.088
  95 Q   0.84171 0.08718 0.03633 0.01726 0.00865 0.00443 0.00227 0.00114 0.00055 0.00025 0.00021 ( 1)  0.080 +-  0.089
  96 R   0.86720 0.08012 0.02972 0.01260 0.00565 0.00259 0.00119 0.00054 0.00023 0.00010 0.00005 ( 1)  0.073 +-  0.072
  97 V   0.85979 0.08229 0.03167 0.01394 0.00649 0.00310 0.00148 0.00070 0.00032 0.00014 0.00009 ( 1)  0.075 +-  0.077
  98 K   0.80940 0.09362 0.04373 0.02327 0.01304 0.00745 0.00426 0.00239 0.00128 0.00065 0.00092 ( 1)  0.091 +-  0.114
  99 C   0.86190 0.08186 0.03117 0.01354 0.00620 0.00290 0.00136 0.00063 0.00027 0.00011 0.00006 ( 1)  0.074 +-  0.075
 100 V   0.87776 0.07665 0.02684 0.01075 0.00455 0.00198 0.00086 0.00037 0.00015 0.00006 0.00002 ( 1)  0.070 +-  0.066
 101 N   0.85529 0.08378 0.03292 0.01474 0.00696 0.00335 0.00162 0.00076 0.00035 0.00015 0.00009 ( 1)  0.076 +-  0.079
 102 E   0.84152 0.08722 0.03637 0.01730 0.00868 0.00445 0.00228 0.00115 0.00055 0.00025 0.00021 ( 1)  0.080 +-  0.089
 103 G   0.86214 0.08169 0.03108 0.01351 0.00620 0.00291 0.00137 0.00064 0.00028 0.00012 0.00007 ( 1)  0.074 +-  0.075
 104 Y   0.86335 0.08140 0.03078 0.01328 0.00604 0.00281 0.00131 0.00060 0.00026 0.00011 0.00005 ( 1)  0.074 +-  0.074
 105 A   0.83361 0.08890 0.03823 0.01877 0.00973 0.00516 0.00274 0.00143 0.00072 0.00034 0.00036 ( 1)  0.083 +-  0.095
 106 R   0.87788 0.07660 0.02681 0.01073 0.00455 0.00197 0.00086 0.00037 0.00015 0.00006 0.00002 ( 1)  0.070 +-  0.066
 107 L   0.88170 0.07524 0.02574 0.01008 0.00418 0.00178 0.00076 0.00032 0.00013 0.00005 0.00002 ( 1)  0.069 +-  0.063
 108 R   0.87788 0.07660 0.02681 0.01073 0.00455 0.00197 0.00086 0.00037 0.00015 0.00006 0.00002 ( 1)  0.070 +-  0.066
 109 G   0.86983 0.07931 0.02901 0.01213 0.00536 0.00243 0.00110 0.00049 0.00021 0.00009 0.00004 ( 1)  0.072 +-  0.070
 110 H   0.88784 0.07295 0.02403 0.00906 0.00362 0.00149 0.00061 0.00025 0.00010 0.00004 0.00001 ( 1)  0.068 +-  0.060
 111 L   0.88294 0.07479 0.02540 0.00988 0.00406 0.00172 0.00073 0.00030 0.00012 0.00005 0.00002 ( 1)  0.069 +-  0.063
 112 P   0.88296 0.07462 0.02537 0.00991 0.00411 0.00176 0.00076 0.00032 0.00013 0.00005 0.00002 ( 1)  0.069 +-  0.063
 113 G   0.86983 0.07931 0.02901 0.01213 0.00536 0.00243 0.00110 0.00049 0.00021 0.00009 0.00004 ( 1)  0.072 +-  0.070
 114 A   0.87725 0.07670 0.02695 0.01086 0.00464 0.00204 0.00090 0.00039 0.00016 0.00007 0.00003 ( 1)  0.070 +-  0.066
 115 L   0.82755 0.09025 0.03968 0.01990 0.01053 0.00569 0.00308 0.00164 0.00083 0.00040 0.00045 ( 1)  0.085 +-  0.100
 116 A   0.80515 0.09350 0.04414 0.02388 0.01369 0.00805 0.00476 0.00277 0.00155 0.00083 0.00167 ( 1)  0.094 +-  0.124
 117 E   0.84210 0.08709 0.03623 0.01719 0.00860 0.00440 0.00225 0.00113 0.00054 0.00025 0.00021 ( 1)  0.080 +-  0.088
 118 K   0.79580 0.09555 0.04643 0.02570 0.01498 0.00891 0.00530 0.00309 0.00172 0.00092 0.00161 ( 1)  0.097 +-  0.128
 119 R   0.79774 0.09510 0.04593 0.02530 0.01470 0.00873 0.00519 0.00303 0.00169 0.00090 0.00168 ( 1)  0.096 +-  0.127
 120 L   0.86784 0.07983 0.02952 0.01250 0.00561 0.00258 0.00119 0.00054 0.00024 0.00010 0.00006 ( 1)  0.073 +-  0.072
 121 S   0.84630 0.08615 0.03522 0.01641 0.00805 0.00403 0.00202 0.00099 0.00047 0.00021 0.00015 ( 1)  0.078 +-  0.085
 122 K   0.80940 0.09362 0.04373 0.02327 0.01304 0.00745 0.00426 0.00239 0.00128 0.00065 0.00092 ( 1)  0.091 +-  0.114
 123 V   0.83445 0.08882 0.03808 0.01862 0.00960 0.00506 0.00267 0.00138 0.00068 0.00032 0.00031 ( 1)  0.082 +-  0.094
 124 E   0.83619 0.08842 0.03766 0.01830 0.00938 0.00491 0.00258 0.00133 0.00065 0.00031 0.00029 ( 1)  0.082 +-  0.093
 125 T   0.82893 0.09007 0.03941 0.01965 0.01032 0.00554 0.00297 0.00156 0.00078 0.00037 0.00038 ( 1)  0.084 +-  0.098
 126 L   0.82561 0.09063 0.04012 0.02026 0.01079 0.00587 0.00320 0.00171 0.00088 0.00043 0.00049 ( 1)  0.085 +-  0.101
 127 -   0.64589 0.09738 0.06036 0.04262 0.03168 0.02403 0.01823 0.01357 0.00966 0.00659 0.05000 ( 1)  0.238 +-  0.528
 128 -   0.64589 0.09738 0.06036 0.04262 0.03168 0.02403 0.01823 0.01357 0.00966 0.00659 0.05000 ( 1)  0.238 +-  0.528
 129 -   0.64589 0.09738 0.06036 0.04262 0.03168 0.02403 0.01823 0.01357 0.00966 0.00659 0.05000 ( 1)  0.238 +-  0.528
 130 -   0.64589 0.09738 0.06036 0.04262 0.03168 0.02403 0.01823 0.01357 0.00966 0.00659 0.05000 ( 1)  0.238 +-  0.528
 131 -   0.64589 0.09738 0.06036 0.04262 0.03168 0.02403 0.01823 0.01357 0.00966 0.00659 0.05000 ( 1)  0.238 +-  0.528
 132 -   0.64589 0.09738 0.06036 0.04262 0.03168 0.02403 0.01823 0.01357 0.00966 0.00659 0.05000 ( 1)  0.238 +-  0.528
 133 -   0.64589 0.09738 0.06036 0.04262 0.03168 0.02403 0.01823 0.01357 0.00966 0.00659 0.05000 ( 1)  0.238 +-  0.528
 134 -   0.64589 0.09738 0.06036 0.04262 0.03168 0.02403 0.01823 0.01357 0.00966 0.00659 0.05000 ( 1)  0.238 +-  0.528
 135 -   0.64589 0.09738 0.06036 0.04262 0.03168 0.02403 0.01823 0.01357 0.00966 0.00659 0.05000 ( 1)  0.238 +-  0.528
 136 -   0.64589 0.09738 0.06036 0.04262 0.03168 0.02403 0.01823 0.01357 0.00966 0.00659 0.05000 ( 1)  0.238 +-  0.528
 137 -   0.64589 0.09738 0.06036 0.04262 0.03168 0.02403 0.01823 0.01357 0.00966 0.00659 0.05000 ( 1)  0.238 +-  0.528
 138 -   0.64589 0.09738 0.06036 0.04262 0.03168 0.02403 0.01823 0.01357 0.00966 0.00659 0.05000 ( 1)  0.238 +-  0.528
 139 -   0.64589 0.09738 0.06036 0.04262 0.03168 0.02403 0.01823 0.01357 0.00966 0.00659 0.05000 ( 1)  0.238 +-  0.528
 140 -   0.64589 0.09738 0.06036 0.04262 0.03168 0.02403 0.01823 0.01357 0.00966 0.00659 0.05000 ( 1)  0.238 +-  0.528
 141 -   0.64589 0.09738 0.06036 0.04262 0.03168 0.02403 0.01823 0.01357 0.00966 0.00659 0.05000 ( 1)  0.238 +-  0.528
 142 -   0.64589 0.09738 0.06036 0.04262 0.03168 0.02403 0.01823 0.01357 0.00966 0.00659 0.05000 ( 1)  0.238 +-  0.528
 143 -   0.64589 0.09738 0.06036 0.04262 0.03168 0.02403 0.01823 0.01357 0.00966 0.00659 0.05000 ( 1)  0.238 +-  0.528
 144 -   0.64589 0.09738 0.06036 0.04262 0.03168 0.02403 0.01823 0.01357 0.00966 0.00659 0.05000 ( 1)  0.238 +-  0.528
 145 -   0.64589 0.09738 0.06036 0.04262 0.03168 0.02403 0.01823 0.01357 0.00966 0.00659 0.05000 ( 1)  0.238 +-  0.528
 146 -   0.64589 0.09738 0.06036 0.04262 0.03168 0.02403 0.01823 0.01357 0.00966 0.00659 0.05000 ( 1)  0.238 +-  0.528
 147 -   0.64589 0.09738 0.06036 0.04262 0.03168 0.02403 0.01823 0.01357 0.00966 0.00659 0.05000 ( 1)  0.238 +-  0.528
 148 -   0.64589 0.09738 0.06036 0.04262 0.03168 0.02403 0.01823 0.01357 0.00966 0.00659 0.05000 ( 1)  0.238 +-  0.528
 149 -   0.64589 0.09738 0.06036 0.04262 0.03168 0.02403 0.01823 0.01357 0.00966 0.00659 0.05000 ( 1)  0.238 +-  0.528
 150 -   0.64589 0.09738 0.06036 0.04262 0.03168 0.02403 0.01823 0.01357 0.00966 0.00659 0.05000 ( 1)  0.238 +-  0.528
 151 -   0.64589 0.09738 0.06036 0.04262 0.03168 0.02403 0.01823 0.01357 0.00966 0.00659 0.05000 ( 1)  0.238 +-  0.528
 152 -   0.64589 0.09738 0.06036 0.04262 0.03168 0.02403 0.01823 0.01357 0.00966 0.00659 0.05000 ( 1)  0.238 +-  0.528
 153 -   0.64589 0.09738 0.06036 0.04262 0.03168 0.02403 0.01823 0.01357 0.00966 0.00659 0.05000 ( 1)  0.238 +-  0.528
 154 -   0.64589 0.09738 0.06036 0.04262 0.03168 0.02403 0.01823 0.01357 0.00966 0.00659 0.05000 ( 1)  0.238 +-  0.528
 155 -   0.64589 0.09738 0.06036 0.04262 0.03168 0.02403 0.01823 0.01357 0.00966 0.00659 0.05000 ( 1)  0.238 +-  0.528
 156 -   0.64589 0.09738 0.06036 0.04262 0.03168 0.02403 0.01823 0.01357 0.00966 0.00659 0.05000 ( 1)  0.238 +-  0.528
 157 -   0.64589 0.09738 0.06036 0.04262 0.03168 0.02403 0.01823 0.01357 0.00966 0.00659 0.05000 ( 1)  0.238 +-  0.528
 158 -   0.64589 0.09738 0.06036 0.04262 0.03168 0.02403 0.01823 0.01357 0.00966 0.00659 0.05000 ( 1)  0.238 +-  0.528
 159 -   0.64589 0.09738 0.06036 0.04262 0.03168 0.02403 0.01823 0.01357 0.00966 0.00659 0.05000 ( 1)  0.238 +-  0.528
 160 -   0.64589 0.09738 0.06036 0.04262 0.03168 0.02403 0.01823 0.01357 0.00966 0.00659 0.05000 ( 1)  0.238 +-  0.528
 161 -   0.64589 0.09738 0.06036 0.04262 0.03168 0.02403 0.01823 0.01357 0.00966 0.00659 0.05000 ( 1)  0.238 +-  0.528
 162 -   0.64589 0.09738 0.06036 0.04262 0.03168 0.02403 0.01823 0.01357 0.00966 0.00659 0.05000 ( 1)  0.238 +-  0.528
 163 -   0.64589 0.09738 0.06036 0.04262 0.03168 0.02403 0.01823 0.01357 0.00966 0.00659 0.05000 ( 1)  0.238 +-  0.528
 164 -   0.64589 0.09738 0.06036 0.04262 0.03168 0.02403 0.01823 0.01357 0.00966 0.00659 0.05000 ( 1)  0.238 +-  0.528
 165 R   0.87788 0.07660 0.02681 0.01073 0.00455 0.00197 0.00086 0.00037 0.00015 0.00006 0.00002 ( 1)  0.070 +-  0.066
 166 A   0.87360 0.07792 0.02795 0.01150 0.00501 0.00225 0.00101 0.00045 0.00019 0.00008 0.00004 ( 1)  0.071 +-  0.069
 167 A   0.87360 0.07792 0.02795 0.01150 0.00501 0.00225 0.00101 0.00045 0.00019 0.00008 0.00004 ( 1)  0.071 +-  0.069
 168 I   0.84692 0.08599 0.03506 0.01629 0.00798 0.00399 0.00199 0.00098 0.00046 0.00020 0.00014 ( 1)  0.078 +-  0.085
 169 R   0.87425 0.07783 0.02780 0.01136 0.00491 0.00218 0.00097 0.00042 0.00018 0.00007 0.00003 ( 1)  0.071 +-  0.068
 170 Y   0.85973 0.08246 0.03173 0.01393 0.00646 0.00306 0.00145 0.00068 0.00030 0.00013 0.00007 ( 1)  0.075 +-  0.076
 171 I   0.83551 0.08865 0.03785 0.01842 0.00945 0.00495 0.00259 0.00133 0.00065 0.00031 0.00028 ( 1)  0.082 +-  0.093
 172 K   0.80606 0.09413 0.04442 0.02387 0.01351 0.00780 0.00451 0.00255 0.00138 0.00071 0.00106 ( 1)  0.093 +-  0.117
 173 Y   0.16392 0.13600 0.15757 0.14663 0.12110 0.09227 0.06590 0.04430 0.02784 0.01700 0.02746 ( 1)  0.382 +-  0.297
 174 L   0.82405 0.09093 0.04048 0.02055 0.01101 0.00602 0.00330 0.00178 0.00091 0.00045 0.00053 ( 1)  0.086 +-  0.102
 175 Q   0.83338 0.08905 0.03833 0.01882 0.00974 0.00516 0.00273 0.00142 0.00071 0.00033 0.00033 ( 1)  0.083 +-  0.095
 176 E   0.83853 0.08792 0.03710 0.01786 0.00906 0.00470 0.00244 0.00125 0.00061 0.00028 0.00025 ( 1)  0.081 +-  0.091
 177 L   0.82405 0.09093 0.04048 0.02055 0.01101 0.00602 0.00330 0.00178 0.00091 0.00045 0.00053 ( 1)  0.086 +-  0.102
 178 L   0.82570 0.09061 0.04010 0.02025 0.01078 0.00586 0.00320 0.00171 0.00087 0.00043 0.00049 ( 1)  0.085 +-  0.101
 179 S   0.84273 0.08703 0.03611 0.01707 0.00850 0.00432 0.00220 0.00110 0.00052 0.00024 0.00018 ( 1)  0.080 +-  0.087
 180 A   0.52418 0.15601 0.11052 0.07542 0.05009 0.03249 0.02052 0.01253 0.00727 0.00411 0.00685 ( 1)  0.187 +-  0.215
 181 A   0.87120 0.07869 0.02860 0.01192 0.00527 0.00239 0.00109 0.00049 0.00021 0.00009 0.00005 ( 1)  0.072 +-  0.070
 182 P   0.82037 0.09118 0.04107 0.02119 0.01157 0.00648 0.00365 0.00203 0.00108 0.00055 0.00084 ( 1)  0.088 +-  0.108
 183 D   0.87375 0.07798 0.02793 0.01145 0.00497 0.00221 0.00099 0.00043 0.00018 0.00007 0.00003 ( 1)  0.071 +-  0.068
 184 G   0.86589 0.08054 0.03007 0.01283 0.00579 0.00267 0.00124 0.00056 0.00025 0.00010 0.00005 ( 1)  0.073 +-  0.073
 185 A   0.50320 0.15439 0.11288 0.07933 0.05415 0.03601 0.02328 0.01452 0.00859 0.00495 0.00869 ( 1)  0.200 +-  0.228
 186 P   0.11470 0.10356 0.12987 0.13175 0.11936 0.10026 0.07927 0.05915 0.04127 0.02766 0.09315 ( 4)  0.508 +-  0.404
 187 P   0.04254 0.08783 0.14445 0.16263 0.15122 0.12484 0.09451 0.06645 0.04333 0.02714 0.05506 ( 4)  0.502 +-  0.326
 188 P   0.85259 0.08404 0.03345 0.01528 0.00740 0.00368 0.00185 0.00091 0.00043 0.00020 0.00017 ( 1)  0.077 +-  0.083
 189 A   0.80549 0.09310 0.04389 0.02378 0.01368 0.00809 0.00482 0.00283 0.00160 0.00087 0.00185 ( 1)  0.094 +-  0.126
 190 A   0.02381 0.05651 0.10377 0.13025 0.13488 0.12382 0.10404 0.08092 0.05799 0.03910 0.14491 (11)  0.646 +-  0.424
 191 R   0.85872 0.08247 0.03191 0.01415 0.00665 0.00321 0.00156 0.00074 0.00034 0.00015 0.00011 ( 1)  0.075 +-  0.078
 192 V   0.16746 0.13543 0.15402 0.14202 0.11720 0.08988 0.06506 0.04458 0.02870 0.01801 0.03763 ( 1)  0.393 +-  0.320
 193 L   0.86666 0.08008 0.02980 0.01273 0.00576 0.00268 0.00126 0.00058 0.00026 0.00011 0.00007 ( 1)  0.073 +-  0.073
 194 P   0.83529 0.08813 0.03765 0.01845 0.00959 0.00512 0.00275 0.00146 0.00074 0.00036 0.00046 ( 1)  0.083 +-  0.096
 195 A   0.50626 0.15436 0.11221 0.07852 0.05344 0.03548 0.02294 0.01432 0.00850 0.00491 0.00906 ( 1)  0.199 +-  0.229
 196 P   0.14115 0.12054 0.14406 0.13933 0.12037 0.09645 0.07279 0.05188 0.03464 0.02238 0.05643 ( 3)  0.439 +-  0.353
 197 G   0.00021 0.00214 0.00837 0.01857 0.03087 0.04274 0.05169 0.05564 0.05300 0.04447 0.69229 (11)  1.388 +-  0.739
 198 P   0.19848 0.15110 0.16229 0.14170 0.11104 0.08111 0.05609 0.03684 0.02283 0.01389 0.02462 ( 1)  0.351 +-  0.291
 199 A   0.00106 0.00896 0.03015 0.05761 0.08257 0.09870 0.10323 0.09627 0.07969 0.05841 0.38335 (11)  0.974 +-  0.494
 200 P   0.85921 0.08233 0.03178 0.01406 0.00659 0.00317 0.00154 0.00073 0.00034 0.00015 0.00011 ( 1)  0.075 +-  0.078
 201 -   0.81100 0.09317 0.04328 0.02294 0.01282 0.00733 0.00420 0.00236 0.00127 0.00065 0.00099 ( 1)  0.091 +-  0.114
 202 -   0.45391 0.14778 0.11521 0.08629 0.06272 0.04439 0.03051 0.02022 0.01270 0.00776 0.01850 ( 1)  0.238 +-  0.274
 203 -   0.17348 0.13849 0.15556 0.14180 0.11578 0.08795 0.06313 0.04296 0.02751 0.01721 0.03612 ( 1)  0.386 +-  0.318
 204 -   0.56243 0.15877 0.10608 0.06829 0.04279 0.02619 0.01562 0.00900 0.00493 0.00263 0.00327 ( 1)  0.165 +-  0.186
 205 -   0.13179 0.11492 0.13989 0.13769 0.12096 0.09848 0.07544 0.05453 0.03689 0.02408 0.06532 ( 3)  0.459 +-  0.366
 206 -   0.58144 0.15974 0.10346 0.06450 0.03910 0.02313 0.01332 0.00740 0.00391 0.00200 0.00200 ( 1)  0.154 +-  0.172
 207 -   0.07085 0.07200 0.09934 0.11057 0.10958 0.10039 0.08629 0.06968 0.05228 0.03701 0.19202 (11)  0.667 +-  0.495
 208 -   0.56896 0.15878 0.10489 0.06684 0.04152 0.02522 0.01495 0.00857 0.00468 0.00249 0.00311 ( 1)  0.162 +-  0.183
 209 -   0.85331 0.08416 0.03337 0.01512 0.00724 0.00354 0.00174 0.00084 0.00039 0.00017 0.00012 ( 1)  0.077 +-  0.081
 210 R   0.17722 0.14120 0.15826 0.14364 0.11652 0.08774 0.06227 0.04179 0.02634 0.01619 0.02884 ( 1)  0.374 +-  0.301
 211 R   0.64589 0.09738 0.06036 0.04262 0.03168 0.02403 0.01823 0.01357 0.00966 0.00659 0.05000 ( 1)  0.238 +-  0.528
 212 P   0.64589 0.09738 0.06036 0.04262 0.03168 0.02403 0.01823 0.01357 0.00966 0.00659 0.05000 ( 1)  0.238 +-  0.528
 213 P   0.64589 0.09738 0.06036 0.04262 0.03168 0.02403 0.01823 0.01357 0.00966 0.00659 0.05000 ( 1)  0.238 +-  0.528
 214 P   0.64589 0.09738 0.06036 0.04262 0.03168 0.02403 0.01823 0.01357 0.00966 0.00659 0.05000 ( 1)  0.238 +-  0.528
 215 R   0.64589 0.09738 0.06036 0.04262 0.03168 0.02403 0.01823 0.01357 0.00966 0.00659 0.05000 ( 1)  0.238 +-  0.528
 216 P   0.64589 0.09738 0.06036 0.04262 0.03168 0.02403 0.01823 0.01357 0.00966 0.00659 0.05000 ( 1)  0.238 +-  0.528
 217 N   0.64589 0.09738 0.06036 0.04262 0.03168 0.02403 0.01823 0.01357 0.00966 0.00659 0.05000 ( 1)  0.238 +-  0.528
 218 A   0.64589 0.09738 0.06036 0.04262 0.03168 0.02403 0.01823 0.01357 0.00966 0.00659 0.05000 ( 1)  0.238 +-  0.528
 219 P   0.79687 0.09448 0.04562 0.02526 0.01483 0.00894 0.00542 0.00324 0.00186 0.00103 0.00243 ( 1)  0.098 +-  0.135
 220 G   0.85160 0.08464 0.03382 0.01543 0.00743 0.00366 0.00181 0.00088 0.00041 0.00018 0.00013 ( 1)  0.077 +-  0.082
 221 -   0.64589 0.09738 0.06036 0.04262 0.03168 0.02403 0.01823 0.01357 0.00966 0.00659 0.05000 ( 1)  0.238 +-  0.528
 222 -   0.64589 0.09738 0.06036 0.04262 0.03168 0.02403 0.01823 0.01357 0.00966 0.00659 0.05000 ( 1)  0.238 +-  0.528
 223 D   0.20955 0.15760 0.16697 0.14332 0.11002 0.07845 0.05277 0.03360 0.02013 0.01182 0.01578 ( 1)  0.330 +-  0.267
 224 G   0.15976 0.13140 0.15176 0.14195 0.11868 0.09211 0.06738 0.04661 0.03025 0.01909 0.04100 ( 1)  0.404 +-  0.327
 225 E   0.81890 0.09192 0.04164 0.02151 0.01171 0.00651 0.00363 0.00198 0.00103 0.00051 0.00066 ( 1)  0.088 +-  0.107
 226 D   0.58059 0.15950 0.10341 0.06459 0.03927 0.02332 0.01349 0.00755 0.00401 0.00207 0.00220 ( 1)  0.155 +-  0.173
 227 R   0.10714 0.09898 0.12663 0.13080 0.12039 0.10253 0.08202 0.06176 0.04339 0.02916 0.09720 ( 4)  0.520 +-  0.405
 228 A   0.10512 0.09726 0.12450 0.12881 0.11889 0.10164 0.08171 0.06190 0.04378 0.02964 0.10675 ( 4)  0.533 +-  0.419
 229 P   0.86730 0.07992 0.02965 0.01261 0.00568 0.00263 0.00123 0.00056 0.00025 0.00010 0.00006 ( 1)  0.073 +-  0.073
 230 S   0.20626 0.15523 0.16488 0.14228 0.11009 0.07932 0.05403 0.03490 0.02124 0.01268 0.01909 ( 1)  0.338 +-  0.276
 231 S   0.18080 0.14375 0.16063 0.14504 0.11679 0.08712 0.06114 0.04050 0.02515 0.01523 0.02384 ( 1)  0.364 +-  0.289
 232 L   0.46002 0.14898 0.11540 0.08582 0.06190 0.04343 0.02958 0.01941 0.01207 0.00729 0.01610 ( 1)  0.231 +-  0.265
 233 V   0.07520 0.07552 0.10325 0.11384 0.11175 0.10140 0.08631 0.06904 0.05133 0.03608 0.17630 (11)  0.644 +-  0.482
 234 P   0.52628 0.15607 0.11017 0.07496 0.04966 0.03214 0.02028 0.01237 0.00718 0.00406 0.00683 ( 1)  0.186 +-  0.214
 235 E   0.49258 0.15347 0.11397 0.08128 0.05622 0.03785 0.02474 0.01558 0.00930 0.00540 0.00962 ( 1)  0.206 +-  0.234
 236 S   0.75987 0.09848 0.05201 0.03136 0.01995 0.01298 0.00847 0.00543 0.00333 0.00196 0.00616 ( 1)  0.117 +-  0.177
 237 S   0.85660 0.08328 0.03253 0.01451 0.00684 0.00330 0.00159 0.00076 0.00034 0.00015 0.00010 ( 1)  0.076 +-  0.079
 238 E   0.81890 0.09192 0.04164 0.02151 0.01171 0.00651 0.00363 0.00198 0.00103 0.00051 0.00066 ( 1)  0.088 +-  0.107
 239 S   0.85809 0.08286 0.03214 0.01424 0.00666 0.00319 0.00153 0.00072 0.00033 0.00014 0.00009 ( 1)  0.075 +-  0.078
 240 S   0.86432 0.08105 0.03050 0.01311 0.00595 0.00276 0.00129 0.00059 0.00026 0.00011 0.00006 ( 1)  0.073 +-  0.074
 241 C   0.83528 0.08868 0.03790 0.01847 0.00948 0.00498 0.00261 0.00135 0.00066 0.00031 0.00029 ( 1)  0.082 +-  0.093
 242 F   0.85041 0.08506 0.03416 0.01565 0.00755 0.00373 0.00184 0.00089 0.00041 0.00018 0.00012 ( 1)  0.077 +-  0.082
 243 S   0.86432 0.08105 0.03050 0.01311 0.00595 0.00276 0.00129 0.00059 0.00026 0.00011 0.00006 ( 1)  0.073 +-  0.074
 244 P   0.20308 0.15424 0.16507 0.14324 0.11123 0.08028 0.05469 0.03529 0.02142 0.01275 0.01870 ( 1)  0.339 +-  0.275
 245 S   0.81448 0.09270 0.04261 0.02232 0.01233 0.00695 0.00392 0.00217 0.00115 0.00058 0.00079 ( 1)  0.089 +-  0.110
 246 P   0.69339 0.09986 0.05889 0.03956 0.02798 0.02019 0.01457 0.01032 0.00698 0.00453 0.02372 ( 1)  0.167 +-  0.289
 247 F   0.85041 0.08506 0.03416 0.01565 0.00755 0.00373 0.00184 0.00089 0.00041 0.00018 0.00012 ( 1)  0.077 +-  0.082
 248 L   0.31683 0.11892 0.10720 0.09265 0.07755 0.06305 0.04968 0.03763 0.02695 0.01860 0.09094 ( 1)  0.405 +-  0.443
 249 E   0.81285 0.09294 0.04293 0.02261 0.01256 0.00712 0.00405 0.00226 0.00120 0.00061 0.00087 ( 1)  0.090 +-  0.112
 250 S   0.81448 0.09270 0.04261 0.02232 0.01233 0.00695 0.00392 0.00217 0.00115 0.00058 0.00079 ( 1)  0.089 +-  0.110
 251 E   0.82484 0.09082 0.04032 0.02041 0.01089 0.00593 0.00324 0.00173 0.00089 0.00043 0.00049 ( 1)  0.086 +-  0.101
 252 E   0.73699 0.09992 0.05524 0.03479 0.02307 0.01561 0.01056 0.00701 0.00445 0.00270 0.00964 ( 1)  0.130 +-  0.204
 253 S   0.86282 0.08150 0.03090 0.01338 0.00612 0.00286 0.00134 0.00062 0.00027 0.00011 0.00006 ( 1)  0.074 +-  0.075
 254 C   0.14912 0.12595 0.14904 0.14245 0.12137 0.09572 0.07096 0.04958 0.03241 0.02051 0.04287 ( 1)  0.416 +-  0.329
 255 H   0.36408 0.13039 0.11225 0.09273 0.07425 0.05780 0.04364 0.03172 0.02183 0.01454 0.05677 ( 1)  0.335 +-  0.379

Positively selected sites

	Prob(w>1)  mean w

   197 G      0.692         1.388 +- 0.739

