Supplemental results for CODEML (seqf: algn  treef: tree)


dN/dS (w) for site classes (K=5)

p:   0.23341  0.23341  0.23341  0.23341  0.06636
w:   0.00000  0.00276  0.05990  0.45281  1.00000

Naive Empirical Bayes (NEB) probabilities for 5 classes & postmean_w
(amino acids refer to 1st sequence: chlSab_FOXL3_XM_008018930)

   1 -   0.23341 0.23341 0.23341 0.23341 0.06636 ( 4)  0.187
   2 -   0.23341 0.23341 0.23341 0.23341 0.06636 ( 3)  0.187
   3 -   0.23341 0.23341 0.23341 0.23341 0.06636 ( 4)  0.187
   4 -   0.23341 0.23341 0.23341 0.23341 0.06636 ( 4)  0.187
   5 -   0.23341 0.23341 0.23341 0.23341 0.06636 ( 4)  0.187
   6 -   0.23341 0.23341 0.23341 0.23341 0.06636 ( 4)  0.187
   7 -   0.23341 0.23341 0.23341 0.23341 0.06636 ( 4)  0.187
   8 -   0.23341 0.23341 0.23341 0.23341 0.06636 ( 4)  0.187
   9 -   0.23341 0.23341 0.23341 0.23341 0.06636 ( 4)  0.187
  10 -   0.23341 0.23341 0.23341 0.23341 0.06636 ( 4)  0.187
  11 -   0.23341 0.23341 0.23341 0.23341 0.06636 ( 4)  0.187
  12 -   0.23341 0.23341 0.23341 0.23341 0.06636 ( 4)  0.187
  13 -   0.23341 0.23341 0.23341 0.23341 0.06636 ( 4)  0.187
  14 -   0.23341 0.23341 0.23341 0.23341 0.06636 ( 3)  0.187
  15 -   0.23341 0.23341 0.23341 0.23341 0.06636 ( 4)  0.187
  16 -   0.23341 0.23341 0.23341 0.23341 0.06636 ( 4)  0.187
  17 -   0.23341 0.23341 0.23341 0.23341 0.06636 ( 4)  0.187
  18 -   0.23341 0.23341 0.23341 0.23341 0.06636 ( 4)  0.187
  19 -   0.23341 0.23341 0.23341 0.23341 0.06636 ( 4)  0.187
  20 -   0.23341 0.23341 0.23341 0.23341 0.06636 ( 4)  0.187
  21 -   0.23341 0.23341 0.23341 0.23341 0.06636 ( 4)  0.187
  22 -   0.23341 0.23341 0.23341 0.23341 0.06636 ( 4)  0.187
  23 -   0.23341 0.23341 0.23341 0.23341 0.06636 ( 3)  0.187
  24 -   0.23341 0.23341 0.23341 0.23341 0.06636 ( 4)  0.187
  25 -   0.23341 0.23341 0.23341 0.23341 0.06636 ( 4)  0.187
  26 -   0.23341 0.23341 0.23341 0.23341 0.06636 ( 4)  0.187
  27 -   0.23341 0.23341 0.23341 0.23341 0.06636 ( 4)  0.187
  28 -   0.23341 0.23341 0.23341 0.23341 0.06636 ( 3)  0.187
  29 -   0.23341 0.23341 0.23341 0.23341 0.06636 ( 4)  0.187
  30 -   0.23341 0.23341 0.23341 0.23341 0.06636 ( 4)  0.187
  31 -   0.23341 0.23341 0.23341 0.23341 0.06636 ( 4)  0.187
  32 -   0.23341 0.23341 0.23341 0.23341 0.06636 ( 3)  0.187
  33 -   0.23341 0.23341 0.23341 0.23341 0.06636 ( 4)  0.187
  34 -   0.23341 0.23341 0.23341 0.23341 0.06636 ( 4)  0.187
  35 -   0.23341 0.23341 0.23341 0.23341 0.06636 ( 4)  0.187
  36 -   0.23341 0.23341 0.23341 0.23341 0.06636 ( 4)  0.187
  37 -   0.23341 0.23341 0.23341 0.23341 0.06636 ( 1)  0.187
  38 -   0.23341 0.23341 0.23341 0.23341 0.06636 ( 4)  0.187
  39 -   0.23341 0.23341 0.23341 0.23341 0.06636 ( 3)  0.187
  40 -   0.23341 0.23341 0.23341 0.23341 0.06636 ( 4)  0.187
  41 -   0.23341 0.23341 0.23341 0.23341 0.06636 ( 4)  0.187
  42 -   0.23341 0.23341 0.23341 0.23341 0.06636 ( 4)  0.187
  43 -   0.23341 0.23341 0.23341 0.23341 0.06636 ( 3)  0.187
  44 -   0.23341 0.23341 0.23341 0.23341 0.06636 ( 4)  0.187
  45 -   0.23341 0.23341 0.23341 0.23341 0.06636 ( 4)  0.187
  46 -   0.23341 0.23341 0.23341 0.23341 0.06636 ( 4)  0.187
  47 -   0.23341 0.23341 0.23341 0.23341 0.06636 ( 4)  0.187
  48 -   0.23341 0.23341 0.23341 0.23341 0.06636 ( 4)  0.187
  49 -   0.23341 0.23341 0.23341 0.23341 0.06636 ( 4)  0.187
  50 -   0.23341 0.23341 0.23341 0.23341 0.06636 ( 4)  0.187
  51 -   0.23341 0.23341 0.23341 0.23341 0.06636 ( 4)  0.187
  52 -   0.23341 0.23341 0.23341 0.23341 0.06636 ( 3)  0.187
  53 -   0.23341 0.23341 0.23341 0.23341 0.06636 ( 4)  0.187
  54 -   0.23341 0.23341 0.23341 0.23341 0.06636 ( 3)  0.187
  55 -   0.23341 0.23341 0.23341 0.23341 0.06636 ( 4)  0.187
  56 -   0.23341 0.23341 0.23341 0.23341 0.06636 ( 4)  0.187
  57 M   0.34556 0.34133 0.26461 0.04718 0.00132 ( 1)  0.039
  58 F   0.27189 0.27114 0.25594 0.17253 0.02851 ( 1)  0.123
  59 D   0.37872 0.37062 0.23746 0.01310 0.00011 ( 1)  0.021
  60 S   0.00000 0.00075 0.23011 0.74217 0.02697 ( 4)  0.377
  61 S   0.32581 0.32293 0.26871 0.07820 0.00435 ( 1)  0.057
  62 Q   0.34714 0.34275 0.26348 0.04535 0.00129 ( 1)  0.039
  63 Y   0.26578 0.26517 0.25290 0.18289 0.03326 ( 1)  0.132
  64 P   0.36738 0.36085 0.24930 0.02216 0.00031 ( 1)  0.026
  65 Y   0.37251 0.36535 0.24482 0.01715 0.00016 ( 1)  0.024
  66 N   0.35438 0.34930 0.25941 0.03610 0.00081 ( 1)  0.034
  67 C   0.37352 0.36624 0.24386 0.01623 0.00014 ( 1)  0.023
  68 F   0.35980 0.35422 0.25646 0.02906 0.00045 ( 1)  0.030
  69 N   0.28832 0.28709 0.26274 0.14384 0.01800 ( 1)  0.100
  70 D   0.00000 0.00055 0.17741 0.78156 0.04048 ( 4)  0.405
  71 D   0.37348 0.36609 0.24278 0.01744 0.00022 ( 1)  0.024
  72 A   0.00005 0.03604 0.54816 0.40206 0.01369 ( 3)  0.229
  73 D   0.38406 0.37510 0.23081 0.00997 0.00007 ( 1)  0.019
  74 D   0.00007 0.05253 0.70525 0.23854 0.00361 ( 3)  0.154
  75 Y   0.37251 0.36535 0.24482 0.01715 0.00016 ( 1)  0.024
  76 P   0.34456 0.34031 0.26355 0.04983 0.00176 ( 1)  0.041
  77 A   0.37004 0.36315 0.24669 0.01986 0.00026 ( 1)  0.025
  78 G   0.00000 0.00061 0.19118 0.76863 0.03958 ( 4)  0.399
  79 S   0.37872 0.37067 0.23788 0.01265 0.00009 ( 1)  0.021
  80 S   0.35937 0.35381 0.25643 0.02987 0.00051 ( 1)  0.030
  81 D   0.37872 0.37062 0.23746 0.01310 0.00011 ( 1)  0.021
  82 E   0.00002 0.01342 0.24691 0.63636 0.10330 ( 4)  0.406
  83 A   0.00000 0.00036 0.12149 0.80656 0.07160 ( 4)  0.444
  84 K   0.00004 0.02837 0.45956 0.48870 0.02333 ( 4)  0.272
  85 R   0.34785 0.34336 0.26256 0.04484 0.00139 ( 1)  0.038
  86 L   0.36732 0.36084 0.24984 0.02173 0.00027 ( 1)  0.026
  87 T   0.34417 0.34003 0.26481 0.04945 0.00154 ( 1)  0.041
  88 R   0.34546 0.34117 0.26371 0.04809 0.00157 ( 1)  0.040
  89 P   0.36738 0.36085 0.24930 0.02216 0.00031 ( 1)  0.026
  90 A   0.34582 0.34152 0.26376 0.04742 0.00149 ( 1)  0.040
  91 Y   0.37251 0.36535 0.24482 0.01715 0.00016 ( 1)  0.024
  92 -   0.23341 0.23341 0.23341 0.23341 0.06636 ( 4)  0.187
  93 -   0.23341 0.23341 0.23341 0.23341 0.06636 ( 4)  0.187
  94 -   0.23341 0.23341 0.23341 0.23341 0.06636 ( 4)  0.187
  95 S   0.37872 0.37067 0.23788 0.01265 0.00009 ( 1)  0.021
  96 Y   0.37251 0.36535 0.24482 0.01715 0.00016 ( 1)  0.024
  97 I   0.36528 0.35908 0.25197 0.02338 0.00029 ( 1)  0.027
  98 A   0.37086 0.36387 0.24589 0.01914 0.00024 ( 1)  0.025
  99 L   0.30824 0.30627 0.26809 0.10841 0.00899 ( 1)  0.075
 100 I   0.36528 0.35908 0.25197 0.02338 0.00029 ( 1)  0.027
 101 A   0.37086 0.36387 0.24589 0.01914 0.00024 ( 1)  0.025
 102 M   0.34556 0.34133 0.26461 0.04718 0.00132 ( 1)  0.039
 103 A   0.37086 0.36387 0.24589 0.01914 0.00024 ( 1)  0.025
 104 I   0.28119 0.28018 0.26008 0.15642 0.02212 ( 1)  0.109
 105 Q   0.34147 0.33752 0.26547 0.05362 0.00192 ( 1)  0.043
 106 Q   0.34714 0.34275 0.26348 0.04535 0.00129 ( 1)  0.039
 107 S   0.37872 0.37067 0.23788 0.01265 0.00009 ( 1)  0.021
 108 P   0.35546 0.35025 0.25841 0.03507 0.00081 ( 1)  0.033
 109 A   0.34880 0.34423 0.26222 0.04349 0.00126 ( 1)  0.038
 110 G   0.36809 0.36144 0.24831 0.02183 0.00033 ( 1)  0.026
 111 R   0.35147 0.34671 0.26144 0.03944 0.00093 ( 1)  0.035
 112 V   0.34561 0.34135 0.26426 0.04738 0.00140 ( 1)  0.040
 113 T   0.36927 0.36253 0.24794 0.02003 0.00023 ( 1)  0.025
 114 L   0.33075 0.32757 0.26834 0.07001 0.00333 ( 1)  0.052
 115 S   0.36132 0.35555 0.25492 0.02776 0.00045 ( 1)  0.029
 116 G   0.37547 0.36782 0.24086 0.01568 0.00017 ( 1)  0.023
 117 I   0.36528 0.35908 0.25197 0.02338 0.00029 ( 1)  0.027
 118 Y   0.37251 0.36535 0.24482 0.01715 0.00016 ( 1)  0.024
 119 D   0.38406 0.37510 0.23081 0.00997 0.00007 ( 1)  0.019
 120 F   0.35980 0.35422 0.25646 0.02906 0.00045 ( 1)  0.030
 121 I   0.36528 0.35908 0.25197 0.02338 0.00029 ( 1)  0.027
 122 M   0.34556 0.34133 0.26461 0.04718 0.00132 ( 1)  0.039
 123 R   0.37537 0.36776 0.24118 0.01553 0.00016 ( 1)  0.023
 124 K   0.35350 0.34853 0.26025 0.03691 0.00082 ( 1)  0.034
 125 F   0.35782 0.35245 0.25779 0.03140 0.00055 ( 1)  0.031
 126 P   0.36738 0.36085 0.24930 0.02216 0.00031 ( 1)  0.026
 127 Y   0.28646 0.28524 0.26119 0.14690 0.02022 ( 1)  0.103
 128 Y   0.37251 0.36535 0.24482 0.01715 0.00016 ( 1)  0.024
 129 R   0.37537 0.36776 0.24118 0.01553 0.00016 ( 1)  0.023
 130 A   0.37086 0.36387 0.24589 0.01914 0.00024 ( 1)  0.025
 131 N   0.38020 0.37191 0.23604 0.01178 0.00008 ( 1)  0.021
 132 Q   0.34714 0.34275 0.26348 0.04535 0.00129 ( 1)  0.039
 133 R   0.37537 0.36776 0.24118 0.01553 0.00016 ( 1)  0.023
 134 A   0.37086 0.36387 0.24589 0.01914 0.00024 ( 1)  0.025
 135 W   0.33583 0.33233 0.26761 0.06179 0.00244 ( 1)  0.047
 136 Q   0.34714 0.34275 0.26348 0.04535 0.00129 ( 1)  0.039
 137 N   0.38020 0.37191 0.23604 0.01178 0.00008 ( 1)  0.021
 138 S   0.36534 0.35911 0.25171 0.02353 0.00031 ( 1)  0.027
 139 I   0.36528 0.35908 0.25197 0.02338 0.00029 ( 1)  0.027
 140 R   0.37203 0.36487 0.24460 0.01828 0.00022 ( 1)  0.024
 141 H   0.38053 0.37215 0.23529 0.01194 0.00009 ( 1)  0.021
 142 N   0.38020 0.37191 0.23604 0.01178 0.00008 ( 1)  0.021
 143 L   0.33075 0.32757 0.26834 0.07001 0.00333 ( 1)  0.052
 144 S   0.36259 0.35668 0.25403 0.02631 0.00039 ( 1)  0.029
 145 L   0.36732 0.36084 0.24984 0.02173 0.00027 ( 1)  0.026
 146 N   0.38020 0.37191 0.23604 0.01178 0.00008 ( 1)  0.021
 147 S   0.37872 0.37067 0.23788 0.01265 0.00009 ( 1)  0.021
 148 C   0.37352 0.36624 0.24386 0.01623 0.00014 ( 1)  0.023
 149 F   0.35980 0.35422 0.25646 0.02906 0.00045 ( 1)  0.030
 150 V   0.00005 0.03970 0.58931 0.36151 0.00943 ( 3)  0.209
 151 K   0.35550 0.35035 0.25910 0.03435 0.00069 ( 1)  0.033
 152 V   0.34561 0.34135 0.26426 0.04738 0.00140 ( 1)  0.040
 153 P   0.00000 0.00013 0.05170 0.76412 0.18405 ( 4)  0.533
 154 -   0.23341 0.23341 0.23341 0.23341 0.06636 ( 4)  0.187
 155 -   0.23341 0.23341 0.23341 0.23341 0.06636 ( 4)  0.187
 156 -   0.23341 0.23341 0.23341 0.23341 0.06636 ( 4)  0.187
 157 -   0.23341 0.23341 0.23341 0.23341 0.06636 ( 4)  0.187
 158 -   0.23341 0.23341 0.23341 0.23341 0.06636 ( 4)  0.187
 159 -   0.23341 0.23341 0.23341 0.23341 0.06636 ( 4)  0.187
 160 -   0.23341 0.23341 0.23341 0.23341 0.06636 ( 4)  0.187
 161 -   0.23341 0.23341 0.23341 0.23341 0.06636 ( 4)  0.187
 162 -   0.23341 0.23341 0.23341 0.23341 0.06636 ( 4)  0.187
 163 -   0.23341 0.23341 0.23341 0.23341 0.06636 ( 3)  0.187
 164 -   0.23341 0.23341 0.23341 0.23341 0.06636 ( 4)  0.187
 165 -   0.23341 0.23341 0.23341 0.23341 0.06636 ( 4)  0.187
 166 -   0.23341 0.23341 0.23341 0.23341 0.06636 ( 4)  0.187
 167 -   0.23341 0.23341 0.23341 0.23341 0.06636 ( 4)  0.187
 168 -   0.23341 0.23341 0.23341 0.23341 0.06636 ( 4)  0.187
 169 -   0.23341 0.23341 0.23341 0.23341 0.06636 ( 4)  0.187
 170 -   0.23341 0.23341 0.23341 0.23341 0.06636 ( 4)  0.187
 171 -   0.23341 0.23341 0.23341 0.23341 0.06636 ( 4)  0.187
 172 -   0.23341 0.23341 0.23341 0.23341 0.06636 ( 4)  0.187
 173 -   0.23341 0.23341 0.23341 0.23341 0.06636 ( 4)  0.187
 174 -   0.23341 0.23341 0.23341 0.23341 0.06636 ( 3)  0.187
 175 -   0.23341 0.23341 0.23341 0.23341 0.06636 ( 4)  0.187
 176 -   0.23341 0.23341 0.23341 0.23341 0.06636 ( 3)  0.187
 177 -   0.23341 0.23341 0.23341 0.23341 0.06636 ( 4)  0.187
 178 -   0.23341 0.23341 0.23341 0.23341 0.06636 ( 4)  0.187
 179 -   0.23341 0.23341 0.23341 0.23341 0.06636 ( 4)  0.187
 180 -   0.23341 0.23341 0.23341 0.23341 0.06636 ( 4)  0.187
 181 -   0.23341 0.23341 0.23341 0.23341 0.06636 ( 4)  0.187
 182 -   0.23341 0.23341 0.23341 0.23341 0.06636 ( 4)  0.187
 183 -   0.23341 0.23341 0.23341 0.23341 0.06636 ( 4)  0.187
 184 -   0.23341 0.23341 0.23341 0.23341 0.06636 ( 4)  0.187
 185 -   0.23341 0.23341 0.23341 0.23341 0.06636 ( 4)  0.187
 186 -   0.23341 0.23341 0.23341 0.23341 0.06636 ( 4)  0.187
 187 -   0.23341 0.23341 0.23341 0.23341 0.06636 ( 4)  0.187
 188 -   0.23341 0.23341 0.23341 0.23341 0.06636 ( 4)  0.187
 189 -   0.23341 0.23341 0.23341 0.23341 0.06636 ( 4)  0.187
 190 -   0.23341 0.23341 0.23341 0.23341 0.06636 ( 4)  0.187
 191 -   0.23341 0.23341 0.23341 0.23341 0.06636 ( 3)  0.187
 192 -   0.23341 0.23341 0.23341 0.23341 0.06636 ( 4)  0.187
 193 -   0.23341 0.23341 0.23341 0.23341 0.06636 ( 3)  0.187
 194 -   0.23341 0.23341 0.23341 0.23341 0.06636 ( 4)  0.187
 195 -   0.23341 0.23341 0.23341 0.23341 0.06636 ( 3)  0.187
 196 -   0.23341 0.23341 0.23341 0.23341 0.06636 ( 4)  0.187
 197 -   0.23341 0.23341 0.23341 0.23341 0.06636 ( 4)  0.187
 198 -   0.23341 0.23341 0.23341 0.23341 0.06636 ( 4)  0.187
 199 -   0.23341 0.23341 0.23341 0.23341 0.06636 ( 4)  0.187
 200 -   0.23341 0.23341 0.23341 0.23341 0.06636 ( 4)  0.187
 201 -   0.23341 0.23341 0.23341 0.23341 0.06636 ( 4)  0.187
 202 -   0.23341 0.23341 0.23341 0.23341 0.06636 ( 4)  0.187
 203 -   0.23341 0.23341 0.23341 0.23341 0.06636 ( 4)  0.187
 204 R   0.34546 0.34117 0.26371 0.04809 0.00157 ( 1)  0.040
 205 S   0.00000 0.00000 0.01839 0.83387 0.14774 ( 4)  0.526
 206 E   0.00004 0.03168 0.49933 0.45045 0.01849 ( 3)  0.252
 207 G   0.37886 0.37072 0.23713 0.01317 0.00011 ( 1)  0.021
 208 H   0.00000 0.00065 0.20281 0.76003 0.03651 ( 4)  0.393
 209 E   0.00000 0.00030 0.10588 0.80992 0.08390 ( 4)  0.457
 210 K   0.00004 0.02927 0.47095 0.47836 0.02138 ( 4)  0.266
 211 G   0.37443 0.36695 0.24214 0.01631 0.00017 ( 1)  0.023
 212 K   0.00001 0.00722 0.14512 0.64988 0.19777 ( 4)  0.501
 213 G   0.37886 0.37072 0.23713 0.01317 0.00011 ( 1)  0.021
 214 N   0.36570 0.35940 0.25108 0.02349 0.00033 ( 1)  0.027
 215 Y   0.36073 0.35502 0.25535 0.02842 0.00047 ( 1)  0.030
 216 W   0.32533 0.32250 0.26907 0.07883 0.00427 ( 1)  0.057
 217 T   0.32868 0.32563 0.26849 0.07344 0.00376 ( 1)  0.054
 218 F   0.34904 0.34452 0.26298 0.04241 0.00105 ( 1)  0.037
 219 A   0.33513 0.33164 0.26718 0.06327 0.00278 ( 1)  0.048
 220 G   0.36064 0.35485 0.25427 0.02960 0.00063 ( 1)  0.030
 221 G   0.36796 0.36134 0.24860 0.02178 0.00031 ( 1)  0.026
 222 C   0.35584 0.35065 0.25887 0.03397 0.00067 ( 1)  0.033
 223 E   0.35038 0.34569 0.26172 0.04112 0.00108 ( 1)  0.036
 224 S   0.32481 0.32200 0.26896 0.07977 0.00447 ( 1)  0.058
 225 L   0.31395 0.31171 0.26869 0.09841 0.00724 ( 1)  0.069
 226 L   0.31287 0.31068 0.26857 0.10030 0.00758 ( 1)  0.070
 227 D   0.37308 0.36580 0.24364 0.01728 0.00020 ( 1)  0.024
 228 L   0.35654 0.35127 0.25828 0.03325 0.00066 ( 1)  0.032
 229 F   0.34904 0.34452 0.26298 0.04241 0.00105 ( 1)  0.037
 230 E   0.35038 0.34569 0.26172 0.04112 0.00108 ( 1)  0.036
 231 N   0.36891 0.36222 0.24826 0.02036 0.00024 ( 1)  0.025
 232 G   0.36796 0.36134 0.24860 0.02178 0.00031 ( 1)  0.026
 233 N   0.36933 0.36259 0.24788 0.01997 0.00023 ( 1)  0.025
 234 Y   0.36172 0.35590 0.25463 0.02733 0.00043 ( 1)  0.029
 235 R   0.33616 0.33257 0.26657 0.06192 0.00278 ( 1)  0.048
 236 R   0.32799 0.32497 0.26835 0.07470 0.00399 ( 1)  0.055
 237 R   0.33518 0.33164 0.26641 0.06364 0.00312 ( 1)  0.049
 238 R   0.33147 0.32817 0.26702 0.06952 0.00383 ( 1)  0.052
 239 R   0.33477 0.33129 0.26709 0.06395 0.00290 ( 1)  0.049
 240 R   0.00003 0.01874 0.32791 0.59371 0.05962 ( 4)  0.348
 241 R   0.34474 0.34042 0.26285 0.05011 0.00189 ( 1)  0.041
 242 G   0.37308 0.36579 0.24358 0.01736 0.00020 ( 1)  0.024
 243 -   0.23341 0.23341 0.23341 0.23341 0.06636 ( 4)  0.187
 244 -   0.23341 0.23341 0.23341 0.23341 0.06636 ( 4)  0.187
 245 -   0.23341 0.23341 0.23341 0.23341 0.06636 ( 4)  0.187
 246 -   0.23341 0.23341 0.23341 0.23341 0.06636 ( 4)  0.187
 247 -   0.23341 0.23341 0.23341 0.23341 0.06636 ( 4)  0.187
 248 -   0.23341 0.23341 0.23341 0.23341 0.06636 ( 4)  0.187
 249 -   0.23341 0.23341 0.23341 0.23341 0.06636 ( 3)  0.187
 250 -   0.23341 0.23341 0.23341 0.23341 0.06636 ( 4)  0.187
 251 -   0.23341 0.23341 0.23341 0.23341 0.06636 ( 3)  0.187
 252 -   0.23341 0.23341 0.23341 0.23341 0.06636 ( 4)  0.187
 253 -   0.23341 0.23341 0.23341 0.23341 0.06636 ( 3)  0.187
 254 P   0.36565 0.35933 0.25092 0.02374 0.00036 ( 1)  0.027
 255 K   0.00000 0.00000 0.00552 0.64959 0.34489 ( 4)  0.639
 256 -   0.23341 0.23341 0.23341 0.23341 0.06636 ( 4)  0.187
 257 -   0.23341 0.23341 0.23341 0.23341 0.06636 ( 4)  0.187
 258 -   0.23341 0.23341 0.23341 0.23341 0.06636 ( 3)  0.187
 259 -   0.23341 0.23341 0.23341 0.23341 0.06636 ( 4)  0.187
 260 -   0.23341 0.23341 0.23341 0.23341 0.06636 ( 4)  0.187
 261 -   0.23341 0.23341 0.23341 0.23341 0.06636 ( 3)  0.187
 262 -   0.23341 0.23341 0.23341 0.23341 0.06636 ( 4)  0.187
 263 -   0.23341 0.23341 0.23341 0.23341 0.06636 ( 3)  0.187
 264 -   0.23341 0.23341 0.23341 0.23341 0.06636 ( 4)  0.187
 265 -   0.23341 0.23341 0.23341 0.23341 0.06636 ( 4)  0.187
 266 -   0.23341 0.23341 0.23341 0.23341 0.06636 ( 4)  0.187
 267 -   0.23341 0.23341 0.23341 0.23341 0.06636 ( 4)  0.187
 268 -   0.23341 0.23341 0.23341 0.23341 0.06636 ( 3)  0.187
 269 -   0.23341 0.23341 0.23341 0.23341 0.06636 ( 4)  0.187
 270 -   0.23341 0.23341 0.23341 0.23341 0.06636 ( 4)  0.187
 271 -   0.23341 0.23341 0.23341 0.23341 0.06636 ( 4)  0.187
 272 -   0.23341 0.23341 0.23341 0.23341 0.06636 ( 4)  0.187
 273 -   0.23341 0.23341 0.23341 0.23341 0.06636 ( 4)  0.187
 274 -   0.23341 0.23341 0.23341 0.23341 0.06636 ( 4)  0.187
 275 -   0.23341 0.23341 0.23341 0.23341 0.06636 ( 3)  0.187
 276 -   0.23341 0.23341 0.23341 0.23341 0.06636 ( 4)  0.187
 277 -   0.23341 0.23341 0.23341 0.23341 0.06636 ( 3)  0.187
 278 -   0.23341 0.23341 0.23341 0.23341 0.06636 ( 3)  0.187
 279 -   0.23341 0.23341 0.23341 0.23341 0.06636 ( 4)  0.187
 280 -   0.23341 0.23341 0.23341 0.23341 0.06636 ( 4)  0.187
 281 -   0.23341 0.23341 0.23341 0.23341 0.06636 ( 1)  0.187
 282 -   0.23341 0.23341 0.23341 0.23341 0.06636 ( 4)  0.187
 283 -   0.23341 0.23341 0.23341 0.23341 0.06636 ( 1)  0.187
 284 -   0.23341 0.23341 0.23341 0.23341 0.06636 ( 1)  0.187
 285 -   0.23341 0.23341 0.23341 0.23341 0.06636 ( 4)  0.187
 286 -   0.23341 0.23341 0.23341 0.23341 0.06636 ( 4)  0.187
 287 -   0.23341 0.23341 0.23341 0.23341 0.06636 ( 4)  0.187
 288 R   0.00006 0.04218 0.61181 0.33718 0.00877 ( 3)  0.198
 289 E   0.00000 0.00032 0.11075 0.80808 0.08085 ( 4)  0.453
 290 G   0.00000 0.00018 0.06695 0.79136 0.14151 ( 4)  0.504
 291 -   0.00001 0.00776 0.15252 0.62929 0.21041 ( 4)  0.505
 292 -   0.28912 0.28761 0.25868 0.14094 0.02365 ( 1)  0.104
 293 -   0.00000 0.00003 0.01366 0.55656 0.42975 ( 4)  0.683
 294 -   0.00001 0.00685 0.13822 0.64254 0.21238 ( 4)  0.512
 295 -   0.00000 0.00009 0.03615 0.70837 0.25539 ( 4)  0.578
 296 -   0.28811 0.28679 0.26092 0.14357 0.02061 ( 1)  0.102
 297 -   0.00001 0.00839 0.16419 0.64080 0.18660 ( 4)  0.487
 298 -   0.00001 0.01068 0.20107 0.63362 0.15462 ( 4)  0.454
 299 -   0.00001 0.00802 0.15755 0.63826 0.19616 ( 4)  0.495
 300 -   0.30539 0.30341 0.26545 0.11355 0.01221 ( 1)  0.080
 301 -   0.29880 0.29708 0.26389 0.12501 0.01522 ( 1)  0.088
 302 -   0.00001 0.00813 0.16008 0.64382 0.18797 ( 4)  0.489
 303 -   0.00001 0.00660 0.13378 0.63995 0.21966 ( 4)  0.517
 304 -   0.00001 0.00417 0.08893 0.59319 0.31369 ( 4)  0.588
 305 -   0.00000 0.00004 0.01646 0.56937 0.41413 ( 4)  0.673
 306 -   0.00002 0.01132 0.21344 0.64345 0.13177 ( 4)  0.436
 307 -   0.00000 0.00005 0.02118 0.61444 0.36433 ( 4)  0.644
 308 -   0.00001 0.00697 0.14020 0.64016 0.21266 ( 4)  0.511
 309 -   0.00001 0.00560 0.11531 0.62057 0.25852 ( 4)  0.546
 310 -   0.24799 0.24774 0.24265 0.21144 0.05018 ( 1)  0.161
 311 -   0.00001 0.00666 0.13449 0.63581 0.22304 ( 4)  0.519
 312 -   0.00001 0.00674 0.13585 0.63630 0.22111 ( 4)  0.517
 313 -   0.00001 0.00948 0.18319 0.64689 0.16043 ( 4)  0.464
 314 -   0.30967 0.30752 0.26655 0.10613 0.01013 ( 1)  0.075
 315 -   0.26347 0.26287 0.25078 0.18584 0.03705 ( 1)  0.137
 316 -   0.29620 0.29456 0.26297 0.12967 0.01659 ( 1)  0.092
 317 -   0.24449 0.24431 0.24060 0.21696 0.05365 ( 1)  0.167
 318 -   0.32445 0.32138 0.26468 0.08218 0.00732 ( 1)  0.061
 319 -   0.31927 0.31649 0.26482 0.09065 0.00876 ( 1)  0.067
 320 -   0.29286 0.29138 0.26261 0.13533 0.01783 ( 1)  0.096
 321 -   0.00001 0.00558 0.11272 0.59580 0.28589 ( 4)  0.562
 322 -   0.00001 0.00722 0.14454 0.64266 0.20557 ( 4)  0.505
 323 -   0.30876 0.30655 0.26476 0.10801 0.01192 ( 1)  0.078
 324 -   0.26247 0.26190 0.25055 0.18750 0.03758 ( 1)  0.138
 325 -   0.26252 0.26195 0.25056 0.18758 0.03739 ( 1)  0.138
 326 -   0.00000 0.00361 0.07811 0.57301 0.34525 ( 4)  0.609
 327 -   0.26017 0.25967 0.24949 0.19165 0.03903 ( 1)  0.141
 328 -   0.00001 0.00591 0.12102 0.62735 0.24572 ( 4)  0.537
 329 -   0.26502 0.26438 0.25146 0.18320 0.03594 ( 1)  0.135
 330 -   0.31240 0.31002 0.26509 0.10181 0.01068 ( 1)  0.074
 331 -   0.32148 0.31870 0.26667 0.08627 0.00688 ( 1)  0.063
 332 -   0.28162 0.28051 0.25861 0.15479 0.02447 ( 1)  0.111
 333 -   0.00001 0.00826 0.16186 0.64102 0.18885 ( 4)  0.489
 334 -   0.00000 0.00000 0.00280 0.49854 0.49866 ( 5)  0.725
 335 -   0.28587 0.28463 0.26032 0.14746 0.02171 ( 1)  0.105
 336 -   0.00001 0.00709 0.14197 0.63863 0.21230 ( 4)  0.510
 337 -   0.00001 0.00821 0.16150 0.64531 0.18497 ( 4)  0.487
 338 -   0.29286 0.29138 0.26261 0.13533 0.01783 ( 1)  0.096
 339 -   0.30809 0.30585 0.26362 0.10944 0.01299 ( 1)  0.079
 340 -   0.30357 0.30166 0.26504 0.11669 0.01304 ( 1)  0.083
 341 -   0.00001 0.00708 0.14347 0.64789 0.20155 ( 4)  0.504
 342 -   0.00000 0.00007 0.02829 0.66379 0.30785 ( 4)  0.610
 343 -   0.31026 0.30812 0.26712 0.10505 0.00945 ( 1)  0.074
 344 -   0.30149 0.29972 0.26541 0.12037 0.01301 ( 1)  0.084
 345 -   0.30578 0.30385 0.26672 0.11284 0.01080 ( 1)  0.079
 346 -   0.32148 0.31870 0.26667 0.08627 0.00688 ( 1)  0.063
 347 -   0.24925 0.24898 0.24358 0.20968 0.04852 ( 1)  0.159
 348 -   0.32445 0.32138 0.26468 0.08218 0.00732 ( 1)  0.061
 349 -   0.31595 0.31348 0.26687 0.09549 0.00822 ( 1)  0.068
 350 -   0.31026 0.30812 0.26712 0.10505 0.00945 ( 1)  0.074
 351 -   0.31105 0.30883 0.26641 0.10378 0.00993 ( 1)  0.074
 352 -   0.29190 0.29047 0.26260 0.13725 0.01777 ( 1)  0.096
 353 -   0.28371 0.28255 0.25971 0.15145 0.02259 ( 1)  0.107
 354 -   0.29309 0.29160 0.26249 0.13507 0.01774 ( 1)  0.095
 355 -   0.00002 0.01412 0.25592 0.62122 0.10872 ( 4)  0.405
 356 -   0.30965 0.30742 0.26516 0.10637 0.01139 ( 1)  0.076
 357 -   0.24599 0.24578 0.24155 0.21469 0.05198 ( 1)  0.164
 358 -   0.00001 0.00706 0.14112 0.63417 0.21764 ( 4)  0.513
 359 -   0.29880 0.29708 0.26389 0.12501 0.01522 ( 1)  0.088
 360 -   0.23341 0.23341 0.23341 0.23341 0.06636 ( 4)  0.187
 361 -   0.23341 0.23341 0.23341 0.23341 0.06636 ( 3)  0.187
 362 -   0.23341 0.23341 0.23341 0.23341 0.06636 ( 4)  0.187
 363 -   0.23341 0.23341 0.23341 0.23341 0.06636 ( 4)  0.187
 364 -   0.23341 0.23341 0.23341 0.23341 0.06636 ( 4)  0.187
 365 -   0.30965 0.30742 0.26516 0.10637 0.01139 ( 1)  0.076
 366 -   0.00001 0.00641 0.12969 0.62870 0.23519 ( 4)  0.528
 367 -   0.00001 0.00785 0.15370 0.62576 0.21267 ( 4)  0.505
 368 -   0.00000 0.00002 0.01092 0.49221 0.49684 ( 5)  0.720
 369 -   0.28358 0.28236 0.25847 0.15096 0.02464 ( 1)  0.109
 370 -   0.00001 0.00427 0.09055 0.59228 0.31290 ( 4)  0.587
 371 -   0.30539 0.30341 0.26545 0.11355 0.01221 ( 1)  0.080
 372 -   0.31927 0.31649 0.26482 0.09065 0.00876 ( 1)  0.067
 373 -   0.24934 0.24905 0.24317 0.20887 0.04957 ( 1)  0.159
 374 -   0.00002 0.01139 0.21067 0.62192 0.15600 ( 4)  0.450
 375 -   0.30357 0.30166 0.26504 0.11669 0.01304 ( 1)  0.083
 376 -   0.00000 0.00001 0.00347 0.38131 0.61521 ( 5)  0.788
 377 -   0.28278 0.28168 0.25994 0.15322 0.02237 ( 1)  0.108
 378 -   0.00001 0.00850 0.16635 0.64441 0.18073 ( 4)  0.483
 379 -   0.31240 0.31002 0.26509 0.10181 0.01068 ( 1)  0.074
 380 -   0.00001 0.00697 0.14020 0.64016 0.21266 ( 4)  0.511
 381 -   0.00001 0.01004 0.19182 0.64337 0.15476 ( 4)  0.458
 382 -   0.00000 0.00004 0.01695 0.57980 0.40321 ( 4)  0.667
 383 -   0.32255 0.31970 0.26635 0.08464 0.00676 ( 1)  0.062
 384 -   0.31105 0.30883 0.26641 0.10378 0.00993 ( 1)  0.074
 385 -   0.32147 0.31860 0.26520 0.08681 0.00793 ( 1)  0.064
 386 -   0.26913 0.26842 0.25432 0.17702 0.03111 ( 1)  0.127
 387 -   0.28691 0.28569 0.26175 0.14615 0.01951 ( 1)  0.102
 388 -   0.00001 0.00545 0.11262 0.61884 0.26308 ( 4)  0.550
 389 L   0.00000 0.00000 0.00037 0.39760 0.60203 ( 5)  0.782
 390 R   0.29252 0.29114 0.26404 0.13635 0.01595 ( 1)  0.094
 391 G   0.26432 0.26371 0.25143 0.18466 0.03588 ( 1)  0.135
 392 P   0.28582 0.28466 0.26162 0.14814 0.01976 ( 1)  0.103
 393 R   0.00001 0.00731 0.14635 0.64447 0.20186 ( 4)  0.502
 394 A   0.28829 0.28705 0.26248 0.14377 0.01840 ( 1)  0.100
 395 G   0.28568 0.28451 0.26137 0.14833 0.02012 ( 1)  0.104
 396 G   0.00001 0.01084 0.20667 0.65316 0.12931 ( 4)  0.437
 397 V   0.00001 0.00941 0.18279 0.65453 0.15325 ( 4)  0.461
 398 Q   0.28886 0.28760 0.26277 0.14282 0.01796 ( 1)  0.099
 399 G   0.29422 0.29277 0.26435 0.13329 0.01537 ( 1)  0.092
 400 P   0.00001 0.00915 0.17848 0.65555 0.15681 ( 4)  0.464
 401 P   0.00000 0.00003 0.01481 0.55298 0.43217 ( 4)  0.683
 402 G   0.24684 0.24662 0.24211 0.21342 0.05101 ( 1)  0.163
 403 P   0.28582 0.28466 0.26162 0.14814 0.01976 ( 1)  0.103
 404 P   0.00000 0.00005 0.02063 0.61766 0.36166 ( 4)  0.643
 405 E   0.00001 0.00957 0.18551 0.65448 0.15043 ( 4)  0.458
 406 P   0.28582 0.28466 0.26162 0.14814 0.01976 ( 1)  0.103
 407 A   0.00000 0.00006 0.02663 0.66589 0.30741 ( 4)  0.611
 408 A   0.00001 0.01071 0.20452 0.65379 0.13098 ( 4)  0.439
 409 G   0.00001 0.00756 0.15083 0.64780 0.19380 ( 4)  0.496
 410 Q   0.28297 0.28190 0.26052 0.15314 0.02146 ( 1)  0.107
 411 G   0.29422 0.29277 0.26435 0.13329 0.01537 ( 1)  0.092
 412 S   0.00000 0.00005 0.02095 0.61734 0.36166 ( 4)  0.642
 413 L   0.27776 0.27684 0.25849 0.16232 0.02460 ( 1)  0.114
 414 A   0.28828 0.28702 0.26223 0.14376 0.01871 ( 1)  0.100
 415 P   0.00001 0.00698 0.14075 0.64520 0.20706 ( 4)  0.508
 416 D   0.32015 0.31755 0.26830 0.08796 0.00604 ( 1)  0.063
 417 S   0.31549 0.31316 0.26855 0.09579 0.00701 ( 1)  0.067
 418 A   0.24524 0.24504 0.24112 0.21589 0.05271 ( 1)  0.166
 419 G   0.30276 0.30098 0.26634 0.11820 0.01172 ( 1)  0.082
 420 E   0.30019 0.29852 0.26602 0.12270 0.01256 ( 1)  0.085
 421 S   0.00002 0.01268 0.23588 0.64201 0.10941 ( 4)  0.414
 422 A   0.00001 0.01113 0.21155 0.65268 0.12463 ( 4)  0.433
 423 P   0.00001 0.00694 0.14002 0.64558 0.20746 ( 4)  0.508
 424 G   0.26796 0.26725 0.25316 0.17854 0.03310 ( 1)  0.130
 425 R   0.28589 0.28469 0.26115 0.14789 0.02038 ( 1)  0.104
 426 D   0.00002 0.01127 0.21383 0.65229 0.12260 ( 4)  0.431
 427 P   0.00001 0.01058 0.20220 0.65177 0.13543 ( 4)  0.443
 428 H   0.24234 0.24220 0.23931 0.22031 0.05583 ( 1)  0.171
 429 A   0.27051 0.26978 0.25521 0.17483 0.02967 ( 1)  0.125
 430 S   0.00001 0.00613 0.12559 0.63690 0.23137 ( 4)  0.527
 431 P   0.30539 0.30350 0.26696 0.11352 0.01064 ( 1)  0.079
 432 A   0.30837 0.30635 0.26739 0.10829 0.00960 ( 1)  0.075
 433 S   0.31549 0.31316 0.26855 0.09579 0.00701 ( 1)  0.067
 434 P   0.30539 0.30350 0.26696 0.11352 0.01064 ( 1)  0.079
 435 A   0.00001 0.00872 0.17087 0.65201 0.16839 ( 4)  0.474
 436 P   0.00000 0.00005 0.02249 0.63432 0.34314 ( 4)  0.632
 437 P   0.00001 0.00730 0.14637 0.64692 0.19940 ( 4)  0.501
 438 G   0.28612 0.28494 0.26152 0.14754 0.01988 ( 1)  0.103
 439 K   0.29565 0.29416 0.26499 0.13079 0.01442 ( 1)  0.090
 440 E   0.30019 0.29852 0.26602 0.12270 0.01256 ( 1)  0.085
 441 H   0.00000 0.00007 0.02727 0.66901 0.30365 ( 4)  0.608
 442 S   0.00001 0.00882 0.17244 0.65083 0.16790 ( 4)  0.473
 443 R   0.28804 0.28680 0.26232 0.14420 0.01864 ( 1)  0.100
 444 D   0.32015 0.31755 0.26830 0.08796 0.00604 ( 1)  0.063
 445 L   0.30541 0.30353 0.26724 0.11346 0.01037 ( 1)  0.079
 446 K   0.29565 0.29416 0.26499 0.13079 0.01442 ( 1)  0.090
 447 F   0.29914 0.29753 0.26607 0.12459 0.01267 ( 1)  0.086
 448 S   0.31549 0.31316 0.26855 0.09579 0.00701 ( 1)  0.067
 449 I   0.30371 0.30192 0.26708 0.11646 0.01083 ( 1)  0.080
 450 D   0.32015 0.31755 0.26830 0.08796 0.00604 ( 1)  0.063
 451 Y   0.30994 0.30786 0.26800 0.10548 0.00871 ( 1)  0.073
 452 I   0.30371 0.30192 0.26708 0.11646 0.01083 ( 1)  0.080
 453 L   0.28380 0.28270 0.26076 0.15165 0.02109 ( 1)  0.106
 454 S   0.30373 0.30193 0.26697 0.11643 0.01095 ( 1)  0.080
 455 S   0.30373 0.30193 0.26697 0.11643 0.01095 ( 1)  0.080
 456 P   0.24372 0.24356 0.24017 0.21821 0.05434 ( 1)  0.168
 457 D   0.32015 0.31755 0.26830 0.08796 0.00604 ( 1)  0.063
 458 P   0.30539 0.30350 0.26696 0.11352 0.01064 ( 1)  0.079
 459 F   0.29009 0.28880 0.26329 0.14069 0.01714 ( 1)  0.097
 460 P   0.28496 0.28381 0.26113 0.14966 0.02044 ( 1)  0.105
 461 G   0.27278 0.27197 0.25578 0.17056 0.02892 ( 1)  0.122
 462 L   0.00001 0.01036 0.19892 0.65579 0.13492 ( 4)  0.444
 463 K   0.29565 0.29416 0.26499 0.13079 0.01442 ( 1)  0.090
 464 P   0.28536 0.28421 0.26144 0.14895 0.02004 ( 1)  0.104
 465 P   0.30539 0.30350 0.26696 0.11352 0.01064 ( 1)  0.079
 466 C   0.00001 0.00953 0.18502 0.65632 0.14911 ( 4)  0.457
 467 L   0.00001 0.00916 0.17872 0.65608 0.15603 ( 4)  0.464
 468 A   0.24326 0.24310 0.23988 0.21891 0.05485 ( 1)  0.169
 469 Q   0.00001 0.00751 0.15009 0.64858 0.19380 ( 4)  0.496
 470 E   0.30019 0.29852 0.26602 0.12270 0.01256 ( 1)  0.085
 471 G   0.31544 0.31308 0.26809 0.09603 0.00736 ( 1)  0.068
 472 -   0.23341 0.23341 0.23341 0.23341 0.06636 ( 4)  0.187
 473 -   0.23341 0.23341 0.23341 0.23341 0.06636 ( 4)  0.187
 474 -   0.23341 0.23341 0.23341 0.23341 0.06636 ( 4)  0.187
 475 -   0.23341 0.23341 0.23341 0.23341 0.06636 ( 4)  0.187
 476 -   0.23341 0.23341 0.23341 0.23341 0.06636 ( 4)  0.187
 477 R   0.25072 0.25043 0.24450 0.20741 0.04693 ( 1)  0.156
 478 Y   0.30040 0.29872 0.26598 0.12234 0.01257 ( 1)  0.085
 479 A   0.00000 0.00003 0.01323 0.53131 0.45543 ( 4)  0.697
 480 P   0.00001 0.00773 0.15376 0.64916 0.18934 ( 4)  0.493
 481 L   0.00001 0.00658 0.13350 0.64129 0.21863 ( 4)  0.517
 482 E   0.30019 0.29852 0.26602 0.12270 0.01256 ( 1)  0.085
 483 N   0.31525 0.31292 0.26843 0.09625 0.00715 ( 1)  0.068
 484 V   0.28814 0.28691 0.26258 0.14411 0.01827 ( 1)  0.100
 485 G   0.30782 0.30580 0.26697 0.10934 0.01008 ( 1)  0.076
 486 L   0.30541 0.30353 0.26724 0.11346 0.01037 ( 1)  0.079
 487 H   0.31697 0.31454 0.26829 0.09334 0.00685 ( 1)  0.066
 488 F   0.24592 0.24572 0.24157 0.21487 0.05192 ( 1)  0.164
 489 W   0.28130 0.28028 0.26005 0.15619 0.02218 ( 1)  0.109
 490 T   0.24653 0.24631 0.24192 0.21390 0.05134 ( 1)  0.163
 491 M   0.28810 0.28688 0.26269 0.14422 0.01811 ( 1)  0.100
 492 -   0.23341 0.23341 0.23341 0.23341 0.06636 ( 3)  0.187
 493 -   0.23341 0.23341 0.23341 0.23341 0.06636 ( 4)  0.187
 494 -   0.23341 0.23341 0.23341 0.23341 0.06636 ( 4)  0.187
 495 -   0.23341 0.23341 0.23341 0.23341 0.06636 ( 4)  0.187
 496 -   0.23341 0.23341 0.23341 0.23341 0.06636 ( 4)  0.187
 497 -   0.23341 0.23341 0.23341 0.23341 0.06636 ( 4)  0.187
 498 -   0.23341 0.23341 0.23341 0.23341 0.06636 ( 4)  0.187
 499 -   0.23341 0.23341 0.23341 0.23341 0.06636 ( 3)  0.187
 500 -   0.23341 0.23341 0.23341 0.23341 0.06636 ( 4)  0.187
 501 -   0.23341 0.23341 0.23341 0.23341 0.06636 ( 4)  0.187
 502 -   0.23341 0.23341 0.23341 0.23341 0.06636 ( 1)  0.187
 503 -   0.23341 0.23341 0.23341 0.23341 0.06636 ( 1)  0.187
 504 -   0.23341 0.23341 0.23341 0.23341 0.06636 ( 3)  0.187
 505 -   0.23341 0.23341 0.23341 0.23341 0.06636 ( 4)  0.187
 506 -   0.23341 0.23341 0.23341 0.23341 0.06636 ( 4)  0.187
 507 -   0.23341 0.23341 0.23341 0.23341 0.06636 ( 4)  0.187
 508 -   0.23341 0.23341 0.23341 0.23341 0.06636 ( 4)  0.187
 509 -   0.23341 0.23341 0.23341 0.23341 0.06636 ( 4)  0.187
 510 -   0.23341 0.23341 0.23341 0.23341 0.06636 ( 4)  0.187
 511 -   0.23341 0.23341 0.23341 0.23341 0.06636 ( 4)  0.187
 512 -   0.23341 0.23341 0.23341 0.23341 0.06636 ( 4)  0.187
 513 -   0.23341 0.23341 0.23341 0.23341 0.06636 ( 1)  0.187
 514 -   0.23341 0.23341 0.23341 0.23341 0.06636 ( 4)  0.187
 515 -   0.23341 0.23341 0.23341 0.23341 0.06636 ( 4)  0.187
 516 -   0.23341 0.23341 0.23341 0.23341 0.06636 ( 4)  0.187
 517 -   0.23341 0.23341 0.23341 0.23341 0.06636 ( 4)  0.187
 518 -   0.23341 0.23341 0.23341 0.23341 0.06636 ( 4)  0.187
 519 -   0.23341 0.23341 0.23341 0.23341 0.06636 ( 4)  0.187
 520 -   0.23341 0.23341 0.23341 0.23341 0.06636 ( 4)  0.187
 521 -   0.23341 0.23341 0.23341 0.23341 0.06636 ( 4)  0.187
 522 -   0.23341 0.23341 0.23341 0.23341 0.06636 ( 4)  0.187
 523 -   0.23341 0.23341 0.23341 0.23341 0.06636 ( 4)  0.187
 524 -   0.23341 0.23341 0.23341 0.23341 0.06636 ( 4)  0.187
 525 -   0.23341 0.23341 0.23341 0.23341 0.06636 ( 4)  0.187
 526 -   0.23341 0.23341 0.23341 0.23341 0.06636 ( 3)  0.187
 527 -   0.23341 0.23341 0.23341 0.23341 0.06636 ( 4)  0.187
 528 -   0.23341 0.23341 0.23341 0.23341 0.06636 ( 4)  0.187
 529 -   0.23341 0.23341 0.23341 0.23341 0.06636 ( 4)  0.187
 530 -   0.23341 0.23341 0.23341 0.23341 0.06636 ( 4)  0.187
 531 -   0.23341 0.23341 0.23341 0.23341 0.06636 ( 4)  0.187
 532 -   0.23341 0.23341 0.23341 0.23341 0.06636 ( 4)  0.187
 533 -   0.23341 0.23341 0.23341 0.23341 0.06636 ( 3)  0.187
 534 -   0.23341 0.23341 0.23341 0.23341 0.06636 ( 4)  0.187
 535 -   0.23341 0.23341 0.23341 0.23341 0.06636 ( 4)  0.187
 536 -   0.23341 0.23341 0.23341 0.23341 0.06636 ( 4)  0.187
 537 -   0.23341 0.23341 0.23341 0.23341 0.06636 ( 4)  0.187
 538 -   0.23341 0.23341 0.23341 0.23341 0.06636 ( 4)  0.187
 539 -   0.23341 0.23341 0.23341 0.23341 0.06636 ( 4)  0.187
 540 -   0.23341 0.23341 0.23341 0.23341 0.06636 ( 4)  0.187
 541 -   0.23341 0.23341 0.23341 0.23341 0.06636 ( 4)  0.187
 542 -   0.23341 0.23341 0.23341 0.23341 0.06636 ( 4)  0.187
 543 -   0.23341 0.23341 0.23341 0.23341 0.06636 ( 4)  0.187
 544 -   0.23341 0.23341 0.23341 0.23341 0.06636 ( 4)  0.187
 545 -   0.23341 0.23341 0.23341 0.23341 0.06636 ( 4)  0.187
 546 -   0.23341 0.23341 0.23341 0.23341 0.06636 ( 4)  0.187
 547 -   0.23341 0.23341 0.23341 0.23341 0.06636 ( 4)  0.187

Positively selected sites

	Prob(w>1)  mean w



lnL = -3443.689208

Bayes Empirical Bayes (BEB) probabilities for 11 classes (class) & postmean_w
(amino acids refer to 1st sequence: chlSab_FOXL3_XM_008018930)

   1 -   0.73619 0.05605 0.03490 0.02578 0.02065 0.01739 0.01521 0.01378 0.01312 0.01599 0.05094 ( 1)  0.209 +-  0.380
   2 -   0.73619 0.05605 0.03490 0.02578 0.02065 0.01739 0.01521 0.01378 0.01312 0.01599 0.05094 ( 1)  0.209 +-  0.380
   3 -   0.73619 0.05605 0.03490 0.02578 0.02065 0.01739 0.01521 0.01378 0.01312 0.01599 0.05094 ( 1)  0.209 +-  0.380
   4 -   0.73619 0.05605 0.03490 0.02578 0.02065 0.01739 0.01521 0.01378 0.01312 0.01599 0.05094 ( 1)  0.209 +-  0.380
   5 -   0.73619 0.05605 0.03490 0.02578 0.02065 0.01739 0.01521 0.01378 0.01312 0.01599 0.05094 ( 1)  0.209 +-  0.380
   6 -   0.73619 0.05605 0.03490 0.02578 0.02065 0.01739 0.01521 0.01378 0.01312 0.01599 0.05094 ( 1)  0.209 +-  0.380
   7 -   0.73619 0.05605 0.03490 0.02578 0.02065 0.01739 0.01521 0.01378 0.01312 0.01599 0.05094 ( 1)  0.209 +-  0.380
   8 -   0.73619 0.05605 0.03490 0.02578 0.02065 0.01739 0.01521 0.01378 0.01312 0.01599 0.05094 ( 1)  0.209 +-  0.380
   9 -   0.73619 0.05605 0.03490 0.02578 0.02065 0.01739 0.01521 0.01378 0.01312 0.01599 0.05094 ( 1)  0.209 +-  0.380
  10 -   0.73619 0.05605 0.03490 0.02578 0.02065 0.01739 0.01521 0.01378 0.01312 0.01599 0.05094 ( 1)  0.209 +-  0.380
  11 -   0.73619 0.05605 0.03490 0.02578 0.02065 0.01739 0.01521 0.01378 0.01312 0.01599 0.05094 ( 1)  0.209 +-  0.380
  12 -   0.73619 0.05605 0.03490 0.02578 0.02065 0.01739 0.01521 0.01378 0.01312 0.01599 0.05094 ( 1)  0.209 +-  0.380
  13 -   0.73619 0.05605 0.03490 0.02578 0.02065 0.01739 0.01521 0.01378 0.01312 0.01599 0.05094 ( 1)  0.209 +-  0.380
  14 -   0.73619 0.05605 0.03490 0.02578 0.02065 0.01739 0.01521 0.01378 0.01312 0.01599 0.05094 ( 1)  0.209 +-  0.380
  15 -   0.73619 0.05605 0.03490 0.02578 0.02065 0.01739 0.01521 0.01378 0.01312 0.01599 0.05094 ( 1)  0.209 +-  0.380
  16 -   0.73619 0.05605 0.03490 0.02578 0.02065 0.01739 0.01521 0.01378 0.01312 0.01599 0.05094 ( 1)  0.209 +-  0.380
  17 -   0.73619 0.05605 0.03490 0.02578 0.02065 0.01739 0.01521 0.01378 0.01312 0.01599 0.05094 ( 1)  0.209 +-  0.380
  18 -   0.73619 0.05605 0.03490 0.02578 0.02065 0.01739 0.01521 0.01378 0.01312 0.01599 0.05094 ( 1)  0.209 +-  0.380
  19 -   0.73619 0.05605 0.03490 0.02578 0.02065 0.01739 0.01521 0.01378 0.01312 0.01599 0.05094 ( 1)  0.209 +-  0.380
  20 -   0.73619 0.05605 0.03490 0.02578 0.02065 0.01739 0.01521 0.01378 0.01312 0.01599 0.05094 ( 1)  0.209 +-  0.380
  21 -   0.73619 0.05605 0.03490 0.02578 0.02065 0.01739 0.01521 0.01378 0.01312 0.01599 0.05094 ( 1)  0.209 +-  0.380
  22 -   0.73619 0.05605 0.03490 0.02578 0.02065 0.01739 0.01521 0.01378 0.01312 0.01599 0.05094 ( 1)  0.209 +-  0.380
  23 -   0.73619 0.05605 0.03490 0.02578 0.02065 0.01739 0.01521 0.01378 0.01312 0.01599 0.05094 ( 1)  0.209 +-  0.380
  24 -   0.73619 0.05605 0.03490 0.02578 0.02065 0.01739 0.01521 0.01378 0.01312 0.01599 0.05094 ( 1)  0.209 +-  0.380
  25 -   0.73619 0.05605 0.03490 0.02578 0.02065 0.01739 0.01521 0.01378 0.01312 0.01599 0.05094 ( 1)  0.209 +-  0.380
  26 -   0.73619 0.05605 0.03490 0.02578 0.02065 0.01739 0.01521 0.01378 0.01312 0.01599 0.05094 ( 1)  0.209 +-  0.380
  27 -   0.73619 0.05605 0.03490 0.02578 0.02065 0.01739 0.01521 0.01378 0.01312 0.01599 0.05094 ( 1)  0.209 +-  0.380
  28 -   0.73619 0.05605 0.03490 0.02578 0.02065 0.01739 0.01521 0.01378 0.01312 0.01599 0.05094 ( 1)  0.209 +-  0.380
  29 -   0.73619 0.05605 0.03490 0.02578 0.02065 0.01739 0.01521 0.01378 0.01312 0.01599 0.05094 ( 1)  0.209 +-  0.380
  30 -   0.73619 0.05605 0.03490 0.02578 0.02065 0.01739 0.01521 0.01378 0.01312 0.01599 0.05094 ( 1)  0.209 +-  0.380
  31 -   0.73619 0.05605 0.03490 0.02578 0.02065 0.01739 0.01521 0.01378 0.01312 0.01599 0.05094 ( 1)  0.209 +-  0.380
  32 -   0.73619 0.05605 0.03490 0.02578 0.02065 0.01739 0.01521 0.01378 0.01312 0.01599 0.05094 ( 1)  0.209 +-  0.380
  33 -   0.73619 0.05605 0.03490 0.02578 0.02065 0.01739 0.01521 0.01378 0.01312 0.01599 0.05094 ( 1)  0.209 +-  0.380
  34 -   0.73619 0.05605 0.03490 0.02578 0.02065 0.01739 0.01521 0.01378 0.01312 0.01599 0.05094 ( 1)  0.209 +-  0.380
  35 -   0.73619 0.05605 0.03490 0.02578 0.02065 0.01739 0.01521 0.01378 0.01312 0.01599 0.05094 ( 1)  0.209 +-  0.380
  36 -   0.73619 0.05605 0.03490 0.02578 0.02065 0.01739 0.01521 0.01378 0.01312 0.01599 0.05094 ( 1)  0.209 +-  0.380
  37 -   0.73619 0.05605 0.03490 0.02578 0.02065 0.01739 0.01521 0.01378 0.01312 0.01599 0.05094 ( 1)  0.209 +-  0.380
  38 -   0.73619 0.05605 0.03490 0.02578 0.02065 0.01739 0.01521 0.01378 0.01312 0.01599 0.05094 ( 1)  0.209 +-  0.380
  39 -   0.73619 0.05605 0.03490 0.02578 0.02065 0.01739 0.01521 0.01378 0.01312 0.01599 0.05094 ( 1)  0.209 +-  0.380
  40 -   0.73619 0.05605 0.03490 0.02578 0.02065 0.01739 0.01521 0.01378 0.01312 0.01599 0.05094 ( 1)  0.209 +-  0.380
  41 -   0.73619 0.05605 0.03490 0.02578 0.02065 0.01739 0.01521 0.01378 0.01312 0.01599 0.05094 ( 1)  0.209 +-  0.380
  42 -   0.73619 0.05605 0.03490 0.02578 0.02065 0.01739 0.01521 0.01378 0.01312 0.01599 0.05094 ( 1)  0.209 +-  0.380
  43 -   0.73619 0.05605 0.03490 0.02578 0.02065 0.01739 0.01521 0.01378 0.01312 0.01599 0.05094 ( 1)  0.209 +-  0.380
  44 -   0.73619 0.05605 0.03490 0.02578 0.02065 0.01739 0.01521 0.01378 0.01312 0.01599 0.05094 ( 1)  0.209 +-  0.380
  45 -   0.73619 0.05605 0.03490 0.02578 0.02065 0.01739 0.01521 0.01378 0.01312 0.01599 0.05094 ( 1)  0.209 +-  0.380
  46 -   0.73619 0.05605 0.03490 0.02578 0.02065 0.01739 0.01521 0.01378 0.01312 0.01599 0.05094 ( 1)  0.209 +-  0.380
  47 -   0.73619 0.05605 0.03490 0.02578 0.02065 0.01739 0.01521 0.01378 0.01312 0.01599 0.05094 ( 1)  0.209 +-  0.380
  48 -   0.73619 0.05605 0.03490 0.02578 0.02065 0.01739 0.01521 0.01378 0.01312 0.01599 0.05094 ( 1)  0.209 +-  0.380
  49 -   0.73619 0.05605 0.03490 0.02578 0.02065 0.01739 0.01521 0.01378 0.01312 0.01599 0.05094 ( 1)  0.209 +-  0.380
  50 -   0.73619 0.05605 0.03490 0.02578 0.02065 0.01739 0.01521 0.01378 0.01312 0.01599 0.05094 ( 1)  0.209 +-  0.380
  51 -   0.73619 0.05605 0.03490 0.02578 0.02065 0.01739 0.01521 0.01378 0.01312 0.01599 0.05094 ( 1)  0.209 +-  0.380
  52 -   0.73619 0.05605 0.03490 0.02578 0.02065 0.01739 0.01521 0.01378 0.01312 0.01599 0.05094 ( 1)  0.209 +-  0.380
  53 -   0.73619 0.05605 0.03490 0.02578 0.02065 0.01739 0.01521 0.01378 0.01312 0.01599 0.05094 ( 1)  0.209 +-  0.380
  54 -   0.73619 0.05605 0.03490 0.02578 0.02065 0.01739 0.01521 0.01378 0.01312 0.01599 0.05094 ( 1)  0.209 +-  0.380
  55 -   0.73619 0.05605 0.03490 0.02578 0.02065 0.01739 0.01521 0.01378 0.01312 0.01599 0.05094 ( 1)  0.209 +-  0.380
  56 -   0.73619 0.05605 0.03490 0.02578 0.02065 0.01739 0.01521 0.01378 0.01312 0.01599 0.05094 ( 1)  0.209 +-  0.380
  57 M   0.91786 0.04515 0.01811 0.00864 0.00449 0.00246 0.00140 0.00083 0.00052 0.00042 0.00013 ( 1)  0.066 +-  0.070
  58 F   0.81932 0.05651 0.03183 0.02128 0.01543 0.01177 0.00932 0.00765 0.00661 0.00734 0.01294 ( 1)  0.122 +-  0.223
  59 D   0.95001 0.03392 0.01001 0.00357 0.00140 0.00059 0.00026 0.00012 0.00006 0.00004 0.00001 ( 1)  0.058 +-  0.040
  60 S   0.48294 0.15353 0.12668 0.08880 0.05775 0.03620 0.02235 0.01383 0.00880 0.00707 0.00205 ( 1)  0.198 +-  0.204
  61 S   0.89542 0.04980 0.02262 0.01223 0.00720 0.00447 0.00289 0.00194 0.00138 0.00127 0.00079 ( 1)  0.075 +-  0.099
  62 Q   0.91934 0.04464 0.01772 0.00839 0.00433 0.00237 0.00135 0.00080 0.00050 0.00041 0.00014 ( 1)  0.066 +-  0.069
  63 Y   0.80829 0.05674 0.03254 0.02214 0.01634 0.01269 0.01023 0.00854 0.00751 0.00847 0.01651 ( 1)  0.132 +-  0.243
  64 P   0.93962 0.03812 0.01273 0.00511 0.00226 0.00106 0.00053 0.00028 0.00015 0.00011 0.00002 ( 1)  0.060 +-  0.049
  65 Y   0.94473 0.03627 0.01142 0.00431 0.00178 0.00078 0.00036 0.00018 0.00009 0.00006 0.00001 ( 1)  0.059 +-  0.044
  66 N   0.92681 0.04248 0.01595 0.00717 0.00352 0.00183 0.00100 0.00057 0.00034 0.00027 0.00007 ( 1)  0.064 +-  0.061
  67 C   0.94573 0.03589 0.01116 0.00416 0.00170 0.00074 0.00033 0.00016 0.00008 0.00005 0.00001 ( 1)  0.059 +-  0.043
  68 F   0.93264 0.04080 0.01457 0.00620 0.00288 0.00141 0.00072 0.00038 0.00022 0.00016 0.00003 ( 1)  0.062 +-  0.055
  69 N   0.84594 0.05534 0.02956 0.01875 0.01291 0.00935 0.00703 0.00549 0.00451 0.00477 0.00635 ( 1)  0.102 +-  0.176
  70 D   0.42487 0.14663 0.13113 0.09935 0.06963 0.04688 0.03099 0.02046 0.01384 0.01174 0.00448 ( 1)  0.233 +-  0.232
  71 D   0.94501 0.03590 0.01131 0.00432 0.00183 0.00083 0.00040 0.00020 0.00011 0.00008 0.00002 ( 1)  0.059 +-  0.045
  72 A   0.77458 0.09548 0.05434 0.03125 0.01813 0.01065 0.00637 0.00390 0.00251 0.00207 0.00072 ( 1)  0.104 +-  0.133
  73 D   0.95453 0.03184 0.00880 0.00295 0.00110 0.00044 0.00019 0.00008 0.00004 0.00003 0.00000 ( 1)  0.057 +-  0.037
  74 D   0.84024 0.08408 0.03908 0.01853 0.00896 0.00443 0.00225 0.00119 0.00066 0.00048 0.00010 ( 1)  0.081 +-  0.090
  75 Y   0.94473 0.03627 0.01142 0.00431 0.00178 0.00078 0.00036 0.00018 0.00009 0.00006 0.00001 ( 1)  0.059 +-  0.044
  76 P   0.91610 0.04522 0.01834 0.00892 0.00474 0.00268 0.00158 0.00098 0.00064 0.00055 0.00024 ( 1)  0.067 +-  0.074
  77 A   0.94208 0.03716 0.01209 0.00474 0.00205 0.00094 0.00046 0.00024 0.00013 0.00009 0.00002 ( 1)  0.060 +-  0.047
  78 G   0.44153 0.14789 0.12889 0.09560 0.06590 0.04386 0.02879 0.01897 0.01287 0.01101 0.00468 ( 1)  0.225 +-  0.230
  79 S   0.95031 0.03390 0.00994 0.00350 0.00136 0.00056 0.00024 0.00011 0.00005 0.00003 0.00000 ( 1)  0.058 +-  0.040
  80 S   0.93205 0.04091 0.01469 0.00630 0.00295 0.00147 0.00076 0.00041 0.00024 0.00018 0.00004 ( 1)  0.062 +-  0.056
  81 D   0.95001 0.03392 0.01001 0.00357 0.00140 0.00059 0.00026 0.00012 0.00006 0.00004 0.00001 ( 1)  0.058 +-  0.040
  82 E   0.55993 0.09532 0.07488 0.05905 0.04667 0.03708 0.02974 0.02425 0.02050 0.02187 0.03071 ( 1)  0.245 +-  0.328
  83 A   0.34065 0.13110 0.13018 0.10914 0.08445 0.06270 0.04566 0.03319 0.02470 0.02294 0.01530 ( 1)  0.300 +-  0.287
  84 K   0.73037 0.09986 0.06271 0.03950 0.02493 0.01583 0.01015 0.00663 0.00450 0.00389 0.00162 ( 1)  0.122 +-  0.162
  85 R   0.91982 0.04435 0.01753 0.00830 0.00430 0.00236 0.00136 0.00082 0.00053 0.00044 0.00019 ( 1)  0.066 +-  0.070
  86 L   0.93982 0.03817 0.01270 0.00507 0.00221 0.00103 0.00050 0.00025 0.00014 0.00010 0.00002 ( 1)  0.060 +-  0.049
  87 T   0.91620 0.04548 0.01844 0.00891 0.00469 0.00261 0.00151 0.00092 0.00059 0.00048 0.00018 ( 1)  0.067 +-  0.072
  88 R   0.91732 0.04504 0.01812 0.00871 0.00458 0.00255 0.00149 0.00091 0.00059 0.00049 0.00020 ( 1)  0.067 +-  0.072
  89 P   0.93962 0.03812 0.01273 0.00511 0.00226 0.00106 0.00053 0.00028 0.00015 0.00011 0.00002 ( 1)  0.060 +-  0.049
  90 A   0.91780 0.04497 0.01803 0.00864 0.00452 0.00250 0.00145 0.00088 0.00056 0.00047 0.00018 ( 1)  0.066 +-  0.071
  91 Y   0.94473 0.03627 0.01142 0.00431 0.00178 0.00078 0.00036 0.00018 0.00009 0.00006 0.00001 ( 1)  0.059 +-  0.044
  92 -   0.73619 0.05605 0.03490 0.02578 0.02065 0.01739 0.01521 0.01378 0.01312 0.01599 0.05094 ( 1)  0.209 +-  0.380
  93 -   0.73619 0.05605 0.03490 0.02578 0.02065 0.01739 0.01521 0.01378 0.01312 0.01599 0.05094 ( 1)  0.209 +-  0.380
  94 -   0.73619 0.05605 0.03490 0.02578 0.02065 0.01739 0.01521 0.01378 0.01312 0.01599 0.05094 ( 1)  0.209 +-  0.380
  95 S   0.95031 0.03390 0.00994 0.00350 0.00136 0.00056 0.00024 0.00011 0.00005 0.00003 0.00000 ( 1)  0.058 +-  0.040
  96 Y   0.94473 0.03627 0.01142 0.00431 0.00178 0.00078 0.00036 0.00018 0.00009 0.00006 0.00001 ( 1)  0.059 +-  0.044
  97 I   0.93801 0.03891 0.01319 0.00534 0.00236 0.00110 0.00054 0.00028 0.00015 0.00010 0.00002 ( 1)  0.060 +-  0.050
  98 A   0.94286 0.03686 0.01188 0.00462 0.00198 0.00091 0.00044 0.00022 0.00012 0.00009 0.00002 ( 1)  0.059 +-  0.047
  99 L   0.87393 0.05296 0.02619 0.01538 0.00981 0.00658 0.00459 0.00333 0.00254 0.00249 0.00219 ( 1)  0.085 +-  0.129
 100 I   0.93801 0.03891 0.01319 0.00534 0.00236 0.00110 0.00054 0.00028 0.00015 0.00010 0.00002 ( 1)  0.060 +-  0.050
 101 A   0.94286 0.03686 0.01188 0.00462 0.00198 0.00091 0.00044 0.00022 0.00012 0.00009 0.00002 ( 1)  0.059 +-  0.047
 102 M   0.91786 0.04515 0.01811 0.00864 0.00449 0.00246 0.00140 0.00083 0.00052 0.00042 0.00013 ( 1)  0.066 +-  0.070
 103 A   0.94286 0.03686 0.01188 0.00462 0.00198 0.00091 0.00044 0.00022 0.00012 0.00009 0.00002 ( 1)  0.059 +-  0.047
 104 I   0.83494 0.05596 0.03062 0.01989 0.01401 0.01038 0.00799 0.00638 0.00536 0.00579 0.00869 ( 1)  0.110 +-  0.195
 105 Q   0.91311 0.04614 0.01907 0.00941 0.00506 0.00288 0.00171 0.00106 0.00070 0.00059 0.00026 ( 1)  0.068 +-  0.077
 106 Q   0.91934 0.04464 0.01772 0.00839 0.00433 0.00237 0.00135 0.00080 0.00050 0.00041 0.00014 ( 1)  0.066 +-  0.069
 107 S   0.95031 0.03390 0.00994 0.00350 0.00136 0.00056 0.00024 0.00011 0.00005 0.00003 0.00000 ( 1)  0.058 +-  0.040
 108 P   0.92777 0.04210 0.01569 0.00701 0.00343 0.00178 0.00097 0.00056 0.00034 0.00027 0.00008 ( 1)  0.063 +-  0.061
 109 A   0.92088 0.04410 0.01731 0.00813 0.00418 0.00227 0.00130 0.00077 0.00049 0.00040 0.00015 ( 1)  0.065 +-  0.068
 110 G   0.94012 0.03785 0.01258 0.00505 0.00223 0.00106 0.00053 0.00028 0.00016 0.00012 0.00003 ( 1)  0.060 +-  0.049
 111 R   0.92397 0.04340 0.01666 0.00763 0.00381 0.00201 0.00111 0.00064 0.00039 0.00031 0.00009 ( 1)  0.064 +-  0.064
 112 V   0.91776 0.04509 0.01809 0.00865 0.00451 0.00248 0.00143 0.00085 0.00054 0.00044 0.00015 ( 1)  0.066 +-  0.071
 113 T   0.94163 0.03746 0.01223 0.00479 0.00205 0.00094 0.00045 0.00023 0.00012 0.00008 0.00001 ( 1)  0.060 +-  0.047
 114 L   0.90126 0.04878 0.02155 0.01133 0.00648 0.00391 0.00246 0.00161 0.00111 0.00099 0.00052 ( 1)  0.072 +-  0.090
 115 S   0.93398 0.04025 0.01420 0.00599 0.00276 0.00135 0.00069 0.00037 0.00021 0.00016 0.00003 ( 1)  0.061 +-  0.054
 116 G   0.94695 0.03516 0.01081 0.00402 0.00166 0.00073 0.00034 0.00017 0.00009 0.00006 0.00001 ( 1)  0.058 +-  0.043
 117 I   0.93801 0.03891 0.01319 0.00534 0.00236 0.00110 0.00054 0.00028 0.00015 0.00010 0.00002 ( 1)  0.060 +-  0.050
 118 Y   0.94473 0.03627 0.01142 0.00431 0.00178 0.00078 0.00036 0.00018 0.00009 0.00006 0.00001 ( 1)  0.059 +-  0.044
 119 D   0.95453 0.03184 0.00880 0.00295 0.00110 0.00044 0.00019 0.00008 0.00004 0.00003 0.00000 ( 1)  0.057 +-  0.037
 120 F   0.93264 0.04080 0.01457 0.00620 0.00288 0.00141 0.00072 0.00038 0.00022 0.00016 0.00003 ( 1)  0.062 +-  0.055
 121 I   0.93801 0.03891 0.01319 0.00534 0.00236 0.00110 0.00054 0.00028 0.00015 0.00010 0.00002 ( 1)  0.060 +-  0.050
 122 M   0.91786 0.04515 0.01811 0.00864 0.00449 0.00246 0.00140 0.00083 0.00052 0.00042 0.00013 ( 1)  0.066 +-  0.070
 123 R   0.94700 0.03519 0.01080 0.00400 0.00164 0.00072 0.00033 0.00016 0.00009 0.00006 0.00001 ( 1)  0.058 +-  0.043
 124 K   0.92605 0.04278 0.01616 0.00729 0.00358 0.00187 0.00102 0.00058 0.00035 0.00027 0.00007 ( 1)  0.064 +-  0.062
 125 F   0.93061 0.04144 0.01507 0.00653 0.00309 0.00154 0.00080 0.00044 0.00025 0.00019 0.00004 ( 1)  0.062 +-  0.057
 126 P   0.93962 0.03812 0.01273 0.00511 0.00226 0.00106 0.00053 0.00028 0.00015 0.00011 0.00002 ( 1)  0.060 +-  0.049
 127 Y   0.84165 0.05521 0.02965 0.01896 0.01319 0.00967 0.00739 0.00587 0.00491 0.00530 0.00820 ( 1)  0.107 +-  0.189
 128 Y   0.94473 0.03627 0.01142 0.00431 0.00178 0.00078 0.00036 0.00018 0.00009 0.00006 0.00001 ( 1)  0.059 +-  0.044
 129 R   0.94700 0.03519 0.01080 0.00400 0.00164 0.00072 0.00033 0.00016 0.00009 0.00006 0.00001 ( 1)  0.058 +-  0.043
 130 A   0.94286 0.03686 0.01188 0.00462 0.00198 0.00091 0.00044 0.00022 0.00012 0.00009 0.00002 ( 1)  0.059 +-  0.047
 131 N   0.95154 0.03333 0.00960 0.00333 0.00127 0.00052 0.00022 0.00010 0.00005 0.00003 0.00000 ( 1)  0.057 +-  0.039
 132 Q   0.91934 0.04464 0.01772 0.00839 0.00433 0.00237 0.00135 0.00080 0.00050 0.00041 0.00014 ( 1)  0.066 +-  0.069
 133 R   0.94700 0.03519 0.01080 0.00400 0.00164 0.00072 0.00033 0.00016 0.00009 0.00006 0.00001 ( 1)  0.058 +-  0.043
 134 A   0.94286 0.03686 0.01188 0.00462 0.00198 0.00091 0.00044 0.00022 0.00012 0.00009 0.00002 ( 1)  0.059 +-  0.047
 135 W   0.90713 0.04765 0.02041 0.01040 0.00577 0.00337 0.00205 0.00129 0.00086 0.00074 0.00032 ( 1)  0.070 +-  0.083
 136 Q   0.91934 0.04464 0.01772 0.00839 0.00433 0.00237 0.00135 0.00080 0.00050 0.00041 0.00014 ( 1)  0.066 +-  0.069
 137 N   0.95154 0.03333 0.00960 0.00333 0.00127 0.00052 0.00022 0.00010 0.00005 0.00003 0.00000 ( 1)  0.057 +-  0.039
 138 S   0.93796 0.03888 0.01319 0.00535 0.00238 0.00112 0.00055 0.00028 0.00016 0.00011 0.00002 ( 1)  0.060 +-  0.050
 139 I   0.93801 0.03891 0.01319 0.00534 0.00236 0.00110 0.00054 0.00028 0.00015 0.00010 0.00002 ( 1)  0.060 +-  0.050
 140 R   0.94387 0.03644 0.01162 0.00447 0.00190 0.00086 0.00042 0.00021 0.00011 0.00008 0.00002 ( 1)  0.059 +-  0.046
 141 H   0.95160 0.03321 0.00958 0.00334 0.00129 0.00054 0.00024 0.00011 0.00005 0.00004 0.00000 ( 1)  0.057 +-  0.039
 142 N   0.95154 0.03333 0.00960 0.00333 0.00127 0.00052 0.00022 0.00010 0.00005 0.00003 0.00000 ( 1)  0.057 +-  0.039
 143 L   0.90126 0.04878 0.02155 0.01133 0.00648 0.00391 0.00246 0.00161 0.00111 0.00099 0.00052 ( 1)  0.072 +-  0.090
 144 S   0.93528 0.03983 0.01388 0.00578 0.00263 0.00127 0.00064 0.00034 0.00019 0.00014 0.00003 ( 1)  0.061 +-  0.053
 145 L   0.93982 0.03817 0.01270 0.00507 0.00221 0.00103 0.00050 0.00025 0.00014 0.00010 0.00002 ( 1)  0.060 +-  0.049
 146 N   0.95154 0.03333 0.00960 0.00333 0.00127 0.00052 0.00022 0.00010 0.00005 0.00003 0.00000 ( 1)  0.057 +-  0.039
 147 S   0.95031 0.03390 0.00994 0.00350 0.00136 0.00056 0.00024 0.00011 0.00005 0.00003 0.00000 ( 1)  0.058 +-  0.040
 148 C   0.94573 0.03589 0.01116 0.00416 0.00170 0.00074 0.00033 0.00016 0.00008 0.00005 0.00001 ( 1)  0.059 +-  0.043
 149 F   0.93264 0.04080 0.01457 0.00620 0.00288 0.00141 0.00072 0.00038 0.00022 0.00016 0.00003 ( 1)  0.062 +-  0.055
 150 V   0.79209 0.09356 0.05091 0.02796 0.01548 0.00867 0.00494 0.00288 0.00176 0.00138 0.00037 ( 1)  0.097 +-  0.119
 151 K   0.92815 0.04216 0.01566 0.00694 0.00336 0.00172 0.00092 0.00051 0.00030 0.00023 0.00006 ( 1)  0.063 +-  0.060
 152 V   0.91776 0.04509 0.01809 0.00865 0.00451 0.00248 0.00143 0.00085 0.00054 0.00044 0.00015 ( 1)  0.066 +-  0.071
 153 P   0.17277 0.08158 0.09928 0.10178 0.09595 0.08635 0.07575 0.06584 0.05809 0.06265 0.09996 ( 1)  0.531 +-  0.427
 154 -   0.73619 0.05605 0.03490 0.02578 0.02065 0.01739 0.01521 0.01378 0.01312 0.01599 0.05094 ( 1)  0.209 +-  0.380
 155 -   0.73619 0.05605 0.03490 0.02578 0.02065 0.01739 0.01521 0.01378 0.01312 0.01599 0.05094 ( 1)  0.209 +-  0.380
 156 -   0.73619 0.05605 0.03490 0.02578 0.02065 0.01739 0.01521 0.01378 0.01312 0.01599 0.05094 ( 1)  0.209 +-  0.380
 157 -   0.73619 0.05605 0.03490 0.02578 0.02065 0.01739 0.01521 0.01378 0.01312 0.01599 0.05094 ( 1)  0.209 +-  0.380
 158 -   0.73619 0.05605 0.03490 0.02578 0.02065 0.01739 0.01521 0.01378 0.01312 0.01599 0.05094 ( 1)  0.209 +-  0.380
 159 -   0.73619 0.05605 0.03490 0.02578 0.02065 0.01739 0.01521 0.01378 0.01312 0.01599 0.05094 ( 1)  0.209 +-  0.380
 160 -   0.73619 0.05605 0.03490 0.02578 0.02065 0.01739 0.01521 0.01378 0.01312 0.01599 0.05094 ( 1)  0.209 +-  0.380
 161 -   0.73619 0.05605 0.03490 0.02578 0.02065 0.01739 0.01521 0.01378 0.01312 0.01599 0.05094 ( 1)  0.209 +-  0.380
 162 -   0.73619 0.05605 0.03490 0.02578 0.02065 0.01739 0.01521 0.01378 0.01312 0.01599 0.05094 ( 1)  0.209 +-  0.380
 163 -   0.73619 0.05605 0.03490 0.02578 0.02065 0.01739 0.01521 0.01378 0.01312 0.01599 0.05094 ( 1)  0.209 +-  0.380
 164 -   0.73619 0.05605 0.03490 0.02578 0.02065 0.01739 0.01521 0.01378 0.01312 0.01599 0.05094 ( 1)  0.209 +-  0.380
 165 -   0.73619 0.05605 0.03490 0.02578 0.02065 0.01739 0.01521 0.01378 0.01312 0.01599 0.05094 ( 1)  0.209 +-  0.380
 166 -   0.73619 0.05605 0.03490 0.02578 0.02065 0.01739 0.01521 0.01378 0.01312 0.01599 0.05094 ( 1)  0.209 +-  0.380
 167 -   0.73619 0.05605 0.03490 0.02578 0.02065 0.01739 0.01521 0.01378 0.01312 0.01599 0.05094 ( 1)  0.209 +-  0.380
 168 -   0.73619 0.05605 0.03490 0.02578 0.02065 0.01739 0.01521 0.01378 0.01312 0.01599 0.05094 ( 1)  0.209 +-  0.380
 169 -   0.73619 0.05605 0.03490 0.02578 0.02065 0.01739 0.01521 0.01378 0.01312 0.01599 0.05094 ( 1)  0.209 +-  0.380
 170 -   0.73619 0.05605 0.03490 0.02578 0.02065 0.01739 0.01521 0.01378 0.01312 0.01599 0.05094 ( 1)  0.209 +-  0.380
 171 -   0.73619 0.05605 0.03490 0.02578 0.02065 0.01739 0.01521 0.01378 0.01312 0.01599 0.05094 ( 1)  0.209 +-  0.380
 172 -   0.73619 0.05605 0.03490 0.02578 0.02065 0.01739 0.01521 0.01378 0.01312 0.01599 0.05094 ( 1)  0.209 +-  0.380
 173 -   0.73619 0.05605 0.03490 0.02578 0.02065 0.01739 0.01521 0.01378 0.01312 0.01599 0.05094 ( 1)  0.209 +-  0.380
 174 -   0.73619 0.05605 0.03490 0.02578 0.02065 0.01739 0.01521 0.01378 0.01312 0.01599 0.05094 ( 1)  0.209 +-  0.380
 175 -   0.73619 0.05605 0.03490 0.02578 0.02065 0.01739 0.01521 0.01378 0.01312 0.01599 0.05094 ( 1)  0.209 +-  0.380
 176 -   0.73619 0.05605 0.03490 0.02578 0.02065 0.01739 0.01521 0.01378 0.01312 0.01599 0.05094 ( 1)  0.209 +-  0.380
 177 -   0.73619 0.05605 0.03490 0.02578 0.02065 0.01739 0.01521 0.01378 0.01312 0.01599 0.05094 ( 1)  0.209 +-  0.380
 178 -   0.73619 0.05605 0.03490 0.02578 0.02065 0.01739 0.01521 0.01378 0.01312 0.01599 0.05094 ( 1)  0.209 +-  0.380
 179 -   0.73619 0.05605 0.03490 0.02578 0.02065 0.01739 0.01521 0.01378 0.01312 0.01599 0.05094 ( 1)  0.209 +-  0.380
 180 -   0.73619 0.05605 0.03490 0.02578 0.02065 0.01739 0.01521 0.01378 0.01312 0.01599 0.05094 ( 1)  0.209 +-  0.380
 181 -   0.73619 0.05605 0.03490 0.02578 0.02065 0.01739 0.01521 0.01378 0.01312 0.01599 0.05094 ( 1)  0.209 +-  0.380
 182 -   0.73619 0.05605 0.03490 0.02578 0.02065 0.01739 0.01521 0.01378 0.01312 0.01599 0.05094 ( 1)  0.209 +-  0.380
 183 -   0.73619 0.05605 0.03490 0.02578 0.02065 0.01739 0.01521 0.01378 0.01312 0.01599 0.05094 ( 1)  0.209 +-  0.380
 184 -   0.73619 0.05605 0.03490 0.02578 0.02065 0.01739 0.01521 0.01378 0.01312 0.01599 0.05094 ( 1)  0.209 +-  0.380
 185 -   0.73619 0.05605 0.03490 0.02578 0.02065 0.01739 0.01521 0.01378 0.01312 0.01599 0.05094 ( 1)  0.209 +-  0.380
 186 -   0.73619 0.05605 0.03490 0.02578 0.02065 0.01739 0.01521 0.01378 0.01312 0.01599 0.05094 ( 1)  0.209 +-  0.380
 187 -   0.73619 0.05605 0.03490 0.02578 0.02065 0.01739 0.01521 0.01378 0.01312 0.01599 0.05094 ( 1)  0.209 +-  0.380
 188 -   0.73619 0.05605 0.03490 0.02578 0.02065 0.01739 0.01521 0.01378 0.01312 0.01599 0.05094 ( 1)  0.209 +-  0.380
 189 -   0.73619 0.05605 0.03490 0.02578 0.02065 0.01739 0.01521 0.01378 0.01312 0.01599 0.05094 ( 1)  0.209 +-  0.380
 190 -   0.73619 0.05605 0.03490 0.02578 0.02065 0.01739 0.01521 0.01378 0.01312 0.01599 0.05094 ( 1)  0.209 +-  0.380
 191 -   0.73619 0.05605 0.03490 0.02578 0.02065 0.01739 0.01521 0.01378 0.01312 0.01599 0.05094 ( 1)  0.209 +-  0.380
 192 -   0.73619 0.05605 0.03490 0.02578 0.02065 0.01739 0.01521 0.01378 0.01312 0.01599 0.05094 ( 1)  0.209 +-  0.380
 193 -   0.73619 0.05605 0.03490 0.02578 0.02065 0.01739 0.01521 0.01378 0.01312 0.01599 0.05094 ( 1)  0.209 +-  0.380
 194 -   0.73619 0.05605 0.03490 0.02578 0.02065 0.01739 0.01521 0.01378 0.01312 0.01599 0.05094 ( 1)  0.209 +-  0.380
 195 -   0.73619 0.05605 0.03490 0.02578 0.02065 0.01739 0.01521 0.01378 0.01312 0.01599 0.05094 ( 1)  0.209 +-  0.380
 196 -   0.73619 0.05605 0.03490 0.02578 0.02065 0.01739 0.01521 0.01378 0.01312 0.01599 0.05094 ( 1)  0.209 +-  0.380
 197 -   0.73619 0.05605 0.03490 0.02578 0.02065 0.01739 0.01521 0.01378 0.01312 0.01599 0.05094 ( 1)  0.209 +-  0.380
 198 -   0.73619 0.05605 0.03490 0.02578 0.02065 0.01739 0.01521 0.01378 0.01312 0.01599 0.05094 ( 1)  0.209 +-  0.380
 199 -   0.73619 0.05605 0.03490 0.02578 0.02065 0.01739 0.01521 0.01378 0.01312 0.01599 0.05094 ( 1)  0.209 +-  0.380
 200 -   0.73619 0.05605 0.03490 0.02578 0.02065 0.01739 0.01521 0.01378 0.01312 0.01599 0.05094 ( 1)  0.209 +-  0.380
 201 -   0.73619 0.05605 0.03490 0.02578 0.02065 0.01739 0.01521 0.01378 0.01312 0.01599 0.05094 ( 1)  0.209 +-  0.380
 202 -   0.73619 0.05605 0.03490 0.02578 0.02065 0.01739 0.01521 0.01378 0.01312 0.01599 0.05094 ( 1)  0.209 +-  0.380
 203 -   0.73619 0.05605 0.03490 0.02578 0.02065 0.01739 0.01521 0.01378 0.01312 0.01599 0.05094 ( 1)  0.209 +-  0.380
 204 R   0.91732 0.04504 0.01812 0.00871 0.00458 0.00255 0.00149 0.00091 0.00059 0.00049 0.00020 ( 1)  0.067 +-  0.072
 205 S   0.06530 0.07266 0.11665 0.13322 0.12916 0.11431 0.09594 0.07840 0.06427 0.06372 0.06638 ( 4)  0.547 +-  0.355
 206 E   0.75108 0.09814 0.05901 0.03569 0.02170 0.01331 0.00827 0.00525 0.00348 0.00294 0.00114 ( 1)  0.113 +-  0.148
 207 G   0.95004 0.03386 0.00999 0.00357 0.00141 0.00060 0.00027 0.00013 0.00007 0.00004 0.00001 ( 1)  0.058 +-  0.040
 208 H   0.45475 0.14950 0.12793 0.09324 0.06322 0.04143 0.02682 0.01744 0.01170 0.00991 0.00405 ( 1)  0.217 +-  0.223
 209 E   0.31192 0.12418 0.12785 0.11117 0.08915 0.06847 0.05145 0.03847 0.02936 0.02781 0.02017 ( 1)  0.327 +-  0.304
 210 K   0.73640 0.09955 0.06179 0.03847 0.02400 0.01506 0.00954 0.00616 0.00413 0.00353 0.00137 ( 1)  0.119 +-  0.157
 211 G   0.94611 0.03555 0.01103 0.00414 0.00171 0.00076 0.00036 0.00018 0.00009 0.00007 0.00001 ( 1)  0.059 +-  0.044
 212 K   0.39171 0.07739 0.07012 0.06336 0.05703 0.05131 0.04632 0.04227 0.03974 0.04654 0.11422 ( 1)  0.439 +-  0.484
 213 G   0.95004 0.03386 0.00999 0.00357 0.00141 0.00060 0.00027 0.00013 0.00007 0.00004 0.00001 ( 1)  0.058 +-  0.040
 214 N   0.93815 0.03873 0.01312 0.00533 0.00238 0.00113 0.00056 0.00029 0.00016 0.00012 0.00002 ( 1)  0.060 +-  0.050
 215 Y   0.93338 0.04045 0.01435 0.00609 0.00282 0.00139 0.00071 0.00038 0.00022 0.00016 0.00003 ( 1)  0.062 +-  0.055
 216 W   0.89506 0.04996 0.02275 0.01232 0.00724 0.00449 0.00289 0.00194 0.00137 0.00125 0.00073 ( 1)  0.075 +-  0.098
 217 T   0.89880 0.04920 0.02200 0.01171 0.00678 0.00414 0.00264 0.00175 0.00122 0.00111 0.00064 ( 1)  0.073 +-  0.094
 218 F   0.92154 0.04415 0.01726 0.00803 0.00407 0.00217 0.00121 0.00070 0.00043 0.00034 0.00010 ( 1)  0.065 +-  0.066
 219 A   0.90604 0.04770 0.02054 0.01055 0.00590 0.00349 0.00216 0.00139 0.00095 0.00084 0.00044 ( 1)  0.071 +-  0.086
 220 G   0.93275 0.04038 0.01442 0.00621 0.00295 0.00149 0.00080 0.00045 0.00027 0.00021 0.00007 ( 1)  0.062 +-  0.057
 221 G   0.94009 0.03790 0.01260 0.00505 0.00223 0.00105 0.00052 0.00027 0.00015 0.00011 0.00003 ( 1)  0.060 +-  0.049
 222 C   0.92848 0.04206 0.01558 0.00689 0.00332 0.00169 0.00090 0.00050 0.00030 0.00023 0.00005 ( 1)  0.063 +-  0.059
 223 E   0.92269 0.04368 0.01692 0.00784 0.00396 0.00212 0.00119 0.00070 0.00043 0.00035 0.00012 ( 1)  0.065 +-  0.066
 224 S   0.89435 0.05004 0.02285 0.01241 0.00733 0.00456 0.00296 0.00199 0.00142 0.00130 0.00080 ( 1)  0.075 +-  0.100
 225 L   0.88111 0.05203 0.02508 0.01437 0.00894 0.00586 0.00400 0.00283 0.00212 0.00204 0.00162 ( 1)  0.081 +-  0.118
 226 L   0.87973 0.05220 0.02529 0.01456 0.00911 0.00600 0.00411 0.00293 0.00220 0.00213 0.00174 ( 1)  0.082 +-  0.121
 227 D   0.94494 0.03604 0.01134 0.00431 0.00180 0.00081 0.00038 0.00019 0.00010 0.00007 0.00001 ( 1)  0.059 +-  0.045
 228 L   0.92914 0.04182 0.01540 0.00678 0.00326 0.00166 0.00089 0.00049 0.00029 0.00022 0.00006 ( 1)  0.063 +-  0.059
 229 F   0.92154 0.04415 0.01726 0.00803 0.00407 0.00217 0.00121 0.00070 0.00043 0.00034 0.00010 ( 1)  0.065 +-  0.066
 230 E   0.92269 0.04368 0.01692 0.00784 0.00396 0.00212 0.00119 0.00070 0.00043 0.00035 0.00012 ( 1)  0.065 +-  0.066
 231 N   0.94129 0.03759 0.01232 0.00484 0.00209 0.00096 0.00046 0.00023 0.00013 0.00009 0.00001 ( 1)  0.060 +-  0.047
 232 G   0.94009 0.03790 0.01260 0.00505 0.00223 0.00105 0.00052 0.00027 0.00015 0.00011 0.00003 ( 1)  0.060 +-  0.049
 233 N   0.94170 0.03744 0.01221 0.00478 0.00205 0.00094 0.00045 0.00023 0.00012 0.00008 0.00001 ( 1)  0.060 +-  0.047
 234 Y   0.93437 0.04012 0.01410 0.00593 0.00272 0.00133 0.00068 0.00036 0.00020 0.00015 0.00003 ( 1)  0.061 +-  0.054
 235 R   0.90700 0.04739 0.02028 0.01037 0.00579 0.00343 0.00212 0.00137 0.00094 0.00083 0.00047 ( 1)  0.070 +-  0.085
 236 R   0.89787 0.04931 0.02214 0.01184 0.00690 0.00424 0.00272 0.00182 0.00128 0.00117 0.00072 ( 1)  0.074 +-  0.096
 237 R   0.90567 0.04754 0.02048 0.01055 0.00595 0.00356 0.00223 0.00147 0.00102 0.00093 0.00060 ( 1)  0.071 +-  0.089
 238 R   0.90134 0.04837 0.02129 0.01122 0.00646 0.00395 0.00253 0.00169 0.00121 0.00112 0.00083 ( 1)  0.073 +-  0.095
 239 R   0.90555 0.04776 0.02061 0.01062 0.00597 0.00355 0.00220 0.00143 0.00098 0.00087 0.00048 ( 1)  0.071 +-  0.087
 240 R   0.64259 0.10029 0.07207 0.05195 0.03754 0.02728 0.02003 0.01497 0.01162 0.01146 0.01021 ( 1)  0.176 +-  0.242
 241 R   0.91599 0.04509 0.01830 0.00893 0.00478 0.00272 0.00163 0.00102 0.00068 0.00058 0.00028 ( 1)  0.067 +-  0.076
 242 G   0.94488 0.03605 0.01135 0.00432 0.00181 0.00081 0.00039 0.00019 0.00010 0.00007 0.00001 ( 1)  0.059 +-  0.045
 243 -   0.73619 0.05605 0.03490 0.02578 0.02065 0.01739 0.01521 0.01378 0.01312 0.01599 0.05094 ( 1)  0.209 +-  0.380
 244 -   0.73619 0.05605 0.03490 0.02578 0.02065 0.01739 0.01521 0.01378 0.01312 0.01599 0.05094 ( 1)  0.209 +-  0.380
 245 -   0.73619 0.05605 0.03490 0.02578 0.02065 0.01739 0.01521 0.01378 0.01312 0.01599 0.05094 ( 1)  0.209 +-  0.380
 246 -   0.73619 0.05605 0.03490 0.02578 0.02065 0.01739 0.01521 0.01378 0.01312 0.01599 0.05094 ( 1)  0.209 +-  0.380
 247 -   0.73619 0.05605 0.03490 0.02578 0.02065 0.01739 0.01521 0.01378 0.01312 0.01599 0.05094 ( 1)  0.209 +-  0.380
 248 -   0.73619 0.05605 0.03490 0.02578 0.02065 0.01739 0.01521 0.01378 0.01312 0.01599 0.05094 ( 1)  0.209 +-  0.380
 249 -   0.73619 0.05605 0.03490 0.02578 0.02065 0.01739 0.01521 0.01378 0.01312 0.01599 0.05094 ( 1)  0.209 +-  0.380
 250 -   0.73619 0.05605 0.03490 0.02578 0.02065 0.01739 0.01521 0.01378 0.01312 0.01599 0.05094 ( 1)  0.209 +-  0.380
 251 -   0.73619 0.05605 0.03490 0.02578 0.02065 0.01739 0.01521 0.01378 0.01312 0.01599 0.05094 ( 1)  0.209 +-  0.380
 252 -   0.73619 0.05605 0.03490 0.02578 0.02065 0.01739 0.01521 0.01378 0.01312 0.01599 0.05094 ( 1)  0.209 +-  0.380
 253 -   0.73619 0.05605 0.03490 0.02578 0.02065 0.01739 0.01521 0.01378 0.01312 0.01599 0.05094 ( 1)  0.209 +-  0.380
 254 P   0.93800 0.03873 0.01315 0.00536 0.00240 0.00115 0.00058 0.00030 0.00017 0.00013 0.00003 ( 1)  0.060 +-  0.051
 255 K   0.01601 0.02317 0.04762 0.06898 0.08406 0.09264 0.09586 0.09556 0.09448 0.11089 0.27073 (11)  0.860 +-  0.458
 256 -   0.73619 0.05605 0.03490 0.02578 0.02065 0.01739 0.01521 0.01378 0.01312 0.01599 0.05094 ( 1)  0.209 +-  0.380
 257 -   0.73619 0.05605 0.03490 0.02578 0.02065 0.01739 0.01521 0.01378 0.01312 0.01599 0.05094 ( 1)  0.209 +-  0.380
 258 -   0.73619 0.05605 0.03490 0.02578 0.02065 0.01739 0.01521 0.01378 0.01312 0.01599 0.05094 ( 1)  0.209 +-  0.380
 259 -   0.73619 0.05605 0.03490 0.02578 0.02065 0.01739 0.01521 0.01378 0.01312 0.01599 0.05094 ( 1)  0.209 +-  0.380
 260 -   0.73619 0.05605 0.03490 0.02578 0.02065 0.01739 0.01521 0.01378 0.01312 0.01599 0.05094 ( 1)  0.209 +-  0.380
 261 -   0.73619 0.05605 0.03490 0.02578 0.02065 0.01739 0.01521 0.01378 0.01312 0.01599 0.05094 ( 1)  0.209 +-  0.380
 262 -   0.73619 0.05605 0.03490 0.02578 0.02065 0.01739 0.01521 0.01378 0.01312 0.01599 0.05094 ( 1)  0.209 +-  0.380
 263 -   0.73619 0.05605 0.03490 0.02578 0.02065 0.01739 0.01521 0.01378 0.01312 0.01599 0.05094 ( 1)  0.209 +-  0.380
 264 -   0.73619 0.05605 0.03490 0.02578 0.02065 0.01739 0.01521 0.01378 0.01312 0.01599 0.05094 ( 1)  0.209 +-  0.380
 265 -   0.73619 0.05605 0.03490 0.02578 0.02065 0.01739 0.01521 0.01378 0.01312 0.01599 0.05094 ( 1)  0.209 +-  0.380
 266 -   0.73619 0.05605 0.03490 0.02578 0.02065 0.01739 0.01521 0.01378 0.01312 0.01599 0.05094 ( 1)  0.209 +-  0.380
 267 -   0.73619 0.05605 0.03490 0.02578 0.02065 0.01739 0.01521 0.01378 0.01312 0.01599 0.05094 ( 1)  0.209 +-  0.380
 268 -   0.73619 0.05605 0.03490 0.02578 0.02065 0.01739 0.01521 0.01378 0.01312 0.01599 0.05094 ( 1)  0.209 +-  0.380
 269 -   0.73619 0.05605 0.03490 0.02578 0.02065 0.01739 0.01521 0.01378 0.01312 0.01599 0.05094 ( 1)  0.209 +-  0.380
 270 -   0.73619 0.05605 0.03490 0.02578 0.02065 0.01739 0.01521 0.01378 0.01312 0.01599 0.05094 ( 1)  0.209 +-  0.380
 271 -   0.73619 0.05605 0.03490 0.02578 0.02065 0.01739 0.01521 0.01378 0.01312 0.01599 0.05094 ( 1)  0.209 +-  0.380
 272 -   0.73619 0.05605 0.03490 0.02578 0.02065 0.01739 0.01521 0.01378 0.01312 0.01599 0.05094 ( 1)  0.209 +-  0.380
 273 -   0.73619 0.05605 0.03490 0.02578 0.02065 0.01739 0.01521 0.01378 0.01312 0.01599 0.05094 ( 1)  0.209 +-  0.380
 274 -   0.73619 0.05605 0.03490 0.02578 0.02065 0.01739 0.01521 0.01378 0.01312 0.01599 0.05094 ( 1)  0.209 +-  0.380
 275 -   0.73619 0.05605 0.03490 0.02578 0.02065 0.01739 0.01521 0.01378 0.01312 0.01599 0.05094 ( 1)  0.209 +-  0.380
 276 -   0.73619 0.05605 0.03490 0.02578 0.02065 0.01739 0.01521 0.01378 0.01312 0.01599 0.05094 ( 1)  0.209 +-  0.380
 277 -   0.73619 0.05605 0.03490 0.02578 0.02065 0.01739 0.01521 0.01378 0.01312 0.01599 0.05094 ( 1)  0.209 +-  0.380
 278 -   0.73619 0.05605 0.03490 0.02578 0.02065 0.01739 0.01521 0.01378 0.01312 0.01599 0.05094 ( 1)  0.209 +-  0.380
 279 -   0.73619 0.05605 0.03490 0.02578 0.02065 0.01739 0.01521 0.01378 0.01312 0.01599 0.05094 ( 1)  0.209 +-  0.380
 280 -   0.73619 0.05605 0.03490 0.02578 0.02065 0.01739 0.01521 0.01378 0.01312 0.01599 0.05094 ( 1)  0.209 +-  0.380
 281 -   0.73619 0.05605 0.03490 0.02578 0.02065 0.01739 0.01521 0.01378 0.01312 0.01599 0.05094 ( 1)  0.209 +-  0.380
 282 -   0.73619 0.05605 0.03490 0.02578 0.02065 0.01739 0.01521 0.01378 0.01312 0.01599 0.05094 ( 1)  0.209 +-  0.380
 283 -   0.73619 0.05605 0.03490 0.02578 0.02065 0.01739 0.01521 0.01378 0.01312 0.01599 0.05094 ( 1)  0.209 +-  0.380
 284 -   0.73619 0.05605 0.03490 0.02578 0.02065 0.01739 0.01521 0.01378 0.01312 0.01599 0.05094 ( 1)  0.209 +-  0.380
 285 -   0.73619 0.05605 0.03490 0.02578 0.02065 0.01739 0.01521 0.01378 0.01312 0.01599 0.05094 ( 1)  0.209 +-  0.380
 286 -   0.73619 0.05605 0.03490 0.02578 0.02065 0.01739 0.01521 0.01378 0.01312 0.01599 0.05094 ( 1)  0.209 +-  0.380
 287 -   0.73619 0.05605 0.03490 0.02578 0.02065 0.01739 0.01521 0.01378 0.01312 0.01599 0.05094 ( 1)  0.209 +-  0.380
 288 R   0.80248 0.09144 0.04827 0.02586 0.01405 0.00777 0.00439 0.00256 0.00157 0.00124 0.00038 ( 1)  0.093 +-  0.115
 289 E   0.32116 0.12613 0.12823 0.11024 0.08750 0.06660 0.04966 0.03689 0.02802 0.02645 0.01911 ( 1)  0.319 +-  0.300
 290 G   0.21951 0.09787 0.11256 0.10909 0.09727 0.08285 0.06884 0.05675 0.04756 0.04896 0.05874 ( 1)  0.444 +-  0.380
 291 -   0.38727 0.07395 0.06530 0.05803 0.05182 0.04663 0.04245 0.03936 0.03788 0.04572 0.15158 ( 1)  0.488 +-  0.551
 292 -   0.83905 0.05372 0.02845 0.01813 0.01270 0.00947 0.00743 0.00611 0.00534 0.00605 0.01354 ( 1)  0.115 +-  0.221
 293 -   0.03272 0.02066 0.03275 0.04311 0.05154 0.05822 0.06353 0.06814 0.07363 0.09615 0.45955 (11)  1.052 +-  0.561
 294 -   0.37142 0.07396 0.06760 0.06169 0.05615 0.05113 0.04678 0.04331 0.04136 0.04921 0.13739 ( 1)  0.478 +-  0.514
 295 -   0.11494 0.05846 0.07641 0.08409 0.08509 0.08220 0.07742 0.07228 0.06852 0.07918 0.20141 (11)  0.694 +-  0.505
 296 -   0.84236 0.05473 0.02919 0.01858 0.01290 0.00947 0.00727 0.00581 0.00491 0.00537 0.00941 ( 1)  0.108 +-  0.196
 297 -   0.42069 0.07955 0.06938 0.06072 0.05326 0.04696 0.04179 0.03781 0.03545 0.04168 0.11269 ( 1)  0.421 +-  0.491
 298 -   0.48404 0.08597 0.07083 0.05889 0.04933 0.04175 0.03584 0.03141 0.02865 0.03299 0.08029 ( 1)  0.347 +-  0.444
 299 -   0.40567 0.07740 0.06814 0.06021 0.05332 0.04747 0.04266 0.03898 0.03689 0.04375 0.12550 ( 1)  0.445 +-  0.509
 300 -   0.86762 0.05276 0.02636 0.01575 0.01029 0.00713 0.00517 0.00392 0.00315 0.00328 0.00457 ( 1)  0.091 +-  0.153
 301 -   0.85819 0.05357 0.02747 0.01685 0.01129 0.00801 0.00595 0.00462 0.00379 0.00404 0.00621 ( 1)  0.097 +-  0.169
 302 -   0.41474 0.07925 0.06972 0.06143 0.05414 0.04790 0.04271 0.03866 0.03621 0.04249 0.11275 ( 1)  0.425 +-  0.490
 303 -   0.35995 0.07222 0.06649 0.06112 0.05601 0.05135 0.04730 0.04409 0.04238 0.05074 0.14835 ( 1)  0.498 +-  0.527
 304 -   0.22926 0.05019 0.05029 0.05024 0.04998 0.04968 0.04952 0.04987 0.05168 0.06630 0.30297 (11)  0.755 +-  0.638
 305 -   0.03979 0.02366 0.03581 0.04547 0.05289 0.05852 0.06290 0.06675 0.07163 0.09324 0.44935 (11)  1.034 +-  0.570
 306 -   0.51103 0.09058 0.07403 0.06070 0.04988 0.04122 0.03441 0.02923 0.02577 0.02864 0.05452 ( 1)  0.301 +-  0.390
 307 -   0.05677 0.03214 0.04646 0.05644 0.06291 0.06681 0.06903 0.07054 0.07301 0.09180 0.37408 (11)  0.936 +-  0.564
 308 -   0.37279 0.07377 0.06708 0.06097 0.05534 0.05031 0.04600 0.04262 0.04078 0.04868 0.14167 ( 1)  0.483 +-  0.523
 309 -   0.30492 0.06293 0.05964 0.05651 0.05345 0.05063 0.04823 0.04652 0.04631 0.05735 0.21351 ( 1)  0.607 +-  0.593
 310 -   0.77109 0.05668 0.03407 0.02431 0.01882 0.01533 0.01296 0.01137 0.01048 0.01239 0.03249 ( 1)  0.169 +-  0.315
 311 -   0.35768 0.07137 0.06545 0.06003 0.05499 0.05046 0.04659 0.04359 0.04211 0.05073 0.15700 ( 1)  0.509 +-  0.540
 312 -   0.36100 0.07184 0.06572 0.06014 0.05498 0.05036 0.04641 0.04335 0.04181 0.05031 0.15407 ( 1)  0.504 +-  0.536
 313 -   0.45991 0.08501 0.07236 0.06170 0.05266 0.04514 0.03904 0.03431 0.03126 0.03579 0.08281 ( 1)  0.363 +-  0.447
 314 -   0.87390 0.05227 0.02566 0.01505 0.00964 0.00654 0.00465 0.00344 0.00271 0.00276 0.00338 ( 1)  0.087 +-  0.140
 315 -   0.80092 0.05635 0.03247 0.02226 0.01659 0.01303 0.01065 0.00905 0.00810 0.00932 0.02126 ( 1)  0.141 +-  0.267
 316 -   0.85428 0.05382 0.02789 0.01728 0.01170 0.00839 0.00630 0.00493 0.00409 0.00438 0.00694 ( 1)  0.100 +-  0.176
 317 -   0.76349 0.05664 0.03434 0.02472 0.01929 0.01584 0.01350 0.01192 0.01108 0.01318 0.03600 ( 1)  0.177 +-  0.328
 318 -   0.89057 0.04914 0.02249 0.01245 0.00761 0.00499 0.00346 0.00253 0.00198 0.00202 0.00277 ( 1)  0.080 +-  0.125
 319 -   0.88411 0.05010 0.02353 0.01334 0.00835 0.00558 0.00394 0.00293 0.00232 0.00240 0.00340 ( 1)  0.083 +-  0.135
 320 -   0.84986 0.05433 0.02849 0.01784 0.01218 0.00880 0.00664 0.00522 0.00435 0.00468 0.00760 ( 1)  0.102 +-  0.182
 321 -   0.28170 0.05683 0.05334 0.05061 0.04836 0.04660 0.04539 0.04495 0.04605 0.05877 0.26740 ( 1)  0.685 +-  0.642
 322 -   0.38387 0.07544 0.06814 0.06153 0.05547 0.05009 0.04550 0.04188 0.03980 0.04721 0.13107 ( 1)  0.464 +-  0.510
 323 -   0.87092 0.05197 0.02559 0.01514 0.00983 0.00680 0.00494 0.00376 0.00304 0.00320 0.00481 ( 1)  0.090 +-  0.153
 324 -   0.79904 0.05644 0.03261 0.02240 0.01672 0.01315 0.01075 0.00914 0.00819 0.00943 0.02213 ( 1)  0.143 +-  0.273
 325 -   0.79971 0.05648 0.03264 0.02243 0.01674 0.01316 0.01076 0.00914 0.00818 0.00941 0.02135 ( 1)  0.142 +-  0.268
 326 -   0.19184 0.04306 0.04420 0.04523 0.04608 0.04690 0.04787 0.04935 0.05234 0.06865 0.36449 (11)  0.850 +-  0.668
 327 -   0.79577 0.05662 0.03295 0.02278 0.01710 0.01351 0.01110 0.00947 0.00850 0.00980 0.02241 ( 1)  0.145 +-  0.273
 328 -   0.32288 0.06604 0.06201 0.05819 0.05449 0.05109 0.04815 0.04594 0.04522 0.05540 0.19060 ( 1)  0.569 +-  0.571
 329 -   0.80364 0.05627 0.03228 0.02204 0.01636 0.01281 0.01044 0.00884 0.00789 0.00906 0.02039 ( 1)  0.139 +-  0.262
 330 -   0.87567 0.05138 0.02490 0.01451 0.00930 0.00635 0.00456 0.00344 0.00276 0.00289 0.00424 ( 1)  0.088 +-  0.146
 331 -   0.88844 0.05013 0.02329 0.01298 0.00793 0.00516 0.00353 0.00253 0.00193 0.00192 0.00218 ( 1)  0.080 +-  0.120
 332 -   0.83205 0.05528 0.03013 0.01959 0.01388 0.01039 0.00812 0.00661 0.00568 0.00631 0.01197 ( 1)  0.116 +-  0.214
 333 -   0.41621 0.07902 0.06919 0.06077 0.05347 0.04728 0.04219 0.03825 0.03592 0.04228 0.11540 ( 1)  0.427 +-  0.496
 334 -   0.00536 0.00867 0.01979 0.03192 0.04340 0.05348 0.06205 0.06954 0.07757 0.10354 0.52469 (11)  1.148 +-  0.522
 335 -   0.83908 0.05499 0.02955 0.01894 0.01324 0.00978 0.00754 0.00605 0.00514 0.00564 0.01006 ( 1)  0.110 +-  0.201
 336 -   0.37523 0.07385 0.06686 0.06058 0.05485 0.04979 0.04550 0.04216 0.04037 0.04827 0.14254 ( 1)  0.482 +-  0.525
 337 -   0.41894 0.07995 0.07023 0.06177 0.05433 0.04795 0.04263 0.03847 0.03591 0.04197 0.10784 ( 1)  0.416 +-  0.483
 338 -   0.84986 0.05433 0.02849 0.01784 0.01218 0.00880 0.00664 0.00522 0.00435 0.00468 0.00760 ( 1)  0.102 +-  0.182
 339 -   0.86900 0.05181 0.02558 0.01523 0.00998 0.00698 0.00513 0.00396 0.00325 0.00347 0.00561 ( 1)  0.092 +-  0.160
 340 -   0.86497 0.05299 0.02667 0.01605 0.01056 0.00737 0.00538 0.00411 0.00333 0.00349 0.00508 ( 1)  0.093 +-  0.158
 341 -   0.38246 0.07620 0.06922 0.06254 0.05623 0.05054 0.04566 0.04178 0.03950 0.04664 0.12924 ( 1)  0.462 +-  0.509
 342 -   0.08350 0.04453 0.06091 0.07018 0.07435 0.07520 0.07415 0.07245 0.07183 0.08671 0.28618 (11)  0.816 +-  0.545
 343 -   0.87522 0.05232 0.02562 0.01497 0.00954 0.00643 0.00452 0.00332 0.00258 0.00259 0.00289 ( 1)  0.086 +-  0.134
 344 -   0.86323 0.05351 0.02718 0.01647 0.01087 0.00759 0.00553 0.00420 0.00337 0.00350 0.00456 ( 1)  0.093 +-  0.155
 345 -   0.86962 0.05306 0.02650 0.01576 0.01021 0.00698 0.00498 0.00370 0.00290 0.00294 0.00334 ( 1)  0.088 +-  0.141
 346 -   0.88844 0.05013 0.02329 0.01298 0.00793 0.00516 0.00353 0.00253 0.00193 0.00192 0.00218 ( 1)  0.080 +-  0.120
 347 -   0.77456 0.05680 0.03404 0.02421 0.01868 0.01515 0.01276 0.01114 0.01022 0.01202 0.03042 ( 1)  0.165 +-  0.307
 348 -   0.89057 0.04914 0.02249 0.01245 0.00761 0.00499 0.00346 0.00253 0.00198 0.00202 0.00277 ( 1)  0.080 +-  0.125
 349 -   0.88181 0.05120 0.02443 0.01396 0.00873 0.00579 0.00402 0.00293 0.00226 0.00227 0.00261 ( 1)  0.083 +-  0.128
 350 -   0.87522 0.05232 0.02562 0.01497 0.00954 0.00643 0.00452 0.00332 0.00258 0.00259 0.00289 ( 1)  0.086 +-  0.134
 351 -   0.87539 0.05197 0.02535 0.01479 0.00944 0.00639 0.00453 0.00336 0.00265 0.00270 0.00341 ( 1)  0.086 +-  0.139
 352 -   0.84920 0.05456 0.02873 0.01805 0.01235 0.00893 0.00673 0.00528 0.00438 0.00469 0.00712 ( 1)  0.102 +-  0.179
 353 -   0.83626 0.05526 0.02993 0.01933 0.01359 0.01009 0.00781 0.00629 0.00535 0.00586 0.01025 ( 1)  0.112 +-  0.203
 354 -   0.85020 0.05428 0.02845 0.01781 0.01217 0.00879 0.00663 0.00522 0.00434 0.00467 0.00744 ( 1)  0.102 +-  0.181
 355 -   0.56416 0.09390 0.07241 0.05635 0.04421 0.03509 0.02830 0.02335 0.02011 0.02201 0.04012 ( 1)  0.255 +-  0.354
 356 -   0.87238 0.05190 0.02545 0.01499 0.00969 0.00666 0.00481 0.00364 0.00293 0.00307 0.00448 ( 1)  0.089 +-  0.150
 357 -   0.76709 0.05670 0.03426 0.02457 0.01910 0.01562 0.01326 0.01167 0.01080 0.01281 0.03411 ( 1)  0.173 +-  0.321
 358 -   0.36934 0.07250 0.06556 0.05943 0.05392 0.04910 0.04508 0.04200 0.04048 0.04876 0.15383 ( 1)  0.500 +-  0.543
 359 -   0.85819 0.05357 0.02747 0.01685 0.01129 0.00801 0.00595 0.00462 0.00379 0.00404 0.00621 ( 1)  0.097 +-  0.169
 360 -   0.73619 0.05605 0.03490 0.02578 0.02065 0.01739 0.01521 0.01378 0.01312 0.01599 0.05094 ( 1)  0.209 +-  0.380
 361 -   0.73619 0.05605 0.03490 0.02578 0.02065 0.01739 0.01521 0.01378 0.01312 0.01599 0.05094 ( 1)  0.209 +-  0.380
 362 -   0.73619 0.05605 0.03490 0.02578 0.02065 0.01739 0.01521 0.01378 0.01312 0.01599 0.05094 ( 1)  0.209 +-  0.380
 363 -   0.73619 0.05605 0.03490 0.02578 0.02065 0.01739 0.01521 0.01378 0.01312 0.01599 0.05094 ( 1)  0.209 +-  0.380
 364 -   0.73619 0.05605 0.03490 0.02578 0.02065 0.01739 0.01521 0.01378 0.01312 0.01599 0.05094 ( 1)  0.209 +-  0.380
 365 -   0.87238 0.05190 0.02545 0.01499 0.00969 0.00666 0.00481 0.00364 0.00293 0.00307 0.00448 ( 1)  0.089 +-  0.150
 366 -   0.34183 0.06848 0.06315 0.05833 0.05388 0.04993 0.04659 0.04409 0.04312 0.05258 0.17802 ( 1)  0.544 +-  0.564
 367 -   0.38682 0.07346 0.06460 0.05725 0.05106 0.04595 0.04190 0.03896 0.03765 0.04568 0.15666 ( 1)  0.493 +-  0.555
 368 -   0.02104 0.01345 0.02181 0.02962 0.03678 0.04338 0.04962 0.05596 0.06374 0.08809 0.57650 (11)  1.188 +-  0.571
 369 -   0.83319 0.05478 0.02963 0.01916 0.01355 0.01015 0.00795 0.00651 0.00564 0.00632 0.01314 ( 1)  0.117 +-  0.221
 370 -   0.23150 0.05032 0.05014 0.04988 0.04947 0.04907 0.04887 0.04920 0.05102 0.06554 0.30501 (11)  0.757 +-  0.644
 371 -   0.86762 0.05276 0.02636 0.01575 0.01029 0.00713 0.00517 0.00392 0.00315 0.00328 0.00457 ( 1)  0.091 +-  0.153
 372 -   0.88411 0.05010 0.02353 0.01334 0.00835 0.00558 0.00394 0.00293 0.00232 0.00240 0.00340 ( 1)  0.083 +-  0.135
 373 -   0.77256 0.05651 0.03383 0.02406 0.01858 0.01511 0.01276 0.01119 0.01033 0.01222 0.03284 ( 1)  0.169 +-  0.317
 374 -   0.49384 0.08547 0.06903 0.05661 0.04705 0.03972 0.03415 0.03009 0.02767 0.03220 0.08415 ( 1)  0.347 +-  0.452
 375 -   0.86497 0.05299 0.02667 0.01605 0.01056 0.00737 0.00538 0.00411 0.00333 0.00349 0.00508 ( 1)  0.093 +-  0.158
 376 -   0.00497 0.00454 0.00942 0.01540 0.02214 0.02944 0.03724 0.04578 0.05619 0.08306 0.69182 (11)  1.320 +-  0.518
 377 -   0.83581 0.05553 0.03019 0.01953 0.01374 0.01018 0.00786 0.00631 0.00534 0.00582 0.00969 ( 1)  0.111 +-  0.200
 378 -   0.42745 0.08083 0.07042 0.06148 0.05372 0.04714 0.04171 0.03749 0.03488 0.04070 0.10418 ( 1)  0.407 +-  0.478
 379 -   0.87567 0.05138 0.02490 0.01451 0.00930 0.00635 0.00456 0.00344 0.00276 0.00289 0.00424 ( 1)  0.088 +-  0.146
 380 -   0.37279 0.07377 0.06708 0.06097 0.05534 0.05031 0.04600 0.04262 0.04078 0.04868 0.14167 ( 1)  0.483 +-  0.523
 381 -   0.47409 0.08617 0.07231 0.06094 0.05151 0.04381 0.03764 0.03291 0.02985 0.03408 0.07670 ( 1)  0.348 +-  0.435
 382 -   0.04270 0.02536 0.03829 0.04845 0.05608 0.06168 0.06582 0.06928 0.07366 0.09487 0.42381 (11)  1.002 +-  0.559
 383 -   0.88955 0.04986 0.02304 0.01279 0.00780 0.00506 0.00346 0.00248 0.00189 0.00189 0.00218 ( 1)  0.079 +-  0.119
 384 -   0.87539 0.05197 0.02535 0.01479 0.00944 0.00639 0.00453 0.00336 0.00265 0.00270 0.00341 ( 1)  0.086 +-  0.139
 385 -   0.88716 0.04978 0.02312 0.01295 0.00801 0.00529 0.00369 0.00271 0.00213 0.00218 0.00298 ( 1)  0.082 +-  0.129
 386 -   0.81365 0.05651 0.03208 0.02163 0.01583 0.01219 0.00975 0.00810 0.00708 0.00795 0.01524 ( 1)  0.128 +-  0.236
 387 -   0.84286 0.05529 0.02966 0.01892 0.01311 0.00958 0.00728 0.00575 0.00478 0.00513 0.00764 ( 1)  0.105 +-  0.185
 388 -   0.29815 0.06189 0.05898 0.05617 0.05338 0.05079 0.04857 0.04703 0.04697 0.05832 0.21976 ( 1)  0.618 +-  0.595
 389 L   0.00055 0.00252 0.00911 0.01943 0.03198 0.04521 0.05800 0.06998 0.08232 0.11391 0.56700 (11)  1.197 +-  0.462
 390 R   0.85196 0.05489 0.02888 0.01805 0.01225 0.00875 0.00650 0.00501 0.00407 0.00425 0.00538 ( 1)  0.098 +-  0.166
 391 G   0.80333 0.05644 0.03246 0.02220 0.01649 0.01291 0.01051 0.00889 0.00791 0.00906 0.01981 ( 1)  0.138 +-  0.260
 392 P   0.84166 0.05548 0.02988 0.01912 0.01329 0.00972 0.00739 0.00584 0.00485 0.00520 0.00758 ( 1)  0.106 +-  0.185
 393 R   0.38896 0.07630 0.06876 0.06192 0.05566 0.05011 0.04536 0.04159 0.03937 0.04652 0.12544 ( 1)  0.454 +-  0.502
 394 A   0.84540 0.05525 0.02950 0.01872 0.01290 0.00936 0.00707 0.00554 0.00457 0.00486 0.00682 ( 1)  0.103 +-  0.179
 395 G   0.84109 0.05543 0.02986 0.01912 0.01330 0.00975 0.00743 0.00589 0.00491 0.00528 0.00794 ( 1)  0.106 +-  0.188
 396 G   0.50625 0.09131 0.07568 0.06270 0.05187 0.04298 0.03583 0.03027 0.02644 0.02900 0.04766 ( 1)  0.295 +-  0.374
 397 V   0.46614 0.08677 0.07423 0.06346 0.05415 0.04628 0.03978 0.03463 0.03115 0.03509 0.06832 ( 1)  0.343 +-  0.417
 398 Q   0.84642 0.05523 0.02944 0.01864 0.01282 0.00928 0.00698 0.00545 0.00449 0.00475 0.00649 ( 1)  0.102 +-  0.176
 399 G   0.85412 0.05464 0.02856 0.01775 0.01199 0.00853 0.00631 0.00485 0.00393 0.00410 0.00522 ( 1)  0.097 +-  0.164
 400 P   0.45896 0.08607 0.07413 0.06376 0.05471 0.04698 0.04056 0.03545 0.03199 0.03613 0.07126 ( 1)  0.350 +-  0.422
 401 P   0.03479 0.02115 0.03266 0.04226 0.05002 0.05625 0.06135 0.06599 0.07168 0.09432 0.46953 (11)  1.058 +-  0.558
 402 G   0.76917 0.05674 0.03421 0.02448 0.01900 0.01550 0.01313 0.01153 0.01064 0.01259 0.03300 ( 1)  0.171 +-  0.317
 403 P   0.84166 0.05548 0.02988 0.01912 0.01329 0.00972 0.00739 0.00584 0.00485 0.00520 0.00758 ( 1)  0.106 +-  0.185
 404 P   0.05723 0.03276 0.04779 0.05846 0.06548 0.06972 0.07206 0.07350 0.07574 0.09452 0.35274 (11)  0.911 +-  0.542
 405 E   0.47075 0.08731 0.07441 0.06338 0.05388 0.04588 0.03929 0.03409 0.03057 0.03435 0.06609 ( 1)  0.337 +-  0.413
 406 P   0.84166 0.05548 0.02988 0.01912 0.01329 0.00972 0.00739 0.00584 0.00485 0.00520 0.00758 ( 1)  0.106 +-  0.185
 407 A   0.08141 0.04436 0.06179 0.07222 0.07733 0.07876 0.07791 0.07609 0.07513 0.08992 0.26508 (11)  0.793 +-  0.519
 408 A   0.50301 0.09101 0.07566 0.06286 0.05213 0.04331 0.03618 0.03064 0.02681 0.02946 0.04891 ( 1)  0.299 +-  0.377
 409 G   0.40077 0.07816 0.07001 0.06265 0.05593 0.04998 0.04490 0.04084 0.03833 0.04492 0.11351 ( 1)  0.433 +-  0.486
 410 Q   0.83719 0.05571 0.03029 0.01957 0.01373 0.01013 0.00778 0.00620 0.00520 0.00561 0.00859 ( 1)  0.109 +-  0.193
 411 G   0.85412 0.05464 0.02856 0.01775 0.01199 0.00853 0.00631 0.00485 0.00393 0.00410 0.00522 ( 1)  0.097 +-  0.164
 412 S   0.05780 0.03289 0.04777 0.05823 0.06507 0.06917 0.07145 0.07288 0.07516 0.09395 0.35562 (11)  0.913 +-  0.544
 413 L   0.82901 0.05613 0.03105 0.02039 0.01453 0.01090 0.00849 0.00686 0.00584 0.00638 0.01042 ( 1)  0.115 +-  0.207
 414 A   0.84502 0.05517 0.02946 0.01870 0.01291 0.00938 0.00710 0.00558 0.00462 0.00493 0.00712 ( 1)  0.104 +-  0.181
 415 P   0.37892 0.07523 0.06853 0.06231 0.05648 0.05120 0.04662 0.04294 0.04078 0.04826 0.12872 ( 1)  0.464 +-  0.503
 416 D   0.88822 0.05077 0.02375 0.01325 0.00805 0.00517 0.00347 0.00242 0.00179 0.00171 0.00140 ( 1)  0.078 +-  0.111
 417 S   0.88281 0.05170 0.02474 0.01408 0.00872 0.00570 0.00387 0.00274 0.00205 0.00197 0.00162 ( 1)  0.081 +-  0.117
 418 A   0.76550 0.05669 0.03432 0.02466 0.01921 0.01573 0.01338 0.01179 0.01093 0.01298 0.03482 ( 1)  0.175 +-  0.324
 419 G   0.86590 0.05355 0.02708 0.01630 0.01067 0.00737 0.00530 0.00396 0.00313 0.00318 0.00355 ( 1)  0.090 +-  0.145
 420 E   0.86264 0.05395 0.02757 0.01675 0.01106 0.00770 0.00557 0.00419 0.00332 0.00340 0.00385 ( 1)  0.092 +-  0.149
 421 S   0.54594 0.09453 0.07535 0.06018 0.04810 0.03860 0.03124 0.02569 0.02189 0.02353 0.03496 ( 1)  0.258 +-  0.341
 422 A   0.51388 0.09215 0.07592 0.06252 0.05139 0.04231 0.03505 0.02943 0.02554 0.02784 0.04398 ( 1)  0.286 +-  0.366
 423 P   0.37783 0.07515 0.06857 0.06243 0.05665 0.05140 0.04683 0.04314 0.04098 0.04847 0.12854 ( 1)  0.464 +-  0.502
 424 G   0.80992 0.05629 0.03203 0.02169 0.01596 0.01237 0.00999 0.00837 0.00739 0.00840 0.01759 ( 1)  0.133 +-  0.248
 425 R   0.84094 0.05531 0.02977 0.01906 0.01327 0.00974 0.00744 0.00591 0.00495 0.00534 0.00827 ( 1)  0.107 +-  0.190
 426 D   0.51728 0.09250 0.07600 0.06240 0.05115 0.04199 0.03468 0.02903 0.02513 0.02732 0.04252 ( 1)  0.283 +-  0.362
 427 P   0.49788 0.09014 0.07505 0.06251 0.05202 0.04340 0.03646 0.03107 0.02739 0.03033 0.05372 ( 1)  0.307 +-  0.388
 428 H   0.75878 0.05659 0.03450 0.02496 0.01958 0.01615 0.01383 0.01227 0.01145 0.01368 0.03821 ( 1)  0.182 +-  0.336
 429 A   0.81668 0.05654 0.03198 0.02147 0.01563 0.01198 0.00953 0.00786 0.00683 0.00761 0.01389 ( 1)  0.125 +-  0.229
 430 S   0.34154 0.06965 0.06511 0.06071 0.05639 0.05235 0.04877 0.04593 0.04455 0.05372 0.16130 ( 1)  0.523 +-  0.536
 431 P   0.86949 0.05320 0.02662 0.01585 0.01027 0.00701 0.00499 0.00369 0.00288 0.00291 0.00309 ( 1)  0.088 +-  0.139
 432 A   0.87337 0.05275 0.02606 0.01533 0.00981 0.00663 0.00467 0.00342 0.00264 0.00264 0.00268 ( 1)  0.086 +-  0.134
 433 S   0.88281 0.05170 0.02474 0.01408 0.00872 0.00570 0.00387 0.00274 0.00205 0.00197 0.00162 ( 1)  0.081 +-  0.117
 434 P   0.86949 0.05320 0.02662 0.01585 0.01027 0.00701 0.00499 0.00369 0.00288 0.00291 0.00309 ( 1)  0.088 +-  0.139
 435 A   0.44254 0.08366 0.07271 0.06317 0.05481 0.04764 0.04165 0.03690 0.03378 0.03869 0.08444 ( 1)  0.375 +-  0.444
 436 P   0.06467 0.03642 0.05233 0.06306 0.06957 0.07299 0.07434 0.07473 0.07591 0.09341 0.32257 (11)  0.871 +-  0.536
 437 P   0.39121 0.07691 0.06940 0.06254 0.05620 0.05053 0.04566 0.04175 0.03938 0.04634 0.12008 ( 1)  0.446 +-  0.494
 438 G   0.84175 0.05538 0.02979 0.01905 0.01323 0.00969 0.00738 0.00583 0.00486 0.00522 0.00781 ( 1)  0.106 +-  0.187
 439 K   0.85649 0.05455 0.02837 0.01753 0.01176 0.00831 0.00611 0.00466 0.00374 0.00387 0.00462 ( 1)  0.095 +-  0.158
 440 E   0.86264 0.05395 0.02757 0.01675 0.01106 0.00770 0.00557 0.00419 0.00332 0.00340 0.00385 ( 1)  0.092 +-  0.149
 441 H   0.08365 0.04532 0.06281 0.07308 0.07791 0.07905 0.07792 0.07587 0.07471 0.08921 0.26047 (11)  0.786 +-  0.518
 442 S   0.44422 0.08370 0.07252 0.06285 0.05441 0.04721 0.04124 0.03652 0.03344 0.03835 0.08555 ( 1)  0.375 +-  0.447
 443 R   0.84491 0.05525 0.02953 0.01876 0.01294 0.00940 0.00711 0.00558 0.00462 0.00492 0.00700 ( 1)  0.103 +-  0.180
 444 D   0.88822 0.05077 0.02375 0.01325 0.00805 0.00517 0.00347 0.00242 0.00179 0.00171 0.00140 ( 1)  0.078 +-  0.111
 445 L   0.86981 0.05328 0.02666 0.01586 0.01025 0.00699 0.00495 0.00365 0.00284 0.00284 0.00287 ( 1)  0.088 +-  0.137
 446 K   0.85649 0.05455 0.02837 0.01753 0.01176 0.00831 0.00611 0.00466 0.00374 0.00387 0.00462 ( 1)  0.095 +-  0.158
 447 F   0.86157 0.05417 0.02781 0.01695 0.01122 0.00782 0.00566 0.00425 0.00337 0.00343 0.00374 ( 1)  0.092 +-  0.149
 448 S   0.88281 0.05170 0.02474 0.01408 0.00872 0.00570 0.00387 0.00274 0.00205 0.00197 0.00162 ( 1)  0.081 +-  0.117
 449 I   0.86775 0.05357 0.02699 0.01616 0.01051 0.00720 0.00513 0.00379 0.00295 0.00296 0.00298 ( 1)  0.089 +-  0.139
 450 D   0.88822 0.05077 0.02375 0.01325 0.00805 0.00517 0.00347 0.00242 0.00179 0.00171 0.00140 ( 1)  0.078 +-  0.111
 451 Y   0.87579 0.05262 0.02582 0.01507 0.00956 0.00639 0.00445 0.00322 0.00246 0.00242 0.00221 ( 1)  0.084 +-  0.128
 452 I   0.86775 0.05357 0.02699 0.01616 0.01051 0.00720 0.00513 0.00379 0.00295 0.00296 0.00298 ( 1)  0.089 +-  0.139
 453 L   0.83833 0.05562 0.03015 0.01943 0.01359 0.01002 0.00768 0.00611 0.00512 0.00552 0.00844 ( 1)  0.108 +-  0.192
 454 S   0.86764 0.05353 0.02697 0.01615 0.01051 0.00721 0.00514 0.00381 0.00297 0.00299 0.00308 ( 1)  0.089 +-  0.140
 455 S   0.86764 0.05353 0.02697 0.01615 0.01051 0.00721 0.00514 0.00381 0.00297 0.00299 0.00308 ( 1)  0.089 +-  0.140
 456 P   0.76199 0.05664 0.03442 0.02482 0.01940 0.01595 0.01362 0.01204 0.01120 0.01334 0.03657 ( 1)  0.178 +-  0.330
 457 D   0.88822 0.05077 0.02375 0.01325 0.00805 0.00517 0.00347 0.00242 0.00179 0.00171 0.00140 ( 1)  0.078 +-  0.111
 458 P   0.86949 0.05320 0.02662 0.01585 0.01027 0.00701 0.00499 0.00369 0.00288 0.00291 0.00309 ( 1)  0.088 +-  0.139
 459 F   0.84847 0.05515 0.02928 0.01846 0.01263 0.00910 0.00681 0.00529 0.00432 0.00455 0.00594 ( 1)  0.101 +-  0.172
 460 P   0.84013 0.05551 0.02998 0.01925 0.01342 0.00986 0.00753 0.00597 0.00499 0.00536 0.00800 ( 1)  0.107 +-  0.188
 461 G   0.81930 0.05621 0.03155 0.02105 0.01526 0.01165 0.00925 0.00763 0.00663 0.00741 0.01407 ( 1)  0.124 +-  0.229
 462 L   0.49493 0.09033 0.07570 0.06337 0.05292 0.04423 0.03717 0.03162 0.02779 0.03062 0.05132 ( 1)  0.306 +-  0.383
 463 K   0.85649 0.05455 0.02837 0.01753 0.01176 0.00831 0.00611 0.00466 0.00374 0.00387 0.00462 ( 1)  0.095 +-  0.158
 464 P   0.84093 0.05552 0.02995 0.01919 0.01336 0.00979 0.00746 0.00589 0.00491 0.00526 0.00774 ( 1)  0.106 +-  0.186
 465 P   0.86949 0.05320 0.02662 0.01585 0.01027 0.00701 0.00499 0.00369 0.00288 0.00291 0.00309 ( 1)  0.088 +-  0.139
 466 C   0.47131 0.08762 0.07481 0.06378 0.05425 0.04618 0.03950 0.03421 0.03059 0.03425 0.06349 ( 1)  0.334 +-  0.407
 467 L   0.45987 0.08625 0.07428 0.06388 0.05479 0.04703 0.04057 0.03542 0.03193 0.03601 0.06997 ( 1)  0.348 +-  0.419
 468 A   0.76089 0.05662 0.03445 0.02486 0.01946 0.01602 0.01369 0.01212 0.01128 0.01346 0.03714 ( 1)  0.180 +-  0.332
 469 Q   0.40004 0.07819 0.07016 0.06286 0.05618 0.05023 0.04513 0.04104 0.03851 0.04508 0.11258 ( 1)  0.433 +-  0.484
 470 E   0.86264 0.05395 0.02757 0.01675 0.01106 0.00770 0.00557 0.00419 0.00332 0.00340 0.00385 ( 1)  0.092 +-  0.149
 471 G   0.88238 0.05160 0.02469 0.01408 0.00875 0.00574 0.00393 0.00280 0.00211 0.00206 0.00184 ( 1)  0.081 +-  0.120
 472 -   0.73619 0.05605 0.03490 0.02578 0.02065 0.01739 0.01521 0.01378 0.01312 0.01599 0.05094 ( 1)  0.209 +-  0.380
 473 -   0.73619 0.05605 0.03490 0.02578 0.02065 0.01739 0.01521 0.01378 0.01312 0.01599 0.05094 ( 1)  0.209 +-  0.380
 474 -   0.73619 0.05605 0.03490 0.02578 0.02065 0.01739 0.01521 0.01378 0.01312 0.01599 0.05094 ( 1)  0.209 +-  0.380
 475 -   0.73619 0.05605 0.03490 0.02578 0.02065 0.01739 0.01521 0.01378 0.01312 0.01599 0.05094 ( 1)  0.209 +-  0.380
 476 -   0.73619 0.05605 0.03490 0.02578 0.02065 0.01739 0.01521 0.01378 0.01312 0.01599 0.05094 ( 1)  0.209 +-  0.380
 477 R   0.77797 0.05685 0.03395 0.02406 0.01849 0.01493 0.01253 0.01089 0.00995 0.01166 0.02873 ( 1)  0.161 +-  0.300
 478 Y   0.86281 0.05390 0.02752 0.01671 0.01103 0.00767 0.00556 0.00418 0.00332 0.00340 0.00389 ( 1)  0.092 +-  0.150
 479 A   0.02913 0.01807 0.02844 0.03749 0.04519 0.05173 0.05741 0.06282 0.06939 0.09290 0.50742 (11)  1.105 +-  0.561
 480 P   0.40756 0.07915 0.07060 0.06289 0.05590 0.04973 0.04447 0.04027 0.03763 0.04391 0.10788 ( 1)  0.423 +-  0.478
 481 L   0.36114 0.07258 0.06691 0.06155 0.05644 0.05175 0.04764 0.04435 0.04257 0.05084 0.14424 ( 1)  0.492 +-  0.520
 482 E   0.86264 0.05395 0.02757 0.01675 0.01106 0.00770 0.00557 0.00419 0.00332 0.00340 0.00385 ( 1)  0.092 +-  0.149
 483 N   0.88242 0.05172 0.02478 0.01413 0.00876 0.00573 0.00391 0.00277 0.00208 0.00201 0.00169 ( 1)  0.081 +-  0.118
 484 V   0.84544 0.05532 0.02956 0.01877 0.01293 0.00938 0.00707 0.00553 0.00456 0.00483 0.00661 ( 1)  0.103 +-  0.177
 485 G   0.87233 0.05275 0.02612 0.01541 0.00991 0.00673 0.00477 0.00352 0.00274 0.00276 0.00296 ( 1)  0.087 +-  0.137
 486 L   0.86981 0.05328 0.02666 0.01586 0.01025 0.00699 0.00495 0.00365 0.00284 0.00284 0.00287 ( 1)  0.088 +-  0.137
 487 H   0.88436 0.05136 0.02440 0.01381 0.00852 0.00555 0.00377 0.00267 0.00199 0.00193 0.00166 ( 1)  0.080 +-  0.117
 488 F   0.76719 0.05673 0.03429 0.02459 0.01912 0.01564 0.01327 0.01168 0.01080 0.01280 0.03389 ( 1)  0.173 +-  0.320
 489 W   0.83495 0.05592 0.03058 0.01986 0.01399 0.01037 0.00799 0.00638 0.00536 0.00580 0.00880 ( 1)  0.110 +-  0.195
 490 T   0.76844 0.05673 0.03424 0.02452 0.01904 0.01555 0.01318 0.01158 0.01070 0.01267 0.03336 ( 1)  0.171 +-  0.318
 491 M   0.84561 0.05537 0.02960 0.01879 0.01294 0.00938 0.00706 0.00551 0.00453 0.00479 0.00643 ( 1)  0.102 +-  0.176
 492 -   0.73619 0.05605 0.03490 0.02578 0.02065 0.01739 0.01521 0.01378 0.01312 0.01599 0.05094 ( 1)  0.209 +-  0.380
 493 -   0.73619 0.05605 0.03490 0.02578 0.02065 0.01739 0.01521 0.01378 0.01312 0.01599 0.05094 ( 1)  0.209 +-  0.380
 494 -   0.73619 0.05605 0.03490 0.02578 0.02065 0.01739 0.01521 0.01378 0.01312 0.01599 0.05094 ( 1)  0.209 +-  0.380
 495 -   0.73619 0.05605 0.03490 0.02578 0.02065 0.01739 0.01521 0.01378 0.01312 0.01599 0.05094 ( 1)  0.209 +-  0.380
 496 -   0.73619 0.05605 0.03490 0.02578 0.02065 0.01739 0.01521 0.01378 0.01312 0.01599 0.05094 ( 1)  0.209 +-  0.380
 497 -   0.73619 0.05605 0.03490 0.02578 0.02065 0.01739 0.01521 0.01378 0.01312 0.01599 0.05094 ( 1)  0.209 +-  0.380
 498 -   0.73619 0.05605 0.03490 0.02578 0.02065 0.01739 0.01521 0.01378 0.01312 0.01599 0.05094 ( 1)  0.209 +-  0.380
 499 -   0.73619 0.05605 0.03490 0.02578 0.02065 0.01739 0.01521 0.01378 0.01312 0.01599 0.05094 ( 1)  0.209 +-  0.380
 500 -   0.73619 0.05605 0.03490 0.02578 0.02065 0.01739 0.01521 0.01378 0.01312 0.01599 0.05094 ( 1)  0.209 +-  0.380
 501 -   0.73619 0.05605 0.03490 0.02578 0.02065 0.01739 0.01521 0.01378 0.01312 0.01599 0.05094 ( 1)  0.209 +-  0.380
 502 -   0.73619 0.05605 0.03490 0.02578 0.02065 0.01739 0.01521 0.01378 0.01312 0.01599 0.05094 ( 1)  0.209 +-  0.380
 503 -   0.73619 0.05605 0.03490 0.02578 0.02065 0.01739 0.01521 0.01378 0.01312 0.01599 0.05094 ( 1)  0.209 +-  0.380
 504 -   0.73619 0.05605 0.03490 0.02578 0.02065 0.01739 0.01521 0.01378 0.01312 0.01599 0.05094 ( 1)  0.209 +-  0.380
 505 -   0.73619 0.05605 0.03490 0.02578 0.02065 0.01739 0.01521 0.01378 0.01312 0.01599 0.05094 ( 1)  0.209 +-  0.380
 506 -   0.73619 0.05605 0.03490 0.02578 0.02065 0.01739 0.01521 0.01378 0.01312 0.01599 0.05094 ( 1)  0.209 +-  0.380
 507 -   0.73619 0.05605 0.03490 0.02578 0.02065 0.01739 0.01521 0.01378 0.01312 0.01599 0.05094 ( 1)  0.209 +-  0.380
 508 -   0.73619 0.05605 0.03490 0.02578 0.02065 0.01739 0.01521 0.01378 0.01312 0.01599 0.05094 ( 1)  0.209 +-  0.380
 509 -   0.73619 0.05605 0.03490 0.02578 0.02065 0.01739 0.01521 0.01378 0.01312 0.01599 0.05094 ( 1)  0.209 +-  0.380
 510 -   0.73619 0.05605 0.03490 0.02578 0.02065 0.01739 0.01521 0.01378 0.01312 0.01599 0.05094 ( 1)  0.209 +-  0.380
 511 -   0.73619 0.05605 0.03490 0.02578 0.02065 0.01739 0.01521 0.01378 0.01312 0.01599 0.05094 ( 1)  0.209 +-  0.380
 512 -   0.73619 0.05605 0.03490 0.02578 0.02065 0.01739 0.01521 0.01378 0.01312 0.01599 0.05094 ( 1)  0.209 +-  0.380
 513 -   0.73619 0.05605 0.03490 0.02578 0.02065 0.01739 0.01521 0.01378 0.01312 0.01599 0.05094 ( 1)  0.209 +-  0.380
 514 -   0.73619 0.05605 0.03490 0.02578 0.02065 0.01739 0.01521 0.01378 0.01312 0.01599 0.05094 ( 1)  0.209 +-  0.380
 515 -   0.73619 0.05605 0.03490 0.02578 0.02065 0.01739 0.01521 0.01378 0.01312 0.01599 0.05094 ( 1)  0.209 +-  0.380
 516 -   0.73619 0.05605 0.03490 0.02578 0.02065 0.01739 0.01521 0.01378 0.01312 0.01599 0.05094 ( 1)  0.209 +-  0.380
 517 -   0.73619 0.05605 0.03490 0.02578 0.02065 0.01739 0.01521 0.01378 0.01312 0.01599 0.05094 ( 1)  0.209 +-  0.380
 518 -   0.73619 0.05605 0.03490 0.02578 0.02065 0.01739 0.01521 0.01378 0.01312 0.01599 0.05094 ( 1)  0.209 +-  0.380
 519 -   0.73619 0.05605 0.03490 0.02578 0.02065 0.01739 0.01521 0.01378 0.01312 0.01599 0.05094 ( 1)  0.209 +-  0.380
 520 -   0.73619 0.05605 0.03490 0.02578 0.02065 0.01739 0.01521 0.01378 0.01312 0.01599 0.05094 ( 1)  0.209 +-  0.380
 521 -   0.73619 0.05605 0.03490 0.02578 0.02065 0.01739 0.01521 0.01378 0.01312 0.01599 0.05094 ( 1)  0.209 +-  0.380
 522 -   0.73619 0.05605 0.03490 0.02578 0.02065 0.01739 0.01521 0.01378 0.01312 0.01599 0.05094 ( 1)  0.209 +-  0.380
 523 -   0.73619 0.05605 0.03490 0.02578 0.02065 0.01739 0.01521 0.01378 0.01312 0.01599 0.05094 ( 1)  0.209 +-  0.380
 524 -   0.73619 0.05605 0.03490 0.02578 0.02065 0.01739 0.01521 0.01378 0.01312 0.01599 0.05094 ( 1)  0.209 +-  0.380
 525 -   0.73619 0.05605 0.03490 0.02578 0.02065 0.01739 0.01521 0.01378 0.01312 0.01599 0.05094 ( 1)  0.209 +-  0.380
 526 -   0.73619 0.05605 0.03490 0.02578 0.02065 0.01739 0.01521 0.01378 0.01312 0.01599 0.05094 ( 1)  0.209 +-  0.380
 527 -   0.73619 0.05605 0.03490 0.02578 0.02065 0.01739 0.01521 0.01378 0.01312 0.01599 0.05094 ( 1)  0.209 +-  0.380
 528 -   0.73619 0.05605 0.03490 0.02578 0.02065 0.01739 0.01521 0.01378 0.01312 0.01599 0.05094 ( 1)  0.209 +-  0.380
 529 -   0.73619 0.05605 0.03490 0.02578 0.02065 0.01739 0.01521 0.01378 0.01312 0.01599 0.05094 ( 1)  0.209 +-  0.380
 530 -   0.73619 0.05605 0.03490 0.02578 0.02065 0.01739 0.01521 0.01378 0.01312 0.01599 0.05094 ( 1)  0.209 +-  0.380
 531 -   0.73619 0.05605 0.03490 0.02578 0.02065 0.01739 0.01521 0.01378 0.01312 0.01599 0.05094 ( 1)  0.209 +-  0.380
 532 -   0.73619 0.05605 0.03490 0.02578 0.02065 0.01739 0.01521 0.01378 0.01312 0.01599 0.05094 ( 1)  0.209 +-  0.380
 533 -   0.73619 0.05605 0.03490 0.02578 0.02065 0.01739 0.01521 0.01378 0.01312 0.01599 0.05094 ( 1)  0.209 +-  0.380
 534 -   0.73619 0.05605 0.03490 0.02578 0.02065 0.01739 0.01521 0.01378 0.01312 0.01599 0.05094 ( 1)  0.209 +-  0.380
 535 -   0.73619 0.05605 0.03490 0.02578 0.02065 0.01739 0.01521 0.01378 0.01312 0.01599 0.05094 ( 1)  0.209 +-  0.380
 536 -   0.73619 0.05605 0.03490 0.02578 0.02065 0.01739 0.01521 0.01378 0.01312 0.01599 0.05094 ( 1)  0.209 +-  0.380
 537 -   0.73619 0.05605 0.03490 0.02578 0.02065 0.01739 0.01521 0.01378 0.01312 0.01599 0.05094 ( 1)  0.209 +-  0.380
 538 -   0.73619 0.05605 0.03490 0.02578 0.02065 0.01739 0.01521 0.01378 0.01312 0.01599 0.05094 ( 1)  0.209 +-  0.380
 539 -   0.73619 0.05605 0.03490 0.02578 0.02065 0.01739 0.01521 0.01378 0.01312 0.01599 0.05094 ( 1)  0.209 +-  0.380
 540 -   0.73619 0.05605 0.03490 0.02578 0.02065 0.01739 0.01521 0.01378 0.01312 0.01599 0.05094 ( 1)  0.209 +-  0.380
 541 -   0.73619 0.05605 0.03490 0.02578 0.02065 0.01739 0.01521 0.01378 0.01312 0.01599 0.05094 ( 1)  0.209 +-  0.380
 542 -   0.73619 0.05605 0.03490 0.02578 0.02065 0.01739 0.01521 0.01378 0.01312 0.01599 0.05094 ( 1)  0.209 +-  0.380
 543 -   0.73619 0.05605 0.03490 0.02578 0.02065 0.01739 0.01521 0.01378 0.01312 0.01599 0.05094 ( 1)  0.209 +-  0.380
 544 -   0.73619 0.05605 0.03490 0.02578 0.02065 0.01739 0.01521 0.01378 0.01312 0.01599 0.05094 ( 1)  0.209 +-  0.380
 545 -   0.73619 0.05605 0.03490 0.02578 0.02065 0.01739 0.01521 0.01378 0.01312 0.01599 0.05094 ( 1)  0.209 +-  0.380
 546 -   0.73619 0.05605 0.03490 0.02578 0.02065 0.01739 0.01521 0.01378 0.01312 0.01599 0.05094 ( 1)  0.209 +-  0.380
 547 -   0.73619 0.05605 0.03490 0.02578 0.02065 0.01739 0.01521 0.01378 0.01312 0.01599 0.05094 ( 1)  0.209 +-  0.380

Positively selected sites

	Prob(w>1)  mean w

   334 -      0.525         1.148 +- 0.522
   368 -      0.576         1.188 +- 0.571
   376 -      0.692         1.320 +- 0.518
   389 L      0.567         1.197 +- 0.462
   479 A      0.507         1.105 +- 0.561

