Supplemental results for CODEML (seqf: algn  treef: tree)


dN/dS (w) for site classes (K=5)

p:   0.25000  0.25000  0.25000  0.25000  0.00001
w:   0.00000  0.00000  0.00000  0.21219  1.00000

Naive Empirical Bayes (NEB) probabilities for 5 classes & postmean_w
(amino acids refer to 1st sequence: chlSab_FOXL3_XM_008018930)

   1 -   0.25000 0.25000 0.25000 0.25000 0.00001 ( 4)  0.053
   2 -   0.25000 0.25000 0.25000 0.25000 0.00001 ( 4)  0.053
   3 -   0.25000 0.25000 0.25000 0.25000 0.00001 ( 1)  0.053
   4 -   0.25000 0.25000 0.25000 0.25000 0.00001 ( 4)  0.053
   5 -   0.25000 0.25000 0.25000 0.25000 0.00001 ( 4)  0.053
   6 -   0.25000 0.25000 0.25000 0.25000 0.00001 ( 4)  0.053
   7 -   0.25000 0.25000 0.25000 0.25000 0.00001 ( 4)  0.053
   8 -   0.25000 0.25000 0.25000 0.25000 0.00001 ( 1)  0.053
   9 -   0.25000 0.25000 0.25000 0.25000 0.00001 ( 4)  0.053
  10 -   0.25000 0.25000 0.25000 0.25000 0.00001 ( 4)  0.053
  11 -   0.25000 0.25000 0.25000 0.25000 0.00001 ( 1)  0.053
  12 -   0.25000 0.25000 0.25000 0.25000 0.00001 ( 4)  0.053
  13 -   0.25000 0.25000 0.25000 0.25000 0.00001 ( 4)  0.053
  14 -   0.25000 0.25000 0.25000 0.25000 0.00001 ( 4)  0.053
  15 -   0.25000 0.25000 0.25000 0.25000 0.00001 ( 4)  0.053
  16 -   0.25000 0.25000 0.25000 0.25000 0.00001 ( 4)  0.053
  17 -   0.25000 0.25000 0.25000 0.25000 0.00001 ( 4)  0.053
  18 -   0.25000 0.25000 0.25000 0.25000 0.00001 ( 4)  0.053
  19 -   0.25000 0.25000 0.25000 0.25000 0.00001 ( 4)  0.053
  20 -   0.25000 0.25000 0.25000 0.25000 0.00001 ( 4)  0.053
  21 -   0.25000 0.25000 0.25000 0.25000 0.00001 ( 4)  0.053
  22 -   0.25000 0.25000 0.25000 0.25000 0.00001 ( 4)  0.053
  23 -   0.25000 0.25000 0.25000 0.25000 0.00001 ( 4)  0.053
  24 -   0.25000 0.25000 0.25000 0.25000 0.00001 ( 4)  0.053
  25 -   0.25000 0.25000 0.25000 0.25000 0.00001 ( 4)  0.053
  26 -   0.25000 0.25000 0.25000 0.25000 0.00001 ( 4)  0.053
  27 -   0.25000 0.25000 0.25000 0.25000 0.00001 ( 4)  0.053
  28 -   0.25000 0.25000 0.25000 0.25000 0.00001 ( 4)  0.053
  29 -   0.25000 0.25000 0.25000 0.25000 0.00001 ( 4)  0.053
  30 -   0.25000 0.25000 0.25000 0.25000 0.00001 ( 4)  0.053
  31 -   0.25000 0.25000 0.25000 0.25000 0.00001 ( 4)  0.053
  32 -   0.25000 0.25000 0.25000 0.25000 0.00001 ( 4)  0.053
  33 -   0.25000 0.25000 0.25000 0.25000 0.00001 ( 4)  0.053
  34 -   0.25000 0.25000 0.25000 0.25000 0.00001 ( 1)  0.053
  35 -   0.25000 0.25000 0.25000 0.25000 0.00001 ( 4)  0.053
  36 -   0.25000 0.25000 0.25000 0.25000 0.00001 ( 4)  0.053
  37 -   0.25000 0.25000 0.25000 0.25000 0.00001 ( 4)  0.053
  38 -   0.25000 0.25000 0.25000 0.25000 0.00001 ( 4)  0.053
  39 -   0.25000 0.25000 0.25000 0.25000 0.00001 ( 4)  0.053
  40 -   0.25000 0.25000 0.25000 0.25000 0.00001 ( 4)  0.053
  41 -   0.25000 0.25000 0.25000 0.25000 0.00001 ( 4)  0.053
  42 -   0.25000 0.25000 0.25000 0.25000 0.00001 ( 4)  0.053
  43 -   0.25000 0.25000 0.25000 0.25000 0.00001 ( 4)  0.053
  44 -   0.25000 0.25000 0.25000 0.25000 0.00001 ( 4)  0.053
  45 -   0.25000 0.25000 0.25000 0.25000 0.00001 ( 4)  0.053
  46 -   0.25000 0.25000 0.25000 0.25000 0.00001 ( 4)  0.053
  47 -   0.25000 0.25000 0.25000 0.25000 0.00001 ( 4)  0.053
  48 -   0.25000 0.25000 0.25000 0.25000 0.00001 ( 4)  0.053
  49 -   0.25000 0.25000 0.25000 0.25000 0.00001 ( 4)  0.053
  50 -   0.25000 0.25000 0.25000 0.25000 0.00001 ( 4)  0.053
  51 -   0.25000 0.25000 0.25000 0.25000 0.00001 ( 4)  0.053
  52 -   0.25000 0.25000 0.25000 0.25000 0.00001 ( 4)  0.053
  53 -   0.25000 0.25000 0.25000 0.25000 0.00001 ( 4)  0.053
  54 -   0.25000 0.25000 0.25000 0.25000 0.00001 ( 4)  0.053
  55 -   0.25000 0.25000 0.25000 0.25000 0.00001 ( 4)  0.053
  56 -   0.25000 0.25000 0.25000 0.25000 0.00001 ( 4)  0.053
  57 M   0.28805 0.28805 0.28805 0.13585 0.00000 ( 1)  0.029
  58 F   0.26042 0.26042 0.26042 0.21875 0.00000 ( 1)  0.046
  59 D   0.30946 0.30946 0.30946 0.07163 0.00000 ( 1)  0.015
  60 S   0.00000 0.00000 0.00000 0.99999 0.00001 ( 4)  0.212
  61 S   0.27369 0.27369 0.27369 0.17892 0.00000 ( 1)  0.038
  62 Q   0.28658 0.28658 0.28658 0.14026 0.00000 ( 1)  0.030
  63 Y   0.25717 0.25717 0.25717 0.22848 0.00001 ( 1)  0.048
  64 P   0.30063 0.30063 0.30063 0.09810 0.00000 ( 1)  0.021
  65 Y   0.30817 0.30817 0.30817 0.07548 0.00000 ( 1)  0.016
  66 N   0.29811 0.29811 0.29811 0.10568 0.00000 ( 1)  0.022
  67 C   0.30789 0.30789 0.30789 0.07632 0.00000 ( 1)  0.016
  68 F   0.30112 0.30112 0.30112 0.09664 0.00000 ( 1)  0.021
  69 N   0.26549 0.26549 0.26549 0.20353 0.00000 ( 1)  0.043
  70 D   0.00000 0.00000 0.00000 0.99999 0.00001 ( 4)  0.212
  71 D   0.30517 0.30517 0.30517 0.08448 0.00000 ( 1)  0.018
  72 A   0.00000 0.00000 0.00000 1.00000 0.00000 ( 4)  0.212
  73 D   0.31186 0.31186 0.31186 0.06443 0.00000 ( 1)  0.014
  74 D   0.00000 0.00000 0.00000 0.99999 0.00001 ( 4)  0.212
  75 Y   0.00000 0.00000 0.00000 1.00000 0.00000 ( 4)  0.212
  76 P   0.28798 0.28798 0.28798 0.13606 0.00000 ( 1)  0.029
  77 A   0.30133 0.30133 0.30133 0.09602 0.00000 ( 1)  0.020
  78 G   0.00000 0.00000 0.00000 0.99999 0.00001 ( 4)  0.212
  79 S   0.30974 0.30974 0.30974 0.07079 0.00000 ( 1)  0.015
  80 S   0.29702 0.29702 0.29702 0.10893 0.00000 ( 1)  0.023
  81 D   0.30946 0.30946 0.30946 0.07163 0.00000 ( 1)  0.015
  82 E   0.00000 0.00000 0.00000 0.99996 0.00004 ( 4)  0.212
  83 A   0.00000 0.00000 0.00000 0.99998 0.00002 ( 4)  0.212
  84 K   0.00000 0.00000 0.00000 0.99999 0.00001 ( 4)  0.212
  85 R   0.28807 0.28807 0.28807 0.13579 0.00000 ( 1)  0.029
  86 L   0.30053 0.30053 0.30053 0.09840 0.00000 ( 1)  0.021
  87 T   0.28306 0.28306 0.28306 0.15081 0.00000 ( 1)  0.032
  88 R   0.28512 0.28512 0.28512 0.14465 0.00000 ( 1)  0.031
  89 P   0.30063 0.30063 0.30063 0.09810 0.00000 ( 1)  0.021
  90 A   0.28303 0.28303 0.28303 0.15092 0.00000 ( 1)  0.032
  91 Y   0.30817 0.30817 0.30817 0.07548 0.00000 ( 1)  0.016
  92 -   0.25000 0.25000 0.25000 0.25000 0.00001 ( 4)  0.053
  93 -   0.25000 0.25000 0.25000 0.25000 0.00001 ( 4)  0.053
  94 -   0.25000 0.25000 0.25000 0.25000 0.00001 ( 4)  0.053
  95 S   0.30974 0.30974 0.30974 0.07079 0.00000 ( 1)  0.015
  96 Y   0.30817 0.30817 0.30817 0.07548 0.00000 ( 1)  0.016
  97 I   0.30283 0.30283 0.30283 0.09152 0.00000 ( 1)  0.019
  98 A   0.30204 0.30204 0.30204 0.09388 0.00000 ( 1)  0.020
  99 L   0.27427 0.27427 0.27427 0.17720 0.00000 ( 1)  0.038
 100 I   0.30283 0.30283 0.30283 0.09152 0.00000 ( 1)  0.019
 101 A   0.30204 0.30204 0.30204 0.09388 0.00000 ( 1)  0.020
 102 M   0.28805 0.28805 0.28805 0.13585 0.00000 ( 1)  0.029
 103 A   0.30204 0.30204 0.30204 0.09388 0.00000 ( 1)  0.020
 104 I   0.26365 0.26365 0.26365 0.20905 0.00000 ( 1)  0.044
 105 Q   0.28377 0.28377 0.28377 0.14869 0.00000 ( 1)  0.032
 106 Q   0.28658 0.28658 0.28658 0.14026 0.00000 ( 1)  0.030
 107 S   0.30974 0.30974 0.30974 0.07079 0.00000 ( 1)  0.015
 108 P   0.29328 0.29328 0.29328 0.12015 0.00000 ( 1)  0.025
 109 A   0.28541 0.28541 0.28541 0.14377 0.00000 ( 1)  0.031
 110 G   0.30027 0.30027 0.30027 0.09920 0.00000 ( 1)  0.021
 111 R   0.29135 0.29135 0.29135 0.12594 0.00000 ( 1)  0.027
 112 V   0.28354 0.28354 0.28354 0.14938 0.00000 ( 1)  0.032
 113 T   0.30138 0.30138 0.30138 0.09586 0.00000 ( 1)  0.020
 114 L   0.27539 0.27539 0.27539 0.17381 0.00000 ( 1)  0.037
 115 S   0.29637 0.29637 0.29637 0.11088 0.00000 ( 1)  0.024
 116 G   0.30680 0.30680 0.30680 0.07961 0.00000 ( 1)  0.017
 117 I   0.30283 0.30283 0.30283 0.09152 0.00000 ( 1)  0.019
 118 Y   0.30817 0.30817 0.30817 0.07548 0.00000 ( 1)  0.016
 119 D   0.31186 0.31186 0.31186 0.06443 0.00000 ( 1)  0.014
 120 F   0.30112 0.30112 0.30112 0.09664 0.00000 ( 1)  0.021
 121 I   0.30283 0.30283 0.30283 0.09152 0.00000 ( 1)  0.019
 122 M   0.28805 0.28805 0.28805 0.13585 0.00000 ( 1)  0.029
 123 R   0.30712 0.30712 0.30712 0.07865 0.00000 ( 1)  0.017
 124 K   0.29188 0.29188 0.29188 0.12437 0.00000 ( 1)  0.026
 125 F   0.29991 0.29991 0.29991 0.10028 0.00000 ( 1)  0.021
 126 P   0.30063 0.30063 0.30063 0.09810 0.00000 ( 1)  0.021
 127 Y   0.26352 0.26352 0.26352 0.20942 0.00000 ( 1)  0.044
 128 Y   0.30817 0.30817 0.30817 0.07548 0.00000 ( 1)  0.016
 129 R   0.30712 0.30712 0.30712 0.07865 0.00000 ( 1)  0.017
 130 A   0.30204 0.30204 0.30204 0.09388 0.00000 ( 1)  0.020
 131 N   0.31158 0.31158 0.31158 0.06527 0.00000 ( 1)  0.014
 132 Q   0.28658 0.28658 0.28658 0.14026 0.00000 ( 1)  0.030
 133 R   0.30712 0.30712 0.30712 0.07865 0.00000 ( 1)  0.017
 134 A   0.30204 0.30204 0.30204 0.09388 0.00000 ( 1)  0.020
 135 W   0.28218 0.28218 0.28218 0.15347 0.00000 ( 1)  0.033
 136 Q   0.28658 0.28658 0.28658 0.14026 0.00000 ( 1)  0.030
 137 N   0.31158 0.31158 0.31158 0.06527 0.00000 ( 1)  0.014
 138 S   0.29964 0.29964 0.29964 0.10107 0.00000 ( 1)  0.021
 139 I   0.30283 0.30283 0.30283 0.09152 0.00000 ( 1)  0.019
 140 R   0.30544 0.30544 0.30544 0.08369 0.00000 ( 1)  0.018
 141 H   0.31059 0.31059 0.31059 0.06822 0.00000 ( 1)  0.014
 142 N   0.31158 0.31158 0.31158 0.06527 0.00000 ( 1)  0.014
 143 L   0.27539 0.27539 0.27539 0.17381 0.00000 ( 1)  0.037
 144 S   0.29816 0.29816 0.29816 0.10553 0.00000 ( 1)  0.022
 145 L   0.30053 0.30053 0.30053 0.09840 0.00000 ( 1)  0.021
 146 N   0.31158 0.31158 0.31158 0.06527 0.00000 ( 1)  0.014
 147 S   0.30974 0.30974 0.30974 0.07079 0.00000 ( 1)  0.015
 148 C   0.30789 0.30789 0.30789 0.07632 0.00000 ( 1)  0.016
 149 F   0.30112 0.30112 0.30112 0.09664 0.00000 ( 1)  0.021
 150 V   0.00000 0.00000 0.00000 1.00000 0.00000 ( 4)  0.212
 151 K   0.29377 0.29377 0.29377 0.11868 0.00000 ( 1)  0.025
 152 V   0.28354 0.28354 0.28354 0.14938 0.00000 ( 1)  0.032
 153 P   0.00000 0.00000 0.00000 0.99985 0.00015 ( 4)  0.212
 154 -   0.25000 0.25000 0.25000 0.25000 0.00001 ( 4)  0.053
 155 -   0.25000 0.25000 0.25000 0.25000 0.00001 ( 4)  0.053
 156 -   0.25000 0.25000 0.25000 0.25000 0.00001 ( 4)  0.053
 157 -   0.25000 0.25000 0.25000 0.25000 0.00001 ( 4)  0.053
 158 -   0.25000 0.25000 0.25000 0.25000 0.00001 ( 4)  0.053
 159 -   0.25000 0.25000 0.25000 0.25000 0.00001 ( 4)  0.053
 160 -   0.25000 0.25000 0.25000 0.25000 0.00001 ( 4)  0.053
 161 -   0.25000 0.25000 0.25000 0.25000 0.00001 ( 4)  0.053
 162 -   0.25000 0.25000 0.25000 0.25000 0.00001 ( 4)  0.053
 163 -   0.25000 0.25000 0.25000 0.25000 0.00001 ( 4)  0.053
 164 -   0.25000 0.25000 0.25000 0.25000 0.00001 ( 4)  0.053
 165 -   0.25000 0.25000 0.25000 0.25000 0.00001 ( 4)  0.053
 166 -   0.25000 0.25000 0.25000 0.25000 0.00001 ( 4)  0.053
 167 -   0.25000 0.25000 0.25000 0.25000 0.00001 ( 4)  0.053
 168 -   0.25000 0.25000 0.25000 0.25000 0.00001 ( 4)  0.053
 169 -   0.25000 0.25000 0.25000 0.25000 0.00001 ( 4)  0.053
 170 -   0.25000 0.25000 0.25000 0.25000 0.00001 ( 4)  0.053
 171 -   0.25000 0.25000 0.25000 0.25000 0.00001 ( 4)  0.053
 172 -   0.25000 0.25000 0.25000 0.25000 0.00001 ( 4)  0.053
 173 -   0.25000 0.25000 0.25000 0.25000 0.00001 ( 4)  0.053
 174 -   0.25000 0.25000 0.25000 0.25000 0.00001 ( 4)  0.053
 175 -   0.25000 0.25000 0.25000 0.25000 0.00001 ( 4)  0.053
 176 -   0.25000 0.25000 0.25000 0.25000 0.00001 ( 4)  0.053
 177 -   0.25000 0.25000 0.25000 0.25000 0.00001 ( 1)  0.053
 178 -   0.25000 0.25000 0.25000 0.25000 0.00001 ( 4)  0.053
 179 -   0.25000 0.25000 0.25000 0.25000 0.00001 ( 4)  0.053
 180 -   0.25000 0.25000 0.25000 0.25000 0.00001 ( 4)  0.053
 181 -   0.25000 0.25000 0.25000 0.25000 0.00001 ( 4)  0.053
 182 -   0.25000 0.25000 0.25000 0.25000 0.00001 ( 4)  0.053
 183 -   0.25000 0.25000 0.25000 0.25000 0.00001 ( 4)  0.053
 184 -   0.25000 0.25000 0.25000 0.25000 0.00001 ( 4)  0.053
 185 -   0.25000 0.25000 0.25000 0.25000 0.00001 ( 1)  0.053
 186 -   0.25000 0.25000 0.25000 0.25000 0.00001 ( 4)  0.053
 187 -   0.25000 0.25000 0.25000 0.25000 0.00001 ( 4)  0.053
 188 -   0.25000 0.25000 0.25000 0.25000 0.00001 ( 4)  0.053
 189 -   0.25000 0.25000 0.25000 0.25000 0.00001 ( 4)  0.053
 190 -   0.25000 0.25000 0.25000 0.25000 0.00001 ( 4)  0.053
 191 -   0.25000 0.25000 0.25000 0.25000 0.00001 ( 4)  0.053
 192 -   0.25000 0.25000 0.25000 0.25000 0.00001 ( 4)  0.053
 193 -   0.25000 0.25000 0.25000 0.25000 0.00001 ( 4)  0.053
 194 -   0.25000 0.25000 0.25000 0.25000 0.00001 ( 4)  0.053
 195 -   0.25000 0.25000 0.25000 0.25000 0.00001 ( 4)  0.053
 196 -   0.25000 0.25000 0.25000 0.25000 0.00001 ( 4)  0.053
 197 -   0.25000 0.25000 0.25000 0.25000 0.00001 ( 4)  0.053
 198 -   0.25000 0.25000 0.25000 0.25000 0.00001 ( 4)  0.053
 199 -   0.25000 0.25000 0.25000 0.25000 0.00001 ( 4)  0.053
 200 -   0.25000 0.25000 0.25000 0.25000 0.00001 ( 4)  0.053
 201 -   0.25000 0.25000 0.25000 0.25000 0.00001 ( 4)  0.053
 202 -   0.25000 0.25000 0.25000 0.25000 0.00001 ( 4)  0.053
 203 -   0.25000 0.25000 0.25000 0.25000 0.00001 ( 4)  0.053
 204 R   0.28512 0.28512 0.28512 0.14465 0.00000 ( 1)  0.031
 205 S   0.00000 0.00000 0.00000 0.99988 0.00012 ( 4)  0.212
 206 E   0.00000 0.00000 0.00000 0.99999 0.00001 ( 4)  0.212
 207 G   0.30848 0.30848 0.30848 0.07457 0.00000 ( 1)  0.016
 208 H   0.00000 0.00000 0.00000 0.99999 0.00001 ( 4)  0.212
 209 E   0.00000 0.00000 0.00000 0.99977 0.00023 ( 4)  0.212
 210 K   0.00000 0.00000 0.00000 0.99999 0.00001 ( 4)  0.212
 211 G   0.30530 0.30530 0.30530 0.08409 0.00000 ( 1)  0.018
 212 K   0.00000 0.00000 0.00000 0.99992 0.00008 ( 4)  0.212
 213 G   0.30848 0.30848 0.30848 0.07457 0.00000 ( 1)  0.016
 214 N   0.30228 0.30228 0.30228 0.09316 0.00000 ( 1)  0.020
 215 Y   0.30015 0.30015 0.30015 0.09956 0.00000 ( 1)  0.021
 216 W   0.27661 0.27661 0.27661 0.17017 0.00000 ( 1)  0.036
 217 T   0.27511 0.27511 0.27511 0.17466 0.00000 ( 1)  0.037
 218 F   0.29382 0.29382 0.29382 0.11855 0.00000 ( 1)  0.025
 219 A   0.27787 0.27787 0.27787 0.16639 0.00000 ( 1)  0.035
 220 G   0.29682 0.29682 0.29682 0.10954 0.00000 ( 1)  0.023
 221 G   0.30112 0.30112 0.30112 0.09663 0.00000 ( 1)  0.021
 222 C   0.29732 0.29732 0.29732 0.10803 0.00000 ( 1)  0.023
 223 E   0.28756 0.28756 0.28756 0.13733 0.00000 ( 1)  0.029
 224 S   0.27297 0.27297 0.27297 0.18108 0.00000 ( 1)  0.038
 225 L   0.26900 0.26900 0.26900 0.19299 0.00000 ( 1)  0.041
 226 L   0.26877 0.26877 0.26877 0.19369 0.00000 ( 1)  0.041
 227 D   0.30462 0.30462 0.30462 0.08613 0.00000 ( 1)  0.018
 228 L   0.29327 0.29327 0.29327 0.12018 0.00000 ( 1)  0.026
 229 F   0.29382 0.29382 0.29382 0.11855 0.00000 ( 1)  0.025
 230 E   0.28756 0.28756 0.28756 0.13733 0.00000 ( 1)  0.029
 231 N   0.00000 0.00000 0.00000 1.00000 0.00000 ( 4)  0.212
 232 G   0.30112 0.30112 0.30112 0.09663 0.00000 ( 1)  0.021
 233 N   0.30432 0.30432 0.30432 0.08704 0.00000 ( 1)  0.018
 234 Y   0.30081 0.30081 0.30081 0.09756 0.00000 ( 1)  0.021
 235 R   0.28067 0.28067 0.28067 0.15800 0.00000 ( 1)  0.034
 236 R   0.27677 0.27677 0.27677 0.16968 0.00000 ( 1)  0.036
 237 R   0.28034 0.28034 0.28034 0.15899 0.00000 ( 1)  0.034
 238 R   0.27825 0.27825 0.27825 0.16526 0.00000 ( 1)  0.035
 239 R   0.27920 0.27920 0.27920 0.16241 0.00000 ( 1)  0.034
 240 R   0.00000 0.00000 0.00000 0.99997 0.00003 ( 4)  0.212
 241 R   0.28706 0.28706 0.28706 0.13882 0.00000 ( 1)  0.029

Positively selected sites

	Prob(w>1)  mean w



lnL = -1411.449264

Bayes Empirical Bayes (BEB) probabilities for 11 classes (class) & postmean_w
(amino acids refer to 1st sequence: chlSab_FOXL3_XM_008018930)

   1 -   0.80839 0.05212 0.02938 0.01946 0.01375 0.00996 0.00720 0.00504 0.00323 0.00147 0.05000 ( 1)  0.321 +-  1.225
   2 -   0.80839 0.05212 0.02938 0.01946 0.01375 0.00996 0.00720 0.00504 0.00323 0.00147 0.05000 ( 1)  0.321 +-  1.225
   3 -   0.80839 0.05212 0.02938 0.01946 0.01375 0.00996 0.00720 0.00504 0.00323 0.00147 0.05000 ( 1)  0.321 +-  1.225
   4 -   0.80839 0.05212 0.02938 0.01946 0.01375 0.00996 0.00720 0.00504 0.00323 0.00147 0.05000 ( 1)  0.321 +-  1.225
   5 -   0.80839 0.05212 0.02938 0.01946 0.01375 0.00996 0.00720 0.00504 0.00323 0.00147 0.05000 ( 1)  0.321 +-  1.225
   6 -   0.80839 0.05212 0.02938 0.01946 0.01375 0.00996 0.00720 0.00504 0.00323 0.00147 0.05000 ( 1)  0.321 +-  1.225
   7 -   0.80839 0.05212 0.02938 0.01946 0.01375 0.00996 0.00720 0.00504 0.00323 0.00147 0.05000 ( 1)  0.321 +-  1.225
   8 -   0.80839 0.05212 0.02938 0.01946 0.01375 0.00996 0.00720 0.00504 0.00323 0.00147 0.05000 ( 1)  0.321 +-  1.225
   9 -   0.80839 0.05212 0.02938 0.01946 0.01375 0.00996 0.00720 0.00504 0.00323 0.00147 0.05000 ( 1)  0.321 +-  1.225
  10 -   0.80839 0.05212 0.02938 0.01946 0.01375 0.00996 0.00720 0.00504 0.00323 0.00147 0.05000 ( 1)  0.321 +-  1.225
  11 -   0.80839 0.05212 0.02938 0.01946 0.01375 0.00996 0.00720 0.00504 0.00323 0.00147 0.05000 ( 1)  0.321 +-  1.225
  12 -   0.80839 0.05212 0.02938 0.01946 0.01375 0.00996 0.00720 0.00504 0.00323 0.00147 0.05000 ( 1)  0.321 +-  1.225
  13 -   0.80839 0.05212 0.02938 0.01946 0.01375 0.00996 0.00720 0.00504 0.00323 0.00147 0.05000 ( 1)  0.321 +-  1.225
  14 -   0.80839 0.05212 0.02938 0.01946 0.01375 0.00996 0.00720 0.00504 0.00323 0.00147 0.05000 ( 1)  0.321 +-  1.225
  15 -   0.80839 0.05212 0.02938 0.01946 0.01375 0.00996 0.00720 0.00504 0.00323 0.00147 0.05000 ( 1)  0.321 +-  1.225
  16 -   0.80839 0.05212 0.02938 0.01946 0.01375 0.00996 0.00720 0.00504 0.00323 0.00147 0.05000 ( 1)  0.321 +-  1.225
  17 -   0.80839 0.05212 0.02938 0.01946 0.01375 0.00996 0.00720 0.00504 0.00323 0.00147 0.05000 ( 1)  0.321 +-  1.225
  18 -   0.80839 0.05212 0.02938 0.01946 0.01375 0.00996 0.00720 0.00504 0.00323 0.00147 0.05000 ( 1)  0.321 +-  1.225
  19 -   0.80839 0.05212 0.02938 0.01946 0.01375 0.00996 0.00720 0.00504 0.00323 0.00147 0.05000 ( 1)  0.321 +-  1.225
  20 -   0.80839 0.05212 0.02938 0.01946 0.01375 0.00996 0.00720 0.00504 0.00323 0.00147 0.05000 ( 1)  0.321 +-  1.225
  21 -   0.80839 0.05212 0.02938 0.01946 0.01375 0.00996 0.00720 0.00504 0.00323 0.00147 0.05000 ( 1)  0.321 +-  1.225
  22 -   0.80839 0.05212 0.02938 0.01946 0.01375 0.00996 0.00720 0.00504 0.00323 0.00147 0.05000 ( 1)  0.321 +-  1.225
  23 -   0.80839 0.05212 0.02938 0.01946 0.01375 0.00996 0.00720 0.00504 0.00323 0.00147 0.05000 ( 1)  0.321 +-  1.225
  24 -   0.80839 0.05212 0.02938 0.01946 0.01375 0.00996 0.00720 0.00504 0.00323 0.00147 0.05000 ( 1)  0.321 +-  1.225
  25 -   0.80839 0.05212 0.02938 0.01946 0.01375 0.00996 0.00720 0.00504 0.00323 0.00147 0.05000 ( 1)  0.321 +-  1.225
  26 -   0.80839 0.05212 0.02938 0.01946 0.01375 0.00996 0.00720 0.00504 0.00323 0.00147 0.05000 ( 1)  0.321 +-  1.225
  27 -   0.80839 0.05212 0.02938 0.01946 0.01375 0.00996 0.00720 0.00504 0.00323 0.00147 0.05000 ( 1)  0.321 +-  1.225
  28 -   0.80839 0.05212 0.02938 0.01946 0.01375 0.00996 0.00720 0.00504 0.00323 0.00147 0.05000 ( 1)  0.321 +-  1.225
  29 -   0.80839 0.05212 0.02938 0.01946 0.01375 0.00996 0.00720 0.00504 0.00323 0.00147 0.05000 ( 1)  0.321 +-  1.225
  30 -   0.80839 0.05212 0.02938 0.01946 0.01375 0.00996 0.00720 0.00504 0.00323 0.00147 0.05000 ( 1)  0.321 +-  1.225
  31 -   0.80839 0.05212 0.02938 0.01946 0.01375 0.00996 0.00720 0.00504 0.00323 0.00147 0.05000 ( 1)  0.321 +-  1.225
  32 -   0.80839 0.05212 0.02938 0.01946 0.01375 0.00996 0.00720 0.00504 0.00323 0.00147 0.05000 ( 1)  0.321 +-  1.225
  33 -   0.80839 0.05212 0.02938 0.01946 0.01375 0.00996 0.00720 0.00504 0.00323 0.00147 0.05000 ( 1)  0.321 +-  1.225
  34 -   0.80839 0.05212 0.02938 0.01946 0.01375 0.00996 0.00720 0.00504 0.00323 0.00147 0.05000 ( 1)  0.321 +-  1.225
  35 -   0.80839 0.05212 0.02938 0.01946 0.01375 0.00996 0.00720 0.00504 0.00323 0.00147 0.05000 ( 1)  0.321 +-  1.225
  36 -   0.80839 0.05212 0.02938 0.01946 0.01375 0.00996 0.00720 0.00504 0.00323 0.00147 0.05000 ( 1)  0.321 +-  1.225
  37 -   0.80839 0.05212 0.02938 0.01946 0.01375 0.00996 0.00720 0.00504 0.00323 0.00147 0.05000 ( 1)  0.321 +-  1.225
  38 -   0.80839 0.05212 0.02938 0.01946 0.01375 0.00996 0.00720 0.00504 0.00323 0.00147 0.05000 ( 1)  0.321 +-  1.225
  39 -   0.80839 0.05212 0.02938 0.01946 0.01375 0.00996 0.00720 0.00504 0.00323 0.00147 0.05000 ( 1)  0.321 +-  1.225
  40 -   0.80839 0.05212 0.02938 0.01946 0.01375 0.00996 0.00720 0.00504 0.00323 0.00147 0.05000 ( 1)  0.321 +-  1.225
  41 -   0.80839 0.05212 0.02938 0.01946 0.01375 0.00996 0.00720 0.00504 0.00323 0.00147 0.05000 ( 1)  0.321 +-  1.225
  42 -   0.80839 0.05212 0.02938 0.01946 0.01375 0.00996 0.00720 0.00504 0.00323 0.00147 0.05000 ( 1)  0.321 +-  1.225
  43 -   0.80839 0.05212 0.02938 0.01946 0.01375 0.00996 0.00720 0.00504 0.00323 0.00147 0.05000 ( 1)  0.321 +-  1.225
  44 -   0.80839 0.05212 0.02938 0.01946 0.01375 0.00996 0.00720 0.00504 0.00323 0.00147 0.05000 ( 1)  0.321 +-  1.225
  45 -   0.80839 0.05212 0.02938 0.01946 0.01375 0.00996 0.00720 0.00504 0.00323 0.00147 0.05000 ( 1)  0.321 +-  1.225
  46 -   0.80839 0.05212 0.02938 0.01946 0.01375 0.00996 0.00720 0.00504 0.00323 0.00147 0.05000 ( 1)  0.321 +-  1.225
  47 -   0.80839 0.05212 0.02938 0.01946 0.01375 0.00996 0.00720 0.00504 0.00323 0.00147 0.05000 ( 1)  0.321 +-  1.225
  48 -   0.80839 0.05212 0.02938 0.01946 0.01375 0.00996 0.00720 0.00504 0.00323 0.00147 0.05000 ( 1)  0.321 +-  1.225
  49 -   0.80839 0.05212 0.02938 0.01946 0.01375 0.00996 0.00720 0.00504 0.00323 0.00147 0.05000 ( 1)  0.321 +-  1.225
  50 -   0.80839 0.05212 0.02938 0.01946 0.01375 0.00996 0.00720 0.00504 0.00323 0.00147 0.05000 ( 1)  0.321 +-  1.225
  51 -   0.80839 0.05212 0.02938 0.01946 0.01375 0.00996 0.00720 0.00504 0.00323 0.00147 0.05000 ( 1)  0.321 +-  1.225
  52 -   0.80839 0.05212 0.02938 0.01946 0.01375 0.00996 0.00720 0.00504 0.00323 0.00147 0.05000 ( 1)  0.321 +-  1.225
  53 -   0.80839 0.05212 0.02938 0.01946 0.01375 0.00996 0.00720 0.00504 0.00323 0.00147 0.05000 ( 1)  0.321 +-  1.225
  54 -   0.80839 0.05212 0.02938 0.01946 0.01375 0.00996 0.00720 0.00504 0.00323 0.00147 0.05000 ( 1)  0.321 +-  1.225
  55 -   0.80839 0.05212 0.02938 0.01946 0.01375 0.00996 0.00720 0.00504 0.00323 0.00147 0.05000 ( 1)  0.321 +-  1.225
  56 -   0.80839 0.05212 0.02938 0.01946 0.01375 0.00996 0.00720 0.00504 0.00323 0.00147 0.05000 ( 1)  0.321 +-  1.225
  57 M   0.92592 0.04190 0.01661 0.00775 0.00387 0.00198 0.00102 0.00051 0.00023 0.00008 0.00013 ( 1)  0.064 +-  0.062
  58 F   0.87017 0.05168 0.02684 0.01639 0.01068 0.00713 0.00476 0.00308 0.00182 0.00076 0.00669 ( 1)  0.093 +-  0.192
  59 D   0.95539 0.03089 0.00886 0.00303 0.00112 0.00043 0.00017 0.00007 0.00002 0.00001 0.00000 ( 1)  0.057 +-  0.036
  60 S   0.52748 0.15484 0.12405 0.08336 0.05097 0.02920 0.01580 0.00798 0.00360 0.00113 0.00159 ( 1)  0.172 +-  0.176
  61 S   0.90128 0.04756 0.02198 0.01195 0.00694 0.00414 0.00247 0.00143 0.00076 0.00029 0.00120 ( 1)  0.073 +-  0.096
  62 Q   0.92357 0.04253 0.01716 0.00816 0.00415 0.00217 0.00114 0.00058 0.00027 0.00009 0.00018 ( 1)  0.065 +-  0.065
  63 Y   0.85947 0.05241 0.02794 0.01752 0.01171 0.00803 0.00549 0.00364 0.00221 0.00095 0.01062 ( 1)  0.105 +-  0.270
  64 P   0.94379 0.03589 0.01201 0.00475 0.00202 0.00088 0.00039 0.00017 0.00007 0.00002 0.00002 ( 1)  0.059 +-  0.045
  65 Y   0.95375 0.03167 0.00931 0.00325 0.00123 0.00048 0.00019 0.00007 0.00003 0.00001 0.00000 ( 1)  0.057 +-  0.037
  66 N   0.94008 0.03717 0.01297 0.00537 0.00239 0.00111 0.00051 0.00023 0.00010 0.00003 0.00004 ( 1)  0.060 +-  0.049
  67 C   0.95346 0.03185 0.00939 0.00328 0.00124 0.00048 0.00019 0.00007 0.00003 0.00001 0.00000 ( 1)  0.057 +-  0.037
  68 F   0.94450 0.03564 0.01182 0.00463 0.00195 0.00084 0.00037 0.00016 0.00006 0.00002 0.00001 ( 1)  0.059 +-  0.044
  69 N   0.88365 0.05027 0.02502 0.01465 0.00915 0.00586 0.00375 0.00233 0.00132 0.00053 0.00345 ( 1)  0.082 +-  0.137
  70 D   0.49888 0.15281 0.12781 0.08972 0.05734 0.03435 0.01944 0.01028 0.00485 0.00159 0.00291 ( 1)  0.186 +-  0.192
  71 D   0.94957 0.03340 0.01043 0.00389 0.00157 0.00066 0.00028 0.00012 0.00005 0.00001 0.00001 ( 1)  0.058 +-  0.041
  72 A   0.79126 0.09205 0.05235 0.02959 0.01649 0.00901 0.00479 0.00242 0.00111 0.00036 0.00057 ( 1)  0.096 +-  0.117
  73 D   0.95858 0.02937 0.00800 0.00260 0.00092 0.00034 0.00013 0.00005 0.00002 0.00000 0.00000 ( 1)  0.056 +-  0.034
  74 D   0.55449 0.15494 0.11867 0.07660 0.04521 0.02513 0.01326 0.00657 0.00292 0.00091 0.00131 ( 1)  0.160 +-  0.167
  75 Y   0.83740 0.08348 0.04091 0.02003 0.00973 0.00466 0.00218 0.00098 0.00040 0.00012 0.00011 ( 1)  0.081 +-  0.089
  76 P   0.92554 0.04191 0.01666 0.00782 0.00393 0.00204 0.00106 0.00053 0.00025 0.00008 0.00017 ( 1)  0.064 +-  0.063
  77 A   0.94471 0.03553 0.01176 0.00461 0.00194 0.00084 0.00037 0.00016 0.00006 0.00002 0.00002 ( 1)  0.059 +-  0.044
  78 G   0.48877 0.15232 0.12942 0.09214 0.05961 0.03610 0.02062 0.01098 0.00521 0.00171 0.00312 ( 1)  0.191 +-  0.195
  79 S   0.95587 0.03073 0.00873 0.00295 0.00108 0.00041 0.00016 0.00006 0.00002 0.00001 0.00000 ( 1)  0.056 +-  0.036
  80 S   0.93884 0.03773 0.01332 0.00556 0.00249 0.00115 0.00053 0.00024 0.00010 0.00003 0.00003 ( 1)  0.060 +-  0.050
  81 D   0.95539 0.03089 0.00886 0.00303 0.00112 0.00043 0.00017 0.00007 0.00002 0.00001 0.00000 ( 1)  0.057 +-  0.036
  82 E   0.62323 0.09761 0.07457 0.05646 0.04202 0.03057 0.02154 0.01439 0.00864 0.00363 0.02735 ( 1)  0.202 +-  0.328
  83 A   0.40893 0.14236 0.13489 0.10695 0.07698 0.05181 0.03285 0.01941 0.01020 0.00370 0.01190 ( 1)  0.243 +-  0.250
  84 K   0.75419 0.09633 0.06001 0.03707 0.02253 0.01340 0.00772 0.00423 0.00209 0.00072 0.00171 ( 1)  0.111 +-  0.143
  85 R   0.92567 0.04187 0.01663 0.00780 0.00392 0.00203 0.00105 0.00053 0.00025 0.00008 0.00017 ( 1)  0.064 +-  0.063
  86 L   0.94366 0.03595 0.01204 0.00477 0.00203 0.00089 0.00039 0.00017 0.00007 0.00002 0.00002 ( 1)  0.059 +-  0.045
  87 T   0.91800 0.04400 0.01847 0.00913 0.00482 0.00262 0.00142 0.00075 0.00036 0.00012 0.00030 ( 1)  0.066 +-  0.071
  88 R   0.92115 0.04314 0.01772 0.00858 0.00445 0.00237 0.00127 0.00066 0.00031 0.00011 0.00025 ( 1)  0.065 +-  0.068
  89 P   0.94379 0.03589 0.01201 0.00475 0.00202 0.00088 0.00039 0.00017 0.00007 0.00002 0.00002 ( 1)  0.059 +-  0.045
  90 A   0.91792 0.04401 0.01848 0.00915 0.00484 0.00263 0.00143 0.00075 0.00036 0.00013 0.00031 ( 1)  0.066 +-  0.071
  91 Y   0.95375 0.03167 0.00931 0.00325 0.00123 0.00048 0.00019 0.00007 0.00003 0.00001 0.00000 ( 1)  0.057 +-  0.037
  92 -   0.80839 0.05212 0.02938 0.01946 0.01375 0.00996 0.00720 0.00504 0.00323 0.00147 0.05000 ( 1)  0.321 +-  1.225
  93 -   0.80839 0.05212 0.02938 0.01946 0.01375 0.00996 0.00720 0.00504 0.00323 0.00147 0.05000 ( 1)  0.321 +-  1.225
  94 -   0.80839 0.05212 0.02938 0.01946 0.01375 0.00996 0.00720 0.00504 0.00323 0.00147 0.05000 ( 1)  0.321 +-  1.225
  95 S   0.95587 0.03073 0.00873 0.00295 0.00108 0.00041 0.00016 0.00006 0.00002 0.00001 0.00000 ( 1)  0.056 +-  0.036
  96 Y   0.95375 0.03167 0.00931 0.00325 0.00123 0.00048 0.00019 0.00007 0.00003 0.00001 0.00000 ( 1)  0.057 +-  0.037
  97 I   0.94677 0.03473 0.01121 0.00428 0.00175 0.00074 0.00032 0.00013 0.00005 0.00001 0.00001 ( 1)  0.058 +-  0.043
  98 A   0.94568 0.03515 0.01150 0.00445 0.00185 0.00080 0.00034 0.00015 0.00006 0.00002 0.00001 ( 1)  0.059 +-  0.044
  99 L   0.90256 0.04737 0.02176 0.01176 0.00678 0.00401 0.00237 0.00136 0.00072 0.00027 0.00104 ( 1)  0.072 +-  0.093
 100 I   0.94677 0.03473 0.01121 0.00428 0.00175 0.00074 0.00032 0.00013 0.00005 0.00001 0.00001 ( 1)  0.058 +-  0.043
 101 A   0.94568 0.03515 0.01150 0.00445 0.00185 0.00080 0.00034 0.00015 0.00006 0.00002 0.00001 ( 1)  0.059 +-  0.044
 102 M   0.92592 0.04190 0.01661 0.00775 0.00387 0.00198 0.00102 0.00051 0.00023 0.00008 0.00013 ( 1)  0.064 +-  0.062
 103 A   0.94568 0.03515 0.01150 0.00445 0.00185 0.00080 0.00034 0.00015 0.00006 0.00002 0.00001 ( 1)  0.059 +-  0.044
 104 I   0.87902 0.05081 0.02569 0.01528 0.00969 0.00631 0.00410 0.00258 0.00149 0.00061 0.00442 ( 1)  0.085 +-  0.153
 105 Q   0.91903 0.04370 0.01822 0.00895 0.00470 0.00254 0.00137 0.00072 0.00035 0.00012 0.00030 ( 1)  0.066 +-  0.070
 106 Q   0.92357 0.04253 0.01716 0.00816 0.00415 0.00217 0.00114 0.00058 0.00027 0.00009 0.00018 ( 1)  0.065 +-  0.065
 107 S   0.95587 0.03073 0.00873 0.00295 0.00108 0.00041 0.00016 0.00006 0.00002 0.00001 0.00000 ( 1)  0.056 +-  0.036
 108 P   0.93349 0.03952 0.01470 0.00646 0.00304 0.00147 0.00072 0.00034 0.00015 0.00005 0.00007 ( 1)  0.062 +-  0.055
 109 A   0.92169 0.04302 0.01760 0.00849 0.00438 0.00232 0.00123 0.00064 0.00030 0.00010 0.00023 ( 1)  0.065 +-  0.067
 110 G   0.94317 0.03608 0.01216 0.00486 0.00209 0.00093 0.00042 0.00018 0.00007 0.00002 0.00002 ( 1)  0.059 +-  0.046
 111 R   0.93077 0.04042 0.01540 0.00692 0.00333 0.00165 0.00082 0.00039 0.00017 0.00005 0.00008 ( 1)  0.062 +-  0.057
 112 V   0.91876 0.04380 0.01829 0.00900 0.00473 0.00256 0.00138 0.00072 0.00035 0.00012 0.00029 ( 1)  0.066 +-  0.070
 113 T   0.94480 0.03550 0.01174 0.00459 0.00193 0.00083 0.00036 0.00015 0.00006 0.00002 0.00001 ( 1)  0.059 +-  0.044
 114 L   0.90464 0.04696 0.02134 0.01141 0.00651 0.00382 0.00224 0.00127 0.00066 0.00025 0.00091 ( 1)  0.071 +-  0.090
 115 S   0.93792 0.03805 0.01356 0.00571 0.00258 0.00120 0.00056 0.00025 0.00011 0.00003 0.00004 ( 1)  0.061 +-  0.050
 116 G   0.95190 0.03249 0.00981 0.00352 0.00137 0.00055 0.00022 0.00009 0.00003 0.00001 0.00001 ( 1)  0.057 +-  0.039
 117 I   0.94677 0.03473 0.01121 0.00428 0.00175 0.00074 0.00032 0.00013 0.00005 0.00001 0.00001 ( 1)  0.058 +-  0.043
 118 Y   0.95375 0.03167 0.00931 0.00325 0.00123 0.00048 0.00019 0.00007 0.00003 0.00001 0.00000 ( 1)  0.057 +-  0.037
 119 D   0.95858 0.02937 0.00800 0.00260 0.00092 0.00034 0.00013 0.00005 0.00002 0.00000 0.00000 ( 1)  0.056 +-  0.034
 120 F   0.94450 0.03564 0.01182 0.00463 0.00195 0.00084 0.00037 0.00016 0.00006 0.00002 0.00001 ( 1)  0.059 +-  0.044
 121 I   0.94677 0.03473 0.01121 0.00428 0.00175 0.00074 0.00032 0.00013 0.00005 0.00001 0.00001 ( 1)  0.058 +-  0.043
 122 M   0.92592 0.04190 0.01661 0.00775 0.00387 0.00198 0.00102 0.00051 0.00023 0.00008 0.00013 ( 1)  0.064 +-  0.062
 123 R   0.95238 0.03230 0.00968 0.00345 0.00132 0.00053 0.00021 0.00008 0.00003 0.00001 0.00001 ( 1)  0.057 +-  0.038
 124 K   0.93146 0.04018 0.01521 0.00680 0.00326 0.00161 0.00079 0.00038 0.00017 0.00005 0.00008 ( 1)  0.062 +-  0.057
 125 F   0.94281 0.03627 0.01227 0.00491 0.00210 0.00093 0.00041 0.00018 0.00007 0.00002 0.00002 ( 1)  0.059 +-  0.046
 126 P   0.94379 0.03589 0.01201 0.00475 0.00202 0.00088 0.00039 0.00017 0.00007 0.00002 0.00002 ( 1)  0.059 +-  0.045
 127 Y   0.87737 0.05076 0.02573 0.01536 0.00980 0.00642 0.00421 0.00268 0.00156 0.00065 0.00545 ( 1)  0.088 +-  0.183
 128 Y   0.95375 0.03167 0.00931 0.00325 0.00123 0.00048 0.00019 0.00007 0.00003 0.00001 0.00000 ( 1)  0.057 +-  0.037
 129 R   0.95238 0.03230 0.00968 0.00345 0.00132 0.00053 0.00021 0.00008 0.00003 0.00001 0.00001 ( 1)  0.057 +-  0.038
 130 A   0.94568 0.03515 0.01150 0.00445 0.00185 0.00080 0.00034 0.00015 0.00006 0.00002 0.00001 ( 1)  0.059 +-  0.044
 131 N   0.95824 0.02956 0.00809 0.00264 0.00093 0.00034 0.00013 0.00005 0.00002 0.00000 0.00000 ( 1)  0.056 +-  0.034
 132 Q   0.92357 0.04253 0.01716 0.00816 0.00415 0.00217 0.00114 0.00058 0.00027 0.00009 0.00018 ( 1)  0.065 +-  0.065
 133 R   0.95238 0.03230 0.00968 0.00345 0.00132 0.00053 0.00021 0.00008 0.00003 0.00001 0.00001 ( 1)  0.057 +-  0.038
 134 A   0.94568 0.03515 0.01150 0.00445 0.00185 0.00080 0.00034 0.00015 0.00006 0.00002 0.00001 ( 1)  0.059 +-  0.044
 135 W   0.91658 0.04436 0.01880 0.00938 0.00500 0.00274 0.00150 0.00080 0.00039 0.00013 0.00034 ( 1)  0.067 +-  0.073
 136 Q   0.92357 0.04253 0.01716 0.00816 0.00415 0.00217 0.00114 0.00058 0.00027 0.00009 0.00018 ( 1)  0.065 +-  0.065
 137 N   0.95824 0.02956 0.00809 0.00264 0.00093 0.00034 0.00013 0.00005 0.00002 0.00000 0.00000 ( 1)  0.056 +-  0.034
 138 S   0.94247 0.03641 0.01236 0.00496 0.00213 0.00095 0.00042 0.00018 0.00007 0.00002 0.00002 ( 1)  0.059 +-  0.046
 139 I   0.94677 0.03473 0.01121 0.00428 0.00175 0.00074 0.00032 0.00013 0.00005 0.00001 0.00001 ( 1)  0.058 +-  0.043
 140 R   0.95012 0.03327 0.01029 0.00378 0.00150 0.00062 0.00026 0.00010 0.00004 0.00001 0.00001 ( 1)  0.058 +-  0.040
 141 H   0.95693 0.03018 0.00844 0.00282 0.00102 0.00038 0.00015 0.00005 0.00002 0.00000 0.00000 ( 1)  0.056 +-  0.035
 142 N   0.95824 0.02956 0.00809 0.00264 0.00093 0.00034 0.00013 0.00005 0.00002 0.00000 0.00000 ( 1)  0.056 +-  0.034
 143 L   0.90464 0.04696 0.02134 0.01141 0.00651 0.00382 0.00224 0.00127 0.00066 0.00025 0.00091 ( 1)  0.071 +-  0.090
 144 S   0.94043 0.03717 0.01290 0.00529 0.00233 0.00105 0.00048 0.00021 0.00009 0.00003 0.00003 ( 1)  0.060 +-  0.048
 145 L   0.94366 0.03595 0.01204 0.00477 0.00203 0.00089 0.00039 0.00017 0.00007 0.00002 0.00002 ( 1)  0.059 +-  0.045
 146 N   0.95824 0.02956 0.00809 0.00264 0.00093 0.00034 0.00013 0.00005 0.00002 0.00000 0.00000 ( 1)  0.056 +-  0.034
 147 S   0.95587 0.03073 0.00873 0.00295 0.00108 0.00041 0.00016 0.00006 0.00002 0.00001 0.00000 ( 1)  0.056 +-  0.036
 148 C   0.95346 0.03185 0.00939 0.00328 0.00124 0.00048 0.00019 0.00007 0.00003 0.00001 0.00000 ( 1)  0.057 +-  0.037
 149 F   0.94450 0.03564 0.01182 0.00463 0.00195 0.00084 0.00037 0.00016 0.00006 0.00002 0.00001 ( 1)  0.059 +-  0.044
 150 V   0.80363 0.09020 0.04951 0.02703 0.01455 0.00769 0.00395 0.00194 0.00086 0.00027 0.00037 ( 1)  0.092 +-  0.108
 151 K   0.93424 0.03929 0.01451 0.00633 0.00296 0.00142 0.00069 0.00032 0.00014 0.00004 0.00006 ( 1)  0.061 +-  0.054
 152 V   0.91876 0.04380 0.01829 0.00900 0.00473 0.00256 0.00138 0.00072 0.00035 0.00012 0.00029 ( 1)  0.066 +-  0.070
 153 P   0.19878 0.08983 0.11004 0.11222 0.10326 0.08825 0.07053 0.05208 0.03384 0.01493 0.12623 ( 1)  0.532 +-  0.554
 154 -   0.80839 0.05212 0.02938 0.01946 0.01375 0.00996 0.00720 0.00504 0.00323 0.00147 0.05000 ( 1)  0.321 +-  1.225
 155 -   0.80839 0.05212 0.02938 0.01946 0.01375 0.00996 0.00720 0.00504 0.00323 0.00147 0.05000 ( 1)  0.321 +-  1.225
 156 -   0.80839 0.05212 0.02938 0.01946 0.01375 0.00996 0.00720 0.00504 0.00323 0.00147 0.05000 ( 1)  0.321 +-  1.225
 157 -   0.80839 0.05212 0.02938 0.01946 0.01375 0.00996 0.00720 0.00504 0.00323 0.00147 0.05000 ( 1)  0.321 +-  1.225
 158 -   0.80839 0.05212 0.02938 0.01946 0.01375 0.00996 0.00720 0.00504 0.00323 0.00147 0.05000 ( 1)  0.321 +-  1.225
 159 -   0.80839 0.05212 0.02938 0.01946 0.01375 0.00996 0.00720 0.00504 0.00323 0.00147 0.05000 ( 1)  0.321 +-  1.225
 160 -   0.80839 0.05212 0.02938 0.01946 0.01375 0.00996 0.00720 0.00504 0.00323 0.00147 0.05000 ( 1)  0.321 +-  1.225
 161 -   0.80839 0.05212 0.02938 0.01946 0.01375 0.00996 0.00720 0.00504 0.00323 0.00147 0.05000 ( 1)  0.321 +-  1.225
 162 -   0.80839 0.05212 0.02938 0.01946 0.01375 0.00996 0.00720 0.00504 0.00323 0.00147 0.05000 ( 1)  0.321 +-  1.225
 163 -   0.80839 0.05212 0.02938 0.01946 0.01375 0.00996 0.00720 0.00504 0.00323 0.00147 0.05000 ( 1)  0.321 +-  1.225
 164 -   0.80839 0.05212 0.02938 0.01946 0.01375 0.00996 0.00720 0.00504 0.00323 0.00147 0.05000 ( 1)  0.321 +-  1.225
 165 -   0.80839 0.05212 0.02938 0.01946 0.01375 0.00996 0.00720 0.00504 0.00323 0.00147 0.05000 ( 1)  0.321 +-  1.225
 166 -   0.80839 0.05212 0.02938 0.01946 0.01375 0.00996 0.00720 0.00504 0.00323 0.00147 0.05000 ( 1)  0.321 +-  1.225
 167 -   0.80839 0.05212 0.02938 0.01946 0.01375 0.00996 0.00720 0.00504 0.00323 0.00147 0.05000 ( 1)  0.321 +-  1.225
 168 -   0.80839 0.05212 0.02938 0.01946 0.01375 0.00996 0.00720 0.00504 0.00323 0.00147 0.05000 ( 1)  0.321 +-  1.225
 169 -   0.80839 0.05212 0.02938 0.01946 0.01375 0.00996 0.00720 0.00504 0.00323 0.00147 0.05000 ( 1)  0.321 +-  1.225
 170 -   0.80839 0.05212 0.02938 0.01946 0.01375 0.00996 0.00720 0.00504 0.00323 0.00147 0.05000 ( 1)  0.321 +-  1.225
 171 -   0.80839 0.05212 0.02938 0.01946 0.01375 0.00996 0.00720 0.00504 0.00323 0.00147 0.05000 ( 1)  0.321 +-  1.225
 172 -   0.80839 0.05212 0.02938 0.01946 0.01375 0.00996 0.00720 0.00504 0.00323 0.00147 0.05000 ( 1)  0.321 +-  1.225
 173 -   0.80839 0.05212 0.02938 0.01946 0.01375 0.00996 0.00720 0.00504 0.00323 0.00147 0.05000 ( 1)  0.321 +-  1.225
 174 -   0.80839 0.05212 0.02938 0.01946 0.01375 0.00996 0.00720 0.00504 0.00323 0.00147 0.05000 ( 1)  0.321 +-  1.225
 175 -   0.80839 0.05212 0.02938 0.01946 0.01375 0.00996 0.00720 0.00504 0.00323 0.00147 0.05000 ( 1)  0.321 +-  1.225
 176 -   0.80839 0.05212 0.02938 0.01946 0.01375 0.00996 0.00720 0.00504 0.00323 0.00147 0.05000 ( 1)  0.321 +-  1.225
 177 -   0.80839 0.05212 0.02938 0.01946 0.01375 0.00996 0.00720 0.00504 0.00323 0.00147 0.05000 ( 1)  0.321 +-  1.225
 178 -   0.80839 0.05212 0.02938 0.01946 0.01375 0.00996 0.00720 0.00504 0.00323 0.00147 0.05000 ( 1)  0.321 +-  1.225
 179 -   0.80839 0.05212 0.02938 0.01946 0.01375 0.00996 0.00720 0.00504 0.00323 0.00147 0.05000 ( 1)  0.321 +-  1.225
 180 -   0.80839 0.05212 0.02938 0.01946 0.01375 0.00996 0.00720 0.00504 0.00323 0.00147 0.05000 ( 1)  0.321 +-  1.225
 181 -   0.80839 0.05212 0.02938 0.01946 0.01375 0.00996 0.00720 0.00504 0.00323 0.00147 0.05000 ( 1)  0.321 +-  1.225
 182 -   0.80839 0.05212 0.02938 0.01946 0.01375 0.00996 0.00720 0.00504 0.00323 0.00147 0.05000 ( 1)  0.321 +-  1.225
 183 -   0.80839 0.05212 0.02938 0.01946 0.01375 0.00996 0.00720 0.00504 0.00323 0.00147 0.05000 ( 1)  0.321 +-  1.225
 184 -   0.80839 0.05212 0.02938 0.01946 0.01375 0.00996 0.00720 0.00504 0.00323 0.00147 0.05000 ( 1)  0.321 +-  1.225
 185 -   0.80839 0.05212 0.02938 0.01946 0.01375 0.00996 0.00720 0.00504 0.00323 0.00147 0.05000 ( 1)  0.321 +-  1.225
 186 -   0.80839 0.05212 0.02938 0.01946 0.01375 0.00996 0.00720 0.00504 0.00323 0.00147 0.05000 ( 1)  0.321 +-  1.225
 187 -   0.80839 0.05212 0.02938 0.01946 0.01375 0.00996 0.00720 0.00504 0.00323 0.00147 0.05000 ( 1)  0.321 +-  1.225
 188 -   0.80839 0.05212 0.02938 0.01946 0.01375 0.00996 0.00720 0.00504 0.00323 0.00147 0.05000 ( 1)  0.321 +-  1.225
 189 -   0.80839 0.05212 0.02938 0.01946 0.01375 0.00996 0.00720 0.00504 0.00323 0.00147 0.05000 ( 1)  0.321 +-  1.225
 190 -   0.80839 0.05212 0.02938 0.01946 0.01375 0.00996 0.00720 0.00504 0.00323 0.00147 0.05000 ( 1)  0.321 +-  1.225
 191 -   0.80839 0.05212 0.02938 0.01946 0.01375 0.00996 0.00720 0.00504 0.00323 0.00147 0.05000 ( 1)  0.321 +-  1.225
 192 -   0.80839 0.05212 0.02938 0.01946 0.01375 0.00996 0.00720 0.00504 0.00323 0.00147 0.05000 ( 1)  0.321 +-  1.225
 193 -   0.80839 0.05212 0.02938 0.01946 0.01375 0.00996 0.00720 0.00504 0.00323 0.00147 0.05000 ( 1)  0.321 +-  1.225
 194 -   0.80839 0.05212 0.02938 0.01946 0.01375 0.00996 0.00720 0.00504 0.00323 0.00147 0.05000 ( 1)  0.321 +-  1.225
 195 -   0.80839 0.05212 0.02938 0.01946 0.01375 0.00996 0.00720 0.00504 0.00323 0.00147 0.05000 ( 1)  0.321 +-  1.225
 196 -   0.80839 0.05212 0.02938 0.01946 0.01375 0.00996 0.00720 0.00504 0.00323 0.00147 0.05000 ( 1)  0.321 +-  1.225
 197 -   0.80839 0.05212 0.02938 0.01946 0.01375 0.00996 0.00720 0.00504 0.00323 0.00147 0.05000 ( 1)  0.321 +-  1.225
 198 -   0.80839 0.05212 0.02938 0.01946 0.01375 0.00996 0.00720 0.00504 0.00323 0.00147 0.05000 ( 1)  0.321 +-  1.225
 199 -   0.80839 0.05212 0.02938 0.01946 0.01375 0.00996 0.00720 0.00504 0.00323 0.00147 0.05000 ( 1)  0.321 +-  1.225
 200 -   0.80839 0.05212 0.02938 0.01946 0.01375 0.00996 0.00720 0.00504 0.00323 0.00147 0.05000 ( 1)  0.321 +-  1.225
 201 -   0.80839 0.05212 0.02938 0.01946 0.01375 0.00996 0.00720 0.00504 0.00323 0.00147 0.05000 ( 1)  0.321 +-  1.225
 202 -   0.80839 0.05212 0.02938 0.01946 0.01375 0.00996 0.00720 0.00504 0.00323 0.00147 0.05000 ( 1)  0.321 +-  1.225
 203 -   0.80839 0.05212 0.02938 0.01946 0.01375 0.00996 0.00720 0.00504 0.00323 0.00147 0.05000 ( 1)  0.321 +-  1.225
 204 R   0.92115 0.04314 0.01772 0.00858 0.00445 0.00237 0.00127 0.00066 0.00031 0.00011 0.00025 ( 1)  0.065 +-  0.068
 205 S   0.08065 0.08632 0.13926 0.15727 0.14740 0.12220 0.09177 0.06231 0.03663 0.01441 0.06178 ( 4)  0.488 +-  0.354
 206 E   0.75378 0.09641 0.06013 0.03717 0.02259 0.01343 0.00774 0.00423 0.00209 0.00072 0.00169 ( 1)  0.111 +-  0.143
 207 G   0.95416 0.03149 0.00920 0.00320 0.00120 0.00047 0.00018 0.00007 0.00003 0.00001 0.00000 ( 1)  0.057 +-  0.037
 208 H   0.49703 0.15314 0.12856 0.09038 0.05773 0.03450 0.01944 0.01022 0.00478 0.00155 0.00267 ( 1)  0.186 +-  0.190
 209 E   0.05256 0.06201 0.11006 0.13646 0.14012 0.12697 0.10399 0.07681 0.04897 0.02078 0.12126 ( 5)  0.602 +-  0.450
 210 K   0.75813 0.09606 0.05934 0.03633 0.02187 0.01288 0.00735 0.00398 0.00194 0.00067 0.00146 ( 1)  0.109 +-  0.139
 211 G   0.94996 0.03335 0.01034 0.00381 0.00151 0.00062 0.00026 0.00010 0.00004 0.00001 0.00001 ( 1)  0.058 +-  0.040
 212 K   0.53055 0.09147 0.07661 0.06337 0.05133 0.04050 0.03084 0.02219 0.01430 0.00641 0.07244 ( 1)  0.319 +-  0.538
 213 G   0.95416 0.03149 0.00920 0.00320 0.00120 0.00047 0.00018 0.00007 0.00003 0.00001 0.00000 ( 1)  0.057 +-  0.037
 214 N   0.94590 0.03501 0.01143 0.00443 0.00185 0.00080 0.00035 0.00015 0.00006 0.00002 0.00002 ( 1)  0.059 +-  0.044
 215 Y   0.94305 0.03614 0.01220 0.00488 0.00209 0.00093 0.00042 0.00018 0.00007 0.00002 0.00002 ( 1)  0.059 +-  0.046
 216 W   0.90695 0.04652 0.02088 0.01103 0.00622 0.00360 0.00208 0.00117 0.00060 0.00022 0.00075 ( 1)  0.070 +-  0.086
 217 T   0.90412 0.04706 0.02144 0.01150 0.00658 0.00387 0.00227 0.00129 0.00067 0.00025 0.00095 ( 1)  0.071 +-  0.091
 218 F   0.93439 0.03928 0.01448 0.00630 0.00293 0.00140 0.00067 0.00031 0.00013 0.00004 0.00005 ( 1)  0.061 +-  0.053
 219 A   0.90918 0.04604 0.02041 0.01065 0.00593 0.00339 0.00194 0.00108 0.00055 0.00020 0.00064 ( 1)  0.069 +-  0.083
 220 G   0.93838 0.03781 0.01342 0.00564 0.00255 0.00119 0.00056 0.00026 0.00011 0.00003 0.00005 ( 1)  0.060 +-  0.050
 221 G   0.94440 0.03563 0.01184 0.00466 0.00197 0.00086 0.00038 0.00016 0.00006 0.00002 0.00002 ( 1)  0.059 +-  0.045
 222 C   0.93924 0.03758 0.01321 0.00549 0.00245 0.00112 0.00052 0.00023 0.00010 0.00003 0.00003 ( 1)  0.060 +-  0.049
 223 E   0.92506 0.04210 0.01680 0.00790 0.00398 0.00206 0.00107 0.00054 0.00025 0.00008 0.00016 ( 1)  0.064 +-  0.063
 224 S   0.90002 0.04783 0.02224 0.01217 0.00711 0.00426 0.00255 0.00148 0.00079 0.00030 0.00126 ( 1)  0.073 +-  0.098
 225 L   0.89183 0.04918 0.02372 0.01346 0.00815 0.00506 0.00314 0.00189 0.00104 0.00041 0.00213 ( 1)  0.077 +-  0.114
 226 L   0.89132 0.04925 0.02381 0.01354 0.00821 0.00511 0.00318 0.00192 0.00106 0.00041 0.00220 ( 1)  0.078 +-  0.116
 227 D   0.94905 0.03373 0.01058 0.00394 0.00158 0.00066 0.00028 0.00011 0.00004 0.00001 0.00001 ( 1)  0.058 +-  0.041
 228 L   0.93357 0.03953 0.01469 0.00644 0.00302 0.00146 0.00071 0.00033 0.00014 0.00004 0.00006 ( 1)  0.062 +-  0.054
 229 F   0.93439 0.03928 0.01448 0.00630 0.00293 0.00140 0.00067 0.00031 0.00013 0.00004 0.00005 ( 1)  0.061 +-  0.053
 230 E   0.92506 0.04210 0.01680 0.00790 0.00398 0.00206 0.00107 0.00054 0.00025 0.00008 0.00016 ( 1)  0.064 +-  0.063
 231 N   0.81534 0.08806 0.04661 0.02458 0.01281 0.00657 0.00329 0.00157 0.00068 0.00021 0.00028 ( 1)  0.088 +-  0.102
 232 G   0.94440 0.03563 0.01184 0.00466 0.00197 0.00086 0.00038 0.00016 0.00006 0.00002 0.00002 ( 1)  0.059 +-  0.045
 233 N   0.94868 0.03390 0.01069 0.00400 0.00161 0.00067 0.00028 0.00012 0.00004 0.00001 0.00001 ( 1)  0.058 +-  0.041
 234 Y   0.94397 0.03579 0.01195 0.00473 0.00201 0.00088 0.00039 0.00017 0.00007 0.00002 0.00002 ( 1)  0.059 +-  0.045
 235 R   0.91376 0.04494 0.01938 0.00985 0.00536 0.00300 0.00168 0.00091 0.00046 0.00016 0.00051 ( 1)  0.068 +-  0.078
 236 R   0.90710 0.04644 0.02082 0.01099 0.00620 0.00359 0.00208 0.00117 0.00060 0.00022 0.00078 ( 1)  0.070 +-  0.087
 237 R   0.91304 0.04506 0.01951 0.00996 0.00545 0.00307 0.00173 0.00095 0.00048 0.00017 0.00059 ( 1)  0.068 +-  0.080
 238 R   0.90926 0.04586 0.02029 0.01059 0.00592 0.00341 0.00196 0.00110 0.00057 0.00021 0.00082 ( 1)  0.070 +-  0.088
 239 R   0.91140 0.04552 0.01992 0.01026 0.00565 0.00320 0.00181 0.00099 0.00050 0.00018 0.00056 ( 1)  0.069 +-  0.080
 240 R   0.66442 0.09948 0.07249 0.05226 0.03696 0.02552 0.01704 0.01077 0.00612 0.00243 0.01250 ( 1)  0.162 +-  0.238
 241 R   0.92377 0.04228 0.01705 0.00814 0.00417 0.00220 0.00117 0.00060 0.00029 0.00010 0.00023 ( 1)  0.065 +-  0.066

Positively selected sites

	Prob(w>1)  mean w


