Supplemental results for CODEML (seqf: algn  treef: tree)


dN/dS (w) for site classes (K=5)

p:   0.25000  0.25000  0.25000  0.25000  0.00001
w:   0.06826  0.19777  0.35188  0.58367  1.00000

Naive Empirical Bayes (NEB) probabilities for 5 classes & postmean_w
(amino acids refer to 1st sequence: chlSab_FOXL3_XM_008018930)

   1 G   0.68944 0.22983 0.06786 0.01287 0.00000 ( 1)  0.124
   2 -   0.25000 0.25000 0.25000 0.25000 0.00001 ( 3)  0.300
   3 -   0.25000 0.25000 0.25000 0.25000 0.00001 ( 3)  0.300
   4 -   0.25000 0.25000 0.25000 0.25000 0.00001 ( 4)  0.300
   5 -   0.25000 0.25000 0.25000 0.25000 0.00001 ( 3)  0.300
   6 -   0.25000 0.25000 0.25000 0.25000 0.00001 ( 4)  0.300
   7 -   0.25000 0.25000 0.25000 0.25000 0.00001 ( 4)  0.300
   8 -   0.25000 0.25000 0.25000 0.25000 0.00001 ( 4)  0.300
   9 -   0.25000 0.25000 0.25000 0.25000 0.00001 ( 4)  0.300
  10 -   0.25000 0.25000 0.25000 0.25000 0.00001 ( 2)  0.300
  11 -   0.25000 0.25000 0.25000 0.25000 0.00001 ( 4)  0.300
  12 -   0.25000 0.25000 0.25000 0.25000 0.00001 ( 4)  0.300
  13 P   0.65371 0.24510 0.08247 0.01872 0.00000 ( 1)  0.133
  14 K   0.01080 0.13447 0.34732 0.50740 0.00001 ( 4)  0.446
  15 -   0.25000 0.25000 0.25000 0.25000 0.00001 ( 4)  0.300
  16 -   0.25000 0.25000 0.25000 0.25000 0.00001 ( 4)  0.300
  17 -   0.25000 0.25000 0.25000 0.25000 0.00001 ( 3)  0.300
  18 -   0.25000 0.25000 0.25000 0.25000 0.00001 ( 3)  0.300
  19 -   0.25000 0.25000 0.25000 0.25000 0.00001 ( 4)  0.300
  20 -   0.25000 0.25000 0.25000 0.25000 0.00001 ( 3)  0.300
  21 -   0.25000 0.25000 0.25000 0.25000 0.00001 ( 3)  0.300
  22 -   0.25000 0.25000 0.25000 0.25000 0.00001 ( 3)  0.300
  23 -   0.25000 0.25000 0.25000 0.25000 0.00001 ( 4)  0.300
  24 -   0.25000 0.25000 0.25000 0.25000 0.00001 ( 3)  0.300
  25 -   0.25000 0.25000 0.25000 0.25000 0.00001 ( 3)  0.300
  26 -   0.25000 0.25000 0.25000 0.25000 0.00001 ( 3)  0.300
  27 -   0.25000 0.25000 0.25000 0.25000 0.00001 ( 3)  0.300
  28 -   0.25000 0.25000 0.25000 0.25000 0.00001 ( 4)  0.300
  29 -   0.25000 0.25000 0.25000 0.25000 0.00001 ( 3)  0.300
  30 -   0.25000 0.25000 0.25000 0.25000 0.00001 ( 4)  0.300
  31 -   0.25000 0.25000 0.25000 0.25000 0.00001 ( 4)  0.300
  32 -   0.25000 0.25000 0.25000 0.25000 0.00001 ( 3)  0.300
  33 -   0.25000 0.25000 0.25000 0.25000 0.00001 ( 4)  0.300
  34 -   0.25000 0.25000 0.25000 0.25000 0.00001 ( 4)  0.300
  35 -   0.25000 0.25000 0.25000 0.25000 0.00001 ( 4)  0.300
  36 -   0.25000 0.25000 0.25000 0.25000 0.00001 ( 3)  0.300
  37 -   0.25000 0.25000 0.25000 0.25000 0.00001 ( 4)  0.300
  38 -   0.25000 0.25000 0.25000 0.25000 0.00001 ( 4)  0.300
  39 -   0.25000 0.25000 0.25000 0.25000 0.00001 ( 4)  0.300
  40 -   0.25000 0.25000 0.25000 0.25000 0.00001 ( 4)  0.300
  41 -   0.25000 0.25000 0.25000 0.25000 0.00001 ( 4)  0.300
  42 -   0.25000 0.25000 0.25000 0.25000 0.00001 ( 4)  0.300
  43 -   0.25000 0.25000 0.25000 0.25000 0.00001 ( 3)  0.300
  44 -   0.25000 0.25000 0.25000 0.25000 0.00001 ( 3)  0.300
  45 -   0.25000 0.25000 0.25000 0.25000 0.00001 ( 4)  0.300
  46 -   0.25000 0.25000 0.25000 0.25000 0.00001 ( 4)  0.300
  47 R   0.33669 0.36510 0.21758 0.08063 0.00000 ( 2)  0.219
  48 E   0.10454 0.33556 0.35420 0.20570 0.00000 ( 3)  0.318
  49 G   0.06849 0.26766 0.36017 0.30368 0.00001 ( 3)  0.362
  50 -   0.09596 0.22108 0.30845 0.37450 0.00002 ( 4)  0.377
  51 -   0.35428 0.27563 0.21323 0.15684 0.00000 ( 1)  0.245
  52 -   0.01642 0.11452 0.29084 0.57819 0.00004 ( 4)  0.464
  53 -   0.09772 0.22759 0.31424 0.36043 0.00001 ( 4)  0.373
  54 -   0.02414 0.14677 0.31938 0.50969 0.00002 ( 4)  0.441
  55 -   0.35217 0.27736 0.21522 0.15524 0.00000 ( 1)  0.245
  56 -   0.10665 0.23570 0.31143 0.34620 0.00001 ( 4)  0.366
  57 -   0.12164 0.25154 0.31012 0.31669 0.00001 ( 4)  0.352
  58 -   0.09666 0.22450 0.31181 0.36701 0.00001 ( 4)  0.375
  59 -   0.40552 0.28578 0.19388 0.11483 0.00000 ( 1)  0.219
  60 -   0.37872 0.28163 0.20467 0.13498 0.00000 ( 1)  0.232
  61 -   0.09150 0.21784 0.31098 0.37966 0.00002 ( 4)  0.380
  62 -   0.09126 0.21921 0.31310 0.37641 0.00001 ( 4)  0.379
  63 -   0.05967 0.17079 0.29733 0.47218 0.00003 ( 4)  0.418
  64 -   0.01853 0.12303 0.29795 0.56045 0.00004 ( 4)  0.458
  65 -   0.12288 0.25661 0.31405 0.30645 0.00001 ( 3)  0.349
  66 -   0.01908 0.12586 0.30124 0.55378 0.00003 ( 4)  0.455
  67 -   0.09236 0.21945 0.31172 0.37645 0.00002 ( 4)  0.379
  68 -   0.07208 0.19126 0.30568 0.43095 0.00002 ( 4)  0.402
  69 -   0.28749 0.26364 0.23940 0.20947 0.00001 ( 1)  0.278
  70 -   0.06755 0.19024 0.31084 0.43135 0.00002 ( 4)  0.403
  71 -   0.08935 0.21519 0.31079 0.38465 0.00002 ( 4)  0.383
  72 -   0.11368 0.24587 0.31389 0.32655 0.00001 ( 4)  0.357
  73 -   0.41107 0.28862 0.19232 0.10799 0.00000 ( 1)  0.216
  74 -   0.31477 0.27079 0.22982 0.18461 0.00001 ( 1)  0.264
  75 -   0.35499 0.27874 0.21453 0.15173 0.00000 ( 1)  0.243
  76 -   0.28281 0.26239 0.24103 0.21376 0.00001 ( 1)  0.281
  77 -   0.42357 0.28571 0.18568 0.10504 0.00000 ( 1)  0.212
  78 -   0.39338 0.28218 0.19826 0.12618 0.00000 ( 1)  0.226
  79 -   0.36760 0.27933 0.20885 0.14422 0.00000 ( 1)  0.238
  80 -   0.08296 0.20327 0.30467 0.40907 0.00002 ( 4)  0.392
  81 -   0.10619 0.23747 0.31423 0.34209 0.00001 ( 4)  0.364
  82 -   0.37764 0.28003 0.20462 0.13770 0.00000 ( 1)  0.234
  83 -   0.28583 0.26369 0.24025 0.21023 0.00001 ( 1)  0.279
  84 -   0.28277 0.26248 0.24108 0.21366 0.00001 ( 1)  0.281
  85 -   0.05924 0.16899 0.29522 0.47652 0.00003 ( 4)  0.420
  86 -   0.28920 0.26493 0.23932 0.20654 0.00001 ( 1)  0.277
  87 -   0.08961 0.21594 0.31132 0.38312 0.00002 ( 4)  0.382
  88 -   0.31990 0.27165 0.22779 0.18066 0.00001 ( 1)  0.261
  89 -   0.38050 0.27990 0.20325 0.13634 0.00000 ( 1)  0.232
  90 -   0.40977 0.28821 0.19281 0.10921 0.00000 ( 1)  0.217
  91 -   0.33662 0.27519 0.22153 0.16666 0.00000 ( 1)  0.253
  92 -   0.09478 0.22170 0.31103 0.37248 0.00002 ( 4)  0.377
  93 -   0.00313 0.05814 0.23973 0.69893 0.00007 ( 4)  0.504
  94 -   0.34539 0.27679 0.21811 0.15971 0.00000 ( 1)  0.248
  95 -   0.09524 0.22125 0.30995 0.37354 0.00002 ( 4)  0.377
  96 -   0.10596 0.23777 0.31492 0.34135 0.00001 ( 4)  0.364
  97 -   0.36760 0.27933 0.20885 0.14422 0.00000 ( 1)  0.238
  98 -   0.38978 0.28338 0.20024 0.12660 0.00000 ( 1)  0.227
  99 -   0.37013 0.28126 0.20847 0.14015 0.00000 ( 1)  0.236
 100 -   0.10133 0.23132 0.31342 0.35392 0.00001 ( 4)  0.370
 101 -   0.02295 0.14053 0.31211 0.52438 0.00003 ( 4)  0.445
 102 -   0.37027 0.28518 0.21020 0.13435 0.00000 ( 1)  0.234
 103 -   0.37572 0.28547 0.20771 0.13110 0.00000 ( 1)  0.232
 104 -   0.35008 0.28185 0.21841 0.14966 0.00000 ( 1)  0.244
 105 -   0.40977 0.28821 0.19281 0.10921 0.00000 ( 1)  0.217
 106 -   0.27640 0.26076 0.24337 0.21947 0.00001 ( 1)  0.284
 107 -   0.42357 0.28571 0.18568 0.10504 0.00000 ( 1)  0.212
 108 -   0.37332 0.28555 0.20890 0.13222 0.00000 ( 1)  0.233
 109 -   0.37027 0.28518 0.21020 0.13435 0.00000 ( 1)  0.234
 110 -   0.41007 0.28722 0.19227 0.11043 0.00000 ( 1)  0.217
 111 -   0.36193 0.28244 0.21293 0.14270 0.00000 ( 1)  0.239
 112 -   0.35041 0.27856 0.21659 0.15444 0.00000 ( 1)  0.245
 113 -   0.34926 0.27861 0.21716 0.15497 0.00000 ( 1)  0.246
 114 -   0.13013 0.26295 0.31186 0.29505 0.00001 ( 3)  0.343
 115 -   0.37222 0.27992 0.20699 0.14087 0.00000 ( 1)  0.236
 116 -   0.28229 0.26288 0.24166 0.21317 0.00001 ( 1)  0.281
 117 -   0.09353 0.22000 0.31071 0.37575 0.00002 ( 4)  0.379
 118 -   0.37872 0.28163 0.20467 0.13498 0.00000 ( 1)  0.232
 119 -   0.25000 0.25000 0.25000 0.25000 0.00001 ( 4)  0.300
 120 -   0.25000 0.25000 0.25000 0.25000 0.00001 ( 4)  0.300
 121 -   0.25000 0.25000 0.25000 0.25000 0.00001 ( 4)  0.300
 122 -   0.25000 0.25000 0.25000 0.25000 0.00001 ( 4)  0.300
 123 -   0.25000 0.25000 0.25000 0.25000 0.00001 ( 3)  0.300
 124 -   0.37222 0.27992 0.20699 0.14087 0.00000 ( 1)  0.236
 125 -   0.08350 0.20725 0.30927 0.39996 0.00002 ( 4)  0.389
 126 -   0.10304 0.22859 0.30740 0.36096 0.00002 ( 4)  0.371
 127 -   0.01237 0.09458 0.26799 0.62501 0.00005 ( 4)  0.479
 128 -   0.34037 0.27299 0.21860 0.16803 0.00000 ( 1)  0.252
 129 -   0.06958 0.18608 0.30249 0.44182 0.00002 ( 4)  0.406
 130 -   0.40552 0.28578 0.19388 0.11483 0.00000 ( 1)  0.219
 131 -   0.39338 0.28218 0.19826 0.12618 0.00000 ( 1)  0.226
 132 -   0.28081 0.26114 0.24120 0.21684 0.00001 ( 1)  0.282
 133 -   0.12337 0.25355 0.31003 0.31303 0.00001 ( 4)  0.350
 134 -   0.37013 0.28126 0.20847 0.14015 0.00000 ( 1)  0.236
 135 -   0.00612 0.06246 0.22806 0.70327 0.00009 ( 4)  0.504
 136 -   0.38193 0.28520 0.20459 0.12828 0.00000 ( 1)  0.229
 137 -   0.11431 0.24507 0.31207 0.32853 0.00001 ( 4)  0.358
 138 -   0.38050 0.27990 0.20325 0.13634 0.00000 ( 1)  0.232
 139 -   0.09236 0.21945 0.31172 0.37645 0.00002 ( 4)  0.379
 140 -   0.11738 0.24977 0.31350 0.31934 0.00001 ( 4)  0.354
 141 -   0.01772 0.12053 0.29731 0.56441 0.00003 ( 4)  0.459
 142 -   0.39501 0.28759 0.19949 0.11790 0.00000 ( 1)  0.223
 143 -   0.41007 0.28722 0.19227 0.11043 0.00000 ( 1)  0.217
 144 -   0.41395 0.28583 0.19005 0.11018 0.00000 ( 1)  0.216
 145 -   0.29741 0.26798 0.23704 0.19756 0.00001 ( 1)  0.272
 146 -   0.36484 0.28423 0.21235 0.13858 0.00000 ( 1)  0.237
 147 -   0.08540 0.20949 0.30924 0.39585 0.00002 ( 4)  0.387
 148 L   0.01472 0.16194 0.36681 0.45652 0.00001 ( 4)  0.429
 149 R   0.36227 0.28436 0.21368 0.13969 0.00000 ( 1)  0.238
 150 G   0.29712 0.26754 0.23689 0.19845 0.00001 ( 1)  0.272
 151 P   0.10021 0.23107 0.31495 0.35375 0.00001 ( 4)  0.370
 152 R   0.09104 0.21903 0.31330 0.37662 0.00001 ( 4)  0.380
 153 A   0.36928 0.28480 0.21048 0.13544 0.00000 ( 1)  0.235
 154 G   0.35896 0.28309 0.21466 0.14328 0.00000 ( 1)  0.240
 155 G   0.11155 0.24550 0.31645 0.32649 0.00001 ( 4)  0.358
 156 V   0.10747 0.24034 0.31596 0.33622 0.00001 ( 4)  0.362
 157 Q   0.37550 0.28634 0.20820 0.12996 0.00000 ( 1)  0.231
 158 G   0.11143 0.24510 0.31613 0.32733 0.00001 ( 4)  0.358
 159 P   0.10152 0.23322 0.31577 0.34948 0.00001 ( 4)  0.368
 160 P   0.01260 0.09778 0.27533 0.61425 0.00005 ( 4)  0.476
 161 G   0.27813 0.26139 0.24287 0.21760 0.00001 ( 1)  0.283
 162 P   0.35941 0.28324 0.21452 0.14283 0.00000 ( 1)  0.239
 163 P   0.01856 0.12393 0.30018 0.55729 0.00003 ( 4)  0.457
 164 E   0.12080 0.25633 0.31649 0.30637 0.00001 ( 3)  0.349
 165 P   0.36023 0.28341 0.21420 0.14217 0.00000 ( 1)  0.239
 166 A   0.02058 0.13285 0.30873 0.53781 0.00003 ( 4)  0.450
 167 A   0.02114 0.13515 0.31067 0.53301 0.00003 ( 4)  0.449
 168 G   0.09562 0.22482 0.31383 0.36572 0.00001 ( 4)  0.375
 169 Q   0.36189 0.28402 0.21369 0.14039 0.00000 ( 1)  0.238
 170 G   0.11143 0.24510 0.31613 0.32733 0.00001 ( 4)  0.358
 171 S   0.01933 0.12711 0.30290 0.55064 0.00003 ( 4)  0.454
 172 L   0.36932 0.28553 0.21080 0.13435 0.00000 ( 1)  0.234
 173 A   0.35036 0.28145 0.21805 0.15015 0.00000 ( 1)  0.244
 174 P   0.09790 0.22823 0.31480 0.35906 0.00001 ( 4)  0.372
 175 D   0.41588 0.29045 0.19079 0.10288 0.00000 ( 1)  0.213
 176 S   0.39422 0.28904 0.20043 0.11631 0.00000 ( 1)  0.222
 177 A   0.27676 0.26086 0.24324 0.21913 0.00001 ( 1)  0.284
 178 G   0.37132 0.28542 0.20980 0.13345 0.00000 ( 1)  0.234
 179 E   0.39636 0.28891 0.19936 0.11537 0.00000 ( 1)  0.222
 180 S   0.11996 0.25484 0.31591 0.30928 0.00001 ( 3)  0.350
 181 A   0.11732 0.25234 0.31658 0.31375 0.00001 ( 3)  0.352
 182 P   0.09637 0.22639 0.31476 0.36247 0.00001 ( 4)  0.374
 183 G   0.32234 0.27489 0.22842 0.17434 0.00000 ( 1)  0.259
 184 R   0.33397 0.27795 0.22430 0.16378 0.00000 ( 1)  0.252
 185 D   0.12559 0.26171 0.31626 0.29643 0.00001 ( 3)  0.345
 186 P   0.10984 0.24295 0.31577 0.33143 0.00001 ( 4)  0.360
 187 H   0.26480 0.25627 0.24647 0.23245 0.00001 ( 1)  0.291
 188 A   0.29835 0.26835 0.23677 0.19652 0.00001 ( 1)  0.271
 189 S   0.07543 0.19625 0.30730 0.42100 0.00002 ( 4)  0.398
 190 P   0.37438 0.28558 0.20840 0.13165 0.00000 ( 1)  0.232
 191 A   0.38548 0.28693 0.20370 0.12389 0.00000 ( 1)  0.227
 192 S   0.39422 0.28904 0.20043 0.11631 0.00000 ( 1)  0.222
 193 P   0.37438 0.28558 0.20840 0.13165 0.00000 ( 1)  0.232
 194 A   0.01943 0.12780 0.30394 0.54881 0.00003 ( 4)  0.454
 195 P   0.01885 0.12535 0.30179 0.55398 0.00003 ( 4)  0.456
 196 P   0.09968 0.23030 0.31477 0.35525 0.00001 ( 4)  0.370
 197 G   0.35900 0.28309 0.21464 0.14327 0.00000 ( 1)  0.240
 198 K   0.36148 0.28433 0.21405 0.14013 0.00000 ( 1)  0.238
 199 E   0.39636 0.28891 0.19936 0.11537 0.00000 ( 1)  0.222
 200 H   0.02324 0.14383 0.31810 0.51480 0.00002 ( 4)  0.442
 201 S   0.10012 0.23066 0.31456 0.35464 0.00001 ( 4)  0.370
 202 R   0.36079 0.28358 0.21401 0.14161 0.00000 ( 1)  0.239
 203 D   0.40879 0.28988 0.19389 0.10743 0.00000 ( 1)  0.216
 204 L   0.39720 0.28923 0.19909 0.11448 0.00000 ( 1)  0.221
 205 K   0.36148 0.28433 0.21405 0.14013 0.00000 ( 1)  0.238
 206 F   0.33672 0.27926 0.22366 0.16036 0.00000 ( 1)  0.251
 207 S   0.39422 0.28904 0.20043 0.11631 0.00000 ( 1)  0.222
 208 I   0.35529 0.28324 0.21654 0.14492 0.00000 ( 1)  0.241
 209 D   0.41588 0.29045 0.19079 0.10288 0.00000 ( 1)  0.213
 210 Y   0.35823 0.28380 0.21538 0.14259 0.00000 ( 1)  0.240
 211 I   0.35529 0.28324 0.21654 0.14492 0.00000 ( 1)  0.241
 212 L   0.37370 0.28598 0.20890 0.13142 0.00000 ( 1)  0.232
 213 S   0.39442 0.28915 0.20037 0.11606 0.00000 ( 1)  0.222
 214 S   0.39442 0.28915 0.20037 0.11606 0.00000 ( 1)  0.222
 215 P   0.27587 0.26054 0.24350 0.22009 0.00001 ( 1)  0.285
 216 D   0.41588 0.29045 0.19079 0.10288 0.00000 ( 1)  0.213
 217 P   0.37438 0.28558 0.20840 0.13165 0.00000 ( 1)  0.232
 218 F   0.32483 0.27623 0.22794 0.17099 0.00000 ( 1)  0.257
 219 P   0.32613 0.27618 0.22725 0.17044 0.00000 ( 1)  0.256
 220 G   0.33521 0.27799 0.22369 0.16310 0.00000 ( 1)  0.252
 221 L   0.11658 0.25191 0.31708 0.31442 0.00001 ( 3)  0.353
 222 K   0.36148 0.28433 0.21405 0.14013 0.00000 ( 1)  0.238
 223 P   0.35352 0.28212 0.21683 0.14753 0.00000 ( 1)  0.242
 224 P   0.37438 0.28558 0.20840 0.13165 0.00000 ( 1)  0.232
 225 C   0.10105 0.23290 0.31608 0.34996 0.00001 ( 4)  0.368
 226 L   0.10940 0.24329 0.31683 0.33046 0.00001 ( 4)  0.360
 227 A   0.27704 0.26097 0.24316 0.21882 0.00001 ( 1)  0.284
 228 Q   0.09914 0.22992 0.31511 0.35581 0.00001 ( 4)  0.371
 229 E   0.39636 0.28891 0.19936 0.11537 0.00000 ( 1)  0.222
 230 G   0.11575 0.24996 0.31592 0.31835 0.00001 ( 4)  0.354
 231 -   0.25000 0.25000 0.25000 0.25000 0.00001 ( 3)  0.300
 232 -   0.25000 0.25000 0.25000 0.25000 0.00001 ( 3)  0.300
 233 -   0.25000 0.25000 0.25000 0.25000 0.00001 ( 3)  0.300
 234 -   0.25000 0.25000 0.25000 0.25000 0.00001 ( 4)  0.300
 235 -   0.25000 0.25000 0.25000 0.25000 0.00001 ( 4)  0.300
 236 R   0.28068 0.26238 0.24218 0.21474 0.00001 ( 1)  0.282
 237 Y   0.33124 0.27781 0.22561 0.16534 0.00000 ( 1)  0.253
 238 A   0.01419 0.10381 0.27923 0.60273 0.00005 ( 4)  0.472
 239 P   0.09567 0.22510 0.31412 0.36509 0.00001 ( 4)  0.375
 240 L   0.09914 0.23002 0.31523 0.35559 0.00001 ( 4)  0.371
 241 E   0.37964 0.28678 0.20641 0.12717 0.00000 ( 1)  0.229
 242 N   0.37664 0.28681 0.20787 0.12868 0.00000 ( 1)  0.231
 243 V   0.38714 0.28810 0.20340 0.12136 0.00000 ( 1)  0.226
 244 G   0.38384 0.28687 0.20445 0.12483 0.00000 ( 1)  0.228
 245 L   0.39720 0.28923 0.19909 0.11448 0.00000 ( 1)  0.221
 246 H   0.40541 0.28973 0.19542 0.10944 0.00000 ( 1)  0.218
 247 F   0.26849 0.25774 0.24552 0.22824 0.00001 ( 1)  0.289
 248 W   0.35044 0.28225 0.21842 0.14888 0.00000 ( 1)  0.243
 249 T   0.28396 0.26355 0.24122 0.21126 0.00001 ( 1)  0.280
 250 M   0.34689 0.28153 0.21981 0.15177 0.00000 ( 1)  0.245
 251 -   0.25000 0.25000 0.25000 0.25000 0.00001 ( 4)  0.300
 252 -   0.25000 0.25000 0.25000 0.25000 0.00001 ( 4)  0.300
 253 -   0.25000 0.25000 0.25000 0.25000 0.00001 ( 4)  0.300
 254 -   0.25000 0.25000 0.25000 0.25000 0.00001 ( 4)  0.300
 255 -   0.25000 0.25000 0.25000 0.25000 0.00001 ( 4)  0.300
 256 -   0.25000 0.25000 0.25000 0.25000 0.00001 ( 3)  0.300
 257 -   0.25000 0.25000 0.25000 0.25000 0.00001 ( 3)  0.300
 258 -   0.25000 0.25000 0.25000 0.25000 0.00001 ( 4)  0.300
 259 -   0.25000 0.25000 0.25000 0.25000 0.00001 ( 4)  0.300
 260 -   0.25000 0.25000 0.25000 0.25000 0.00001 ( 4)  0.300
 261 -   0.25000 0.25000 0.25000 0.25000 0.00001 ( 4)  0.300
 262 -   0.25000 0.25000 0.25000 0.25000 0.00001 ( 3)  0.300
 263 -   0.25000 0.25000 0.25000 0.25000 0.00001 ( 3)  0.300
 264 -   0.25000 0.25000 0.25000 0.25000 0.00001 ( 3)  0.300
 265 -   0.25000 0.25000 0.25000 0.25000 0.00001 ( 3)  0.300
 266 -   0.25000 0.25000 0.25000 0.25000 0.00001 ( 3)  0.300
 267 -   0.25000 0.25000 0.25000 0.25000 0.00001 ( 3)  0.300
 268 -   0.25000 0.25000 0.25000 0.25000 0.00001 ( 3)  0.300
 269 -   0.25000 0.25000 0.25000 0.25000 0.00001 ( 3)  0.300
 270 -   0.25000 0.25000 0.25000 0.25000 0.00001 ( 4)  0.300
 271 -   0.25000 0.25000 0.25000 0.25000 0.00001 ( 4)  0.300
 272 -   0.25000 0.25000 0.25000 0.25000 0.00001 ( 4)  0.300
 273 -   0.25000 0.25000 0.25000 0.25000 0.00001 ( 3)  0.300
 274 -   0.25000 0.25000 0.25000 0.25000 0.00001 ( 4)  0.300
 275 -   0.25000 0.25000 0.25000 0.25000 0.00001 ( 4)  0.300
 276 -   0.25000 0.25000 0.25000 0.25000 0.00001 ( 4)  0.300
 277 -   0.25000 0.25000 0.25000 0.25000 0.00001 ( 4)  0.300
 278 -   0.25000 0.25000 0.25000 0.25000 0.00001 ( 4)  0.300
 279 -   0.25000 0.25000 0.25000 0.25000 0.00001 ( 3)  0.300
 280 -   0.25000 0.25000 0.25000 0.25000 0.00001 ( 3)  0.300
 281 -   0.25000 0.25000 0.25000 0.25000 0.00001 ( 4)  0.300
 282 -   0.25000 0.25000 0.25000 0.25000 0.00001 ( 4)  0.300
 283 -   0.25000 0.25000 0.25000 0.25000 0.00001 ( 4)  0.300
 284 -   0.25000 0.25000 0.25000 0.25000 0.00001 ( 4)  0.300
 285 -   0.25000 0.25000 0.25000 0.25000 0.00001 ( 3)  0.300
 286 -   0.25000 0.25000 0.25000 0.25000 0.00001 ( 4)  0.300
 287 -   0.25000 0.25000 0.25000 0.25000 0.00001 ( 4)  0.300
 288 -   0.25000 0.25000 0.25000 0.25000 0.00001 ( 3)  0.300
 289 -   0.25000 0.25000 0.25000 0.25000 0.00001 ( 4)  0.300
 290 -   0.25000 0.25000 0.25000 0.25000 0.00001 ( 3)  0.300
 291 -   0.25000 0.25000 0.25000 0.25000 0.00001 ( 4)  0.300
 292 -   0.25000 0.25000 0.25000 0.25000 0.00001 ( 4)  0.300
 293 -   0.25000 0.25000 0.25000 0.25000 0.00001 ( 4)  0.300
 294 -   0.25000 0.25000 0.25000 0.25000 0.00001 ( 4)  0.300
 295 -   0.25000 0.25000 0.25000 0.25000 0.00001 ( 4)  0.300
 296 -   0.25000 0.25000 0.25000 0.25000 0.00001 ( 4)  0.300
 297 -   0.25000 0.25000 0.25000 0.25000 0.00001 ( 3)  0.300
 298 -   0.25000 0.25000 0.25000 0.25000 0.00001 ( 4)  0.300
 299 -   0.25000 0.25000 0.25000 0.25000 0.00001 ( 4)  0.300
 300 -   0.25000 0.25000 0.25000 0.25000 0.00001 ( 3)  0.300
 301 -   0.25000 0.25000 0.25000 0.25000 0.00001 ( 4)  0.300
 302 -   0.25000 0.25000 0.25000 0.25000 0.00001 ( 3)  0.300
 303 -   0.25000 0.25000 0.25000 0.25000 0.00001 ( 4)  0.300
 304 -   0.25000 0.25000 0.25000 0.25000 0.00001 ( 4)  0.300
 305 -   0.25000 0.25000 0.25000 0.25000 0.00001 ( 4)  0.300
 306 -   0.25000 0.25000 0.25000 0.25000 0.00001 ( 4)  0.300

Positively selected sites

	Prob(w>1)  mean w



lnL = -2048.804536

Bayes Empirical Bayes (BEB) probabilities for 11 classes (class) & postmean_w
(amino acids refer to 1st sequence: chlSab_FOXL3_XM_008018930)

   1 G   0.72873 0.17204 0.06045 0.02307 0.00924 0.00382 0.00161 0.00067 0.00027 0.00009 0.00001 ( 1)  0.094 +-  0.089
   2 -   0.27992 0.14970 0.11824 0.09792 0.08210 0.06856 0.05623 0.04445 0.03255 0.01924 0.05109 ( 1)  0.395 +-  0.541
   3 -   0.27992 0.14970 0.11824 0.09792 0.08210 0.06856 0.05623 0.04445 0.03255 0.01924 0.05109 ( 1)  0.395 +-  0.541
   4 -   0.27992 0.14970 0.11824 0.09792 0.08210 0.06856 0.05623 0.04445 0.03255 0.01924 0.05109 ( 1)  0.395 +-  0.541
   5 -   0.27992 0.14970 0.11824 0.09792 0.08210 0.06856 0.05623 0.04445 0.03255 0.01924 0.05109 ( 1)  0.395 +-  0.541
   6 -   0.27992 0.14970 0.11824 0.09792 0.08210 0.06856 0.05623 0.04445 0.03255 0.01924 0.05109 ( 1)  0.395 +-  0.541
   7 -   0.27992 0.14970 0.11824 0.09792 0.08210 0.06856 0.05623 0.04445 0.03255 0.01924 0.05109 ( 1)  0.395 +-  0.541
   8 -   0.27992 0.14970 0.11824 0.09792 0.08210 0.06856 0.05623 0.04445 0.03255 0.01924 0.05109 ( 1)  0.395 +-  0.541
   9 -   0.27992 0.14970 0.11824 0.09792 0.08210 0.06856 0.05623 0.04445 0.03255 0.01924 0.05109 ( 1)  0.395 +-  0.541
  10 -   0.27992 0.14970 0.11824 0.09792 0.08210 0.06856 0.05623 0.04445 0.03255 0.01924 0.05109 ( 1)  0.395 +-  0.541
  11 -   0.27992 0.14970 0.11824 0.09792 0.08210 0.06856 0.05623 0.04445 0.03255 0.01924 0.05109 ( 1)  0.395 +-  0.541
  12 -   0.27992 0.14970 0.11824 0.09792 0.08210 0.06856 0.05623 0.04445 0.03255 0.01924 0.05109 ( 1)  0.395 +-  0.541
  13 P   0.69931 0.18047 0.06919 0.02870 0.01245 0.00556 0.00251 0.00113 0.00048 0.00017 0.00003 ( 1)  0.101 +-  0.099
  14 K   0.00623 0.05194 0.11295 0.15432 0.16683 0.15560 0.12991 0.09806 0.06552 0.03440 0.02424 ( 5)  0.534 +-  0.260
  15 -   0.27992 0.14970 0.11824 0.09792 0.08210 0.06856 0.05623 0.04445 0.03255 0.01924 0.05109 ( 1)  0.395 +-  0.541
  16 -   0.27992 0.14970 0.11824 0.09792 0.08210 0.06856 0.05623 0.04445 0.03255 0.01924 0.05109 ( 1)  0.395 +-  0.541
  17 -   0.27992 0.14970 0.11824 0.09792 0.08210 0.06856 0.05623 0.04445 0.03255 0.01924 0.05109 ( 1)  0.395 +-  0.541
  18 -   0.27992 0.14970 0.11824 0.09792 0.08210 0.06856 0.05623 0.04445 0.03255 0.01924 0.05109 ( 1)  0.395 +-  0.541
  19 -   0.27992 0.14970 0.11824 0.09792 0.08210 0.06856 0.05623 0.04445 0.03255 0.01924 0.05109 ( 1)  0.395 +-  0.541
  20 -   0.27992 0.14970 0.11824 0.09792 0.08210 0.06856 0.05623 0.04445 0.03255 0.01924 0.05109 ( 1)  0.395 +-  0.541
  21 -   0.27992 0.14970 0.11824 0.09792 0.08210 0.06856 0.05623 0.04445 0.03255 0.01924 0.05109 ( 1)  0.395 +-  0.541
  22 -   0.27992 0.14970 0.11824 0.09792 0.08210 0.06856 0.05623 0.04445 0.03255 0.01924 0.05109 ( 1)  0.395 +-  0.541
  23 -   0.27992 0.14970 0.11824 0.09792 0.08210 0.06856 0.05623 0.04445 0.03255 0.01924 0.05109 ( 1)  0.395 +-  0.541
  24 -   0.27992 0.14970 0.11824 0.09792 0.08210 0.06856 0.05623 0.04445 0.03255 0.01924 0.05109 ( 1)  0.395 +-  0.541
  25 -   0.27992 0.14970 0.11824 0.09792 0.08210 0.06856 0.05623 0.04445 0.03255 0.01924 0.05109 ( 1)  0.395 +-  0.541
  26 -   0.27992 0.14970 0.11824 0.09792 0.08210 0.06856 0.05623 0.04445 0.03255 0.01924 0.05109 ( 1)  0.395 +-  0.541
  27 -   0.27992 0.14970 0.11824 0.09792 0.08210 0.06856 0.05623 0.04445 0.03255 0.01924 0.05109 ( 1)  0.395 +-  0.541
  28 -   0.27992 0.14970 0.11824 0.09792 0.08210 0.06856 0.05623 0.04445 0.03255 0.01924 0.05109 ( 1)  0.395 +-  0.541
  29 -   0.27992 0.14970 0.11824 0.09792 0.08210 0.06856 0.05623 0.04445 0.03255 0.01924 0.05109 ( 1)  0.395 +-  0.541
  30 -   0.27992 0.14970 0.11824 0.09792 0.08210 0.06856 0.05623 0.04445 0.03255 0.01924 0.05109 ( 1)  0.395 +-  0.541
  31 -   0.27992 0.14970 0.11824 0.09792 0.08210 0.06856 0.05623 0.04445 0.03255 0.01924 0.05109 ( 1)  0.395 +-  0.541
  32 -   0.27992 0.14970 0.11824 0.09792 0.08210 0.06856 0.05623 0.04445 0.03255 0.01924 0.05109 ( 1)  0.395 +-  0.541
  33 -   0.27992 0.14970 0.11824 0.09792 0.08210 0.06856 0.05623 0.04445 0.03255 0.01924 0.05109 ( 1)  0.395 +-  0.541
  34 -   0.27992 0.14970 0.11824 0.09792 0.08210 0.06856 0.05623 0.04445 0.03255 0.01924 0.05109 ( 1)  0.395 +-  0.541
  35 -   0.27992 0.14970 0.11824 0.09792 0.08210 0.06856 0.05623 0.04445 0.03255 0.01924 0.05109 ( 1)  0.395 +-  0.541
  36 -   0.27992 0.14970 0.11824 0.09792 0.08210 0.06856 0.05623 0.04445 0.03255 0.01924 0.05109 ( 1)  0.395 +-  0.541
  37 -   0.27992 0.14970 0.11824 0.09792 0.08210 0.06856 0.05623 0.04445 0.03255 0.01924 0.05109 ( 1)  0.395 +-  0.541
  38 -   0.27992 0.14970 0.11824 0.09792 0.08210 0.06856 0.05623 0.04445 0.03255 0.01924 0.05109 ( 1)  0.395 +-  0.541
  39 -   0.27992 0.14970 0.11824 0.09792 0.08210 0.06856 0.05623 0.04445 0.03255 0.01924 0.05109 ( 1)  0.395 +-  0.541
  40 -   0.27992 0.14970 0.11824 0.09792 0.08210 0.06856 0.05623 0.04445 0.03255 0.01924 0.05109 ( 1)  0.395 +-  0.541
  41 -   0.27992 0.14970 0.11824 0.09792 0.08210 0.06856 0.05623 0.04445 0.03255 0.01924 0.05109 ( 1)  0.395 +-  0.541
  42 -   0.27992 0.14970 0.11824 0.09792 0.08210 0.06856 0.05623 0.04445 0.03255 0.01924 0.05109 ( 1)  0.395 +-  0.541
  43 -   0.27992 0.14970 0.11824 0.09792 0.08210 0.06856 0.05623 0.04445 0.03255 0.01924 0.05109 ( 1)  0.395 +-  0.541
  44 -   0.27992 0.14970 0.11824 0.09792 0.08210 0.06856 0.05623 0.04445 0.03255 0.01924 0.05109 ( 1)  0.395 +-  0.541
  45 -   0.27992 0.14970 0.11824 0.09792 0.08210 0.06856 0.05623 0.04445 0.03255 0.01924 0.05109 ( 1)  0.395 +-  0.541
  46 -   0.27992 0.14970 0.11824 0.09792 0.08210 0.06856 0.05623 0.04445 0.03255 0.01924 0.05109 ( 1)  0.395 +-  0.541
  47 R   0.35690 0.26607 0.16827 0.09697 0.05371 0.02907 0.01541 0.00791 0.00380 0.00151 0.00037 ( 1)  0.195 +-  0.164
  48 E   0.09456 0.20933 0.22063 0.17623 0.12300 0.07909 0.04782 0.02722 0.01423 0.00616 0.00174 ( 3)  0.324 +-  0.199
  49 G   0.05879 0.15101 0.18560 0.17349 0.14201 0.10714 0.07594 0.05056 0.03078 0.01533 0.00934 ( 3)  0.398 +-  0.241
  50 -   0.08530 0.11215 0.12426 0.12309 0.11487 0.10271 0.08818 0.07193 0.05389 0.03251 0.09111 ( 3)  0.581 +-  0.676
  51 -   0.40991 0.18141 0.11996 0.08468 0.06158 0.04534 0.03328 0.02386 0.01602 0.00876 0.01521 ( 1)  0.249 +-  0.306
  52 -   0.00847 0.03477 0.06569 0.09205 0.11033 0.11926 0.11863 0.10859 0.08889 0.05665 0.19668 (11)  0.841 +-  0.762
  53 -   0.09283 0.12331 0.13675 0.13421 0.12294 0.10699 0.08873 0.06949 0.04973 0.02863 0.04640 ( 3)  0.474 +-  0.369
  54 -   0.01581 0.05792 0.09867 0.12516 0.13627 0.13419 0.12193 0.10224 0.07695 0.04561 0.08525 ( 5)  0.619 +-  0.415
  55 -   0.40985 0.18335 0.12197 0.08615 0.06235 0.04544 0.03287 0.02312 0.01518 0.00811 0.01162 ( 1)  0.241 +-  0.279
  56 -   0.10084 0.12842 0.13760 0.13155 0.11830 0.10184 0.08412 0.06603 0.04763 0.02778 0.05589 ( 3)  0.485 +-  0.447
  57 -   0.11865 0.14341 0.14647 0.13407 0.11595 0.09640 0.07721 0.05899 0.04158 0.02381 0.04346 ( 3)  0.446 +-  0.409
  58 -   0.08946 0.11852 0.13154 0.12973 0.11986 0.10559 0.08894 0.07095 0.05185 0.03050 0.06306 ( 3)  0.509 +-  0.458
  59 -   0.46970 0.19406 0.11855 0.07681 0.05102 0.03419 0.02279 0.01483 0.00904 0.00449 0.00451 ( 1)  0.196 +-  0.216
  60 -   0.44009 0.18883 0.12034 0.08153 0.05670 0.03980 0.02778 0.01891 0.01204 0.00624 0.00774 ( 1)  0.218 +-  0.246
  61 -   0.08307 0.11222 0.12686 0.12732 0.11957 0.10695 0.09137 0.07384 0.05460 0.03243 0.07177 ( 4)  0.532 +-  0.491
  62 -   0.08446 0.11498 0.13044 0.13081 0.12231 0.10857 0.09180 0.07325 0.05338 0.03123 0.05875 ( 4)  0.505 +-  0.421
  63 -   0.04367 0.06842 0.08856 0.10080 0.10648 0.10630 0.10062 0.08946 0.07221 0.04611 0.17737 (11)  0.775 +-  0.806
  64 -   0.01007 0.03968 0.07244 0.09852 0.11507 0.12159 0.11858 0.10668 0.08604 0.05423 0.17710 (11)  0.803 +-  0.730
  65 -   0.12313 0.15026 0.15371 0.13974 0.11910 0.09688 0.07546 0.05578 0.03788 0.02088 0.02718 ( 3)  0.410 +-  0.324
  66 -   0.01073 0.04207 0.07630 0.10294 0.11912 0.12461 0.12022 0.10697 0.08531 0.05322 0.15851 (11)  0.764 +-  0.661
  67 -   0.08453 0.11404 0.12861 0.12862 0.12029 0.10707 0.09099 0.07313 0.05376 0.03176 0.06718 ( 4)  0.522 +-  0.471
  68 -   0.05928 0.08739 0.10683 0.11511 0.11538 0.10955 0.09886 0.08401 0.06502 0.04008 0.11848 (11)  0.650 +-  0.674
  69 -   0.33225 0.16663 0.12350 0.09623 0.07609 0.06006 0.04667 0.03502 0.02439 0.01374 0.02543 ( 1)  0.309 +-  0.360
  70 -   0.05704 0.08883 0.11166 0.12153 0.12161 0.11437 0.10170 0.08488 0.06438 0.03890 0.09510 ( 5)  0.600 +-  0.544
  71 -   0.08070 0.11002 0.12540 0.12677 0.11982 0.10778 0.09252 0.07507 0.05568 0.03314 0.07310 ( 4)  0.536 +-  0.481
  72 -   0.11121 0.13940 0.14650 0.13687 0.11988 0.10022 0.08022 0.06092 0.04248 0.02400 0.03832 ( 3)  0.444 +-  0.391
  73 -   0.47650 0.19682 0.11941 0.07636 0.04976 0.03253 0.02105 0.01323 0.00777 0.00371 0.00287 ( 1)  0.189 +-  0.200
  74 -   0.36598 0.17499 0.12388 0.09251 0.07037 0.05361 0.04033 0.02939 0.01993 0.01096 0.01805 ( 1)  0.276 +-  0.320
  75 -   0.41376 0.18484 0.12251 0.08604 0.06180 0.04465 0.03197 0.02224 0.01444 0.00762 0.01012 ( 1)  0.236 +-  0.267
  76 -   0.32643 0.16518 0.12342 0.09685 0.07706 0.06116 0.04776 0.03599 0.02516 0.01423 0.02675 ( 1)  0.315 +-  0.366
  77 -   0.48824 0.19514 0.11562 0.07295 0.04738 0.03117 0.02048 0.01317 0.00796 0.00393 0.00395 ( 1)  0.187 +-  0.208
  78 -   0.45588 0.19026 0.11832 0.07852 0.05368 0.03714 0.02562 0.01727 0.01090 0.00561 0.00679 ( 1)  0.209 +-  0.238
  79 -   0.42710 0.18603 0.12062 0.08325 0.05903 0.04226 0.03010 0.02090 0.01358 0.00717 0.00996 ( 1)  0.229 +-  0.266
  80 -   0.06835 0.09431 0.10953 0.11360 0.11082 0.10338 0.09238 0.07825 0.06069 0.03769 0.13101 (11)  0.679 +-  0.805
  81 -   0.10260 0.13200 0.14215 0.13584 0.12147 0.10347 0.08422 0.06489 0.04581 0.02611 0.04145 ( 3)  0.456 +-  0.369
  82 -   0.43832 0.18736 0.11949 0.08131 0.05696 0.04036 0.02848 0.01961 0.01263 0.00662 0.00883 ( 1)  0.222 +-  0.259
  83 -   0.33019 0.16643 0.12376 0.09660 0.07643 0.06031 0.04682 0.03509 0.02441 0.01374 0.02622 ( 1)  0.314 +-  0.393
  84 -   0.32624 0.16516 0.12342 0.09684 0.07703 0.06112 0.04771 0.03595 0.02514 0.01422 0.02716 ( 1)  0.316 +-  0.376
  85 -   0.04085 0.06377 0.08252 0.09421 0.10006 0.10067 0.09620 0.08649 0.07068 0.04572 0.21883 (11)  0.906 +-  1.094
  86 -   0.33543 0.16823 0.12443 0.09659 0.07598 0.05960 0.04598 0.03423 0.02363 0.01320 0.02270 ( 1)  0.302 +-  0.343
  87 -   0.08115 0.11072 0.12615 0.12735 0.12012 0.10776 0.09223 0.07460 0.05517 0.03275 0.07199 ( 4)  0.535 +-  0.498
  88 -   0.37196 0.17608 0.12356 0.09160 0.06924 0.05248 0.03932 0.02855 0.01931 0.01059 0.01731 ( 1)  0.272 +-  0.316
  89 -   0.44119 0.18739 0.11890 0.08062 0.05635 0.03989 0.02815 0.01940 0.01252 0.00658 0.00900 ( 1)  0.221 +-  0.259
  90 -   0.47511 0.19642 0.11940 0.07657 0.05007 0.03286 0.02135 0.01348 0.00795 0.00381 0.00300 ( 1)  0.190 +-  0.201
  91 -   0.39210 0.18044 0.12319 0.08902 0.06571 0.04872 0.03576 0.02548 0.01693 0.00913 0.01352 ( 1)  0.254 +-  0.289
  92 -   0.08664 0.11539 0.12884 0.12791 0.11903 0.10565 0.08968 0.07211 0.05312 0.03148 0.07016 ( 3)  0.527 +-  0.499
  93 -   0.00089 0.01029 0.03046 0.05637 0.08220 0.10300 0.11506 0.11559 0.10197 0.06853 0.31562 (11)  1.062 +-  0.902
  94 -   0.40227 0.18241 0.12275 0.08751 0.06381 0.04678 0.03400 0.02400 0.01581 0.00846 0.01218 ( 1)  0.246 +-  0.282
  95 -   0.08684 0.11493 0.12794 0.12699 0.11838 0.10541 0.08985 0.07257 0.05369 0.03194 0.07145 ( 3)  0.527 +-  0.485
  96 -   0.10268 0.13250 0.14292 0.13661 0.12203 0.10372 0.08414 0.06457 0.04536 0.02573 0.03974 ( 3)  0.454 +-  0.369
  97 -   0.42710 0.18603 0.12062 0.08325 0.05903 0.04226 0.03010 0.02090 0.01358 0.00717 0.00996 ( 1)  0.229 +-  0.266
  98 -   0.45241 0.19103 0.11963 0.07959 0.05435 0.03746 0.02570 0.01720 0.01078 0.00550 0.00635 ( 1)  0.209 +-  0.234
  99 -   0.43073 0.18792 0.12152 0.08332 0.05851 0.04137 0.02905 0.01986 0.01269 0.00660 0.00842 ( 1)  0.224 +-  0.257
 100 -   0.09588 0.12540 0.13714 0.13306 0.12082 0.10455 0.08649 0.06778 0.04868 0.02821 0.05199 ( 3)  0.481 +-  0.411
 101 -   0.01401 0.05161 0.08876 0.11424 0.12681 0.12783 0.11933 0.10311 0.08014 0.04901 0.12516 ( 6)  0.694 +-  0.565
 102 -   0.43361 0.19175 0.12448 0.08484 0.05865 0.04046 0.02748 0.01803 0.01098 0.00541 0.00430 ( 1)  0.212 +-  0.219
 103 -   0.43925 0.19225 0.12364 0.08360 0.05742 0.03942 0.02669 0.01748 0.01064 0.00525 0.00436 ( 1)  0.210 +-  0.219
 104 -   0.41114 0.18782 0.12599 0.08864 0.06318 0.04490 0.03137 0.02115 0.01322 0.00668 0.00590 ( 1)  0.227 +-  0.233
 105 -   0.47511 0.19642 0.11940 0.07657 0.05007 0.03286 0.02135 0.01348 0.00795 0.00381 0.00300 ( 1)  0.190 +-  0.201
 106 -   0.31916 0.16359 0.12364 0.09798 0.07860 0.06280 0.04929 0.03729 0.02614 0.01481 0.02670 ( 1)  0.317 +-  0.347
 107 -   0.48824 0.19514 0.11562 0.07295 0.04738 0.03117 0.02048 0.01317 0.00796 0.00393 0.00395 ( 1)  0.187 +-  0.208
 108 -   0.43690 0.19223 0.12416 0.08422 0.05797 0.03983 0.02695 0.01762 0.01070 0.00526 0.00414 ( 1)  0.211 +-  0.217
 109 -   0.43361 0.19175 0.12448 0.08484 0.05865 0.04046 0.02748 0.01803 0.01098 0.00541 0.00430 ( 1)  0.212 +-  0.219
 110 -   0.47489 0.19555 0.11869 0.07619 0.05002 0.03305 0.02169 0.01388 0.00831 0.00405 0.00367 ( 1)  0.191 +-  0.207
 111 -   0.42341 0.18880 0.12404 0.08584 0.06044 0.04260 0.02964 0.01998 0.01253 0.00637 0.00637 ( 1)  0.222 +-  0.235
 112 -   0.40876 0.18441 0.12320 0.08704 0.06280 0.04550 0.03265 0.02274 0.01477 0.00780 0.01033 ( 1)  0.239 +-  0.270
 113 -   0.40763 0.18442 0.12347 0.08735 0.06307 0.04571 0.03278 0.02281 0.01480 0.00780 0.01016 ( 1)  0.239 +-  0.268
 114 -   0.13087 0.15562 0.15559 0.13876 0.11642 0.09357 0.07227 0.05315 0.03603 0.01989 0.02784 ( 2)  0.405 +-  0.340
 115 -   0.43239 0.18688 0.12028 0.08244 0.05807 0.04133 0.02927 0.02021 0.01305 0.00686 0.00923 ( 1)  0.225 +-  0.260
 116 -   0.32714 0.16610 0.12432 0.09756 0.07752 0.06136 0.04772 0.03578 0.02485 0.01396 0.02370 ( 1)  0.307 +-  0.332
 117 -   0.08492 0.11360 0.12738 0.12701 0.11869 0.10578 0.09016 0.07278 0.05381 0.03200 0.07386 ( 3)  0.537 +-  0.530
 118 -   0.44009 0.18883 0.12034 0.08153 0.05670 0.03980 0.02778 0.01891 0.01204 0.00624 0.00774 ( 1)  0.218 +-  0.246
 119 -   0.27992 0.14970 0.11824 0.09792 0.08210 0.06856 0.05623 0.04445 0.03255 0.01924 0.05109 ( 1)  0.395 +-  0.541
 120 -   0.27992 0.14970 0.11824 0.09792 0.08210 0.06856 0.05623 0.04445 0.03255 0.01924 0.05109 ( 1)  0.395 +-  0.541
 121 -   0.27992 0.14970 0.11824 0.09792 0.08210 0.06856 0.05623 0.04445 0.03255 0.01924 0.05109 ( 1)  0.395 +-  0.541
 122 -   0.27992 0.14970 0.11824 0.09792 0.08210 0.06856 0.05623 0.04445 0.03255 0.01924 0.05109 ( 1)  0.395 +-  0.541
 123 -   0.27992 0.14970 0.11824 0.09792 0.08210 0.06856 0.05623 0.04445 0.03255 0.01924 0.05109 ( 1)  0.395 +-  0.541
 124 -   0.43239 0.18688 0.12028 0.08244 0.05807 0.04133 0.02927 0.02021 0.01305 0.00686 0.00923 ( 1)  0.225 +-  0.260
 125 -   0.07321 0.10223 0.11914 0.12296 0.11851 0.10857 0.09483 0.07821 0.05890 0.03552 0.08792 ( 4)  0.574 +-  0.559
 126 -   0.09187 0.11727 0.12650 0.12251 0.11232 0.09917 0.08450 0.06875 0.05158 0.03129 0.09425 ( 3)  0.577 +-  0.670
 127 -   0.00486 0.02150 0.04365 0.06567 0.08441 0.09769 0.10385 0.10137 0.08823 0.05943 0.32934 (11)  1.129 +-  1.135
 128 -   0.39352 0.17804 0.12044 0.08689 0.06449 0.04835 0.03607 0.02621 0.01781 0.00984 0.01833 ( 1)  0.264 +-  0.342
 129 -   0.05493 0.08141 0.10040 0.10946 0.11127 0.10732 0.09849 0.08518 0.06710 0.04203 0.14241 (11)  0.699 +-  0.737
 130 -   0.46970 0.19406 0.11855 0.07681 0.05102 0.03419 0.02279 0.01483 0.00904 0.00449 0.00451 ( 1)  0.196 +-  0.216
 131 -   0.45588 0.19026 0.11832 0.07852 0.05368 0.03714 0.02562 0.01727 0.01090 0.00561 0.00679 ( 1)  0.209 +-  0.238
 132 -   0.32228 0.16328 0.12232 0.09635 0.07705 0.06153 0.04840 0.03678 0.02595 0.01483 0.03124 ( 1)  0.327 +-  0.406
 133 -   0.12061 0.14513 0.14747 0.13427 0.11552 0.09559 0.07626 0.05807 0.04083 0.02335 0.04291 ( 3)  0.443 +-  0.414
 134 -   0.43073 0.18792 0.12152 0.08332 0.05851 0.04137 0.02905 0.01986 0.01269 0.00660 0.00842 ( 1)  0.224 +-  0.257
 135 -   0.00157 0.00890 0.02187 0.03850 0.05650 0.07331 0.08610 0.09175 0.08626 0.06198 0.47325 (11)  1.365 +-  1.199
 136 -   0.44518 0.19222 0.12222 0.08196 0.05600 0.03839 0.02603 0.01714 0.01053 0.00526 0.00508 ( 1)  0.209 +-  0.224
 137 -   0.11063 0.13765 0.14403 0.13446 0.11810 0.09934 0.08026 0.06168 0.04363 0.02502 0.04520 ( 3)  0.456 +-  0.405
 138 -   0.44119 0.18739 0.11890 0.08062 0.05635 0.03989 0.02815 0.01940 0.01252 0.00658 0.00900 ( 1)  0.221 +-  0.259
 139 -   0.08453 0.11404 0.12861 0.12862 0.12029 0.10707 0.09099 0.07313 0.05376 0.03176 0.06718 ( 4)  0.522 +-  0.471
 140 -   0.11571 0.14320 0.14874 0.13749 0.11927 0.09884 0.07850 0.05920 0.04103 0.02305 0.03497 ( 3)  0.432 +-  0.361
 141 -   0.00992 0.03987 0.07391 0.10160 0.11944 0.12655 0.12330 0.11046 0.08844 0.05519 0.15131 (11)  0.743 +-  0.570
 142 -   0.45996 0.19511 0.12159 0.07976 0.05321 0.03553 0.02343 0.01496 0.00890 0.00429 0.00326 ( 1)  0.197 +-  0.207
 143 -   0.47489 0.19555 0.11869 0.07619 0.05002 0.03305 0.02169 0.01388 0.00831 0.00405 0.00367 ( 1)  0.191 +-  0.207
 144 -   0.47838 0.19462 0.11720 0.07500 0.04930 0.03275 0.02169 0.01404 0.00853 0.00422 0.00425 ( 1)  0.192 +-  0.212
 145 -   0.34718 0.17208 0.12565 0.09621 0.07461 0.05764 0.04377 0.03204 0.02174 0.01192 0.01716 ( 1)  0.284 +-  0.297
 146 -   0.42747 0.19061 0.12481 0.08580 0.05984 0.04166 0.02856 0.01891 0.01164 0.00579 0.00491 ( 1)  0.217 +-  0.224
 147 -   0.07509 0.10388 0.12008 0.12312 0.11804 0.10772 0.09383 0.07726 0.05816 0.03509 0.08773 ( 4)  0.568 +-  0.534
 148 L   0.00895 0.06755 0.13417 0.16872 0.16928 0.14785 0.11672 0.08415 0.05431 0.02798 0.02032 ( 5)  0.504 +-  0.257
 149 R   0.42506 0.19068 0.12545 0.08653 0.06046 0.04210 0.02882 0.01903 0.01165 0.00576 0.00445 ( 1)  0.217 +-  0.221
 150 G   0.34614 0.17144 0.12518 0.09594 0.07451 0.05771 0.04396 0.03231 0.02203 0.01215 0.01863 ( 1)  0.287 +-  0.308
 151 P   0.09622 0.12684 0.13954 0.13581 0.12331 0.10635 0.08739 0.06780 0.04807 0.02743 0.04124 ( 3)  0.461 +-  0.349
 152 R   0.08476 0.11552 0.13121 0.13170 0.12319 0.10933 0.09234 0.07354 0.05343 0.03114 0.05382 ( 4)  0.494 +-  0.379
 153 A   0.43237 0.19137 0.12439 0.08493 0.05886 0.04074 0.02777 0.01830 0.01120 0.00555 0.00452 ( 1)  0.214 +-  0.220
 154 G   0.42086 0.18932 0.12513 0.08685 0.06115 0.04299 0.02976 0.01990 0.01236 0.00621 0.00547 ( 1)  0.221 +-  0.228
 155 G   0.11087 0.14096 0.14962 0.14048 0.12303 0.10232 0.08107 0.06064 0.04146 0.02288 0.02666 ( 3)  0.422 +-  0.308
 156 V   0.10556 0.13588 0.14604 0.13887 0.12321 0.10384 0.08340 0.06325 0.04385 0.02451 0.03160 ( 3)  0.436 +-  0.322
 157 Q   0.43956 0.19307 0.12432 0.08397 0.05749 0.03926 0.02637 0.01710 0.01029 0.00500 0.00357 ( 1)  0.208 +-  0.213
 158 G   0.11048 0.14039 0.14901 0.13997 0.12272 0.10224 0.08120 0.06092 0.04180 0.02315 0.02810 ( 3)  0.425 +-  0.313
 159 P   0.09839 0.12935 0.14179 0.13737 0.12404 0.10627 0.08666 0.06666 0.04682 0.02646 0.03619 ( 3)  0.451 +-  0.332
 160 P   0.00606 0.02721 0.05543 0.08282 0.10488 0.11879 0.12287 0.11612 0.09745 0.06305 0.20531 (11)  0.826 +-  0.568
 161 G   0.32152 0.16434 0.12385 0.09786 0.07829 0.06238 0.04883 0.03684 0.02576 0.01455 0.02578 ( 1)  0.314 +-  0.342
 162 P   0.42141 0.18948 0.12515 0.08680 0.06106 0.04287 0.02964 0.01980 0.01227 0.00616 0.00536 ( 1)  0.221 +-  0.228
 163 P   0.01067 0.04224 0.07729 0.10504 0.12222 0.12831 0.12396 0.11020 0.08761 0.05434 0.13811 (11)  0.713 +-  0.492
 164 E   0.12233 0.15125 0.15613 0.14259 0.12150 0.09835 0.07587 0.05529 0.03685 0.01987 0.01998 ( 3)  0.399 +-  0.290
 165 P   0.42234 0.18967 0.12512 0.08665 0.06088 0.04269 0.02947 0.01965 0.01217 0.00610 0.00525 ( 1)  0.220 +-  0.227
 166 A   0.01271 0.04891 0.08712 0.11524 0.13050 0.13329 0.12528 0.10835 0.08382 0.05073 0.10405 ( 6)  0.654 +-  0.420
 167 A   0.01321 0.05044 0.08918 0.11714 0.13176 0.13373 0.12493 0.10743 0.08267 0.04982 0.09969 ( 6)  0.647 +-  0.415
 168 G   0.09019 0.12070 0.13481 0.13325 0.12290 0.10767 0.08989 0.07085 0.05101 0.02952 0.04921 ( 3)  0.481 +-  0.369
 169 Q   0.42443 0.19033 0.12526 0.08648 0.06052 0.04224 0.02901 0.01923 0.01183 0.00588 0.00478 ( 1)  0.218 +-  0.223
 170 G   0.11048 0.14039 0.14901 0.13997 0.12272 0.10224 0.08120 0.06092 0.04180 0.02315 0.02810 ( 3)  0.425 +-  0.313
 171 S   0.01133 0.04430 0.08015 0.10780 0.12425 0.12930 0.12392 0.10936 0.08637 0.05329 0.12992 (11)  0.697 +-  0.472
 172 L   0.43286 0.19205 0.12492 0.08520 0.05887 0.04055 0.02747 0.01795 0.01088 0.00533 0.00392 ( 1)  0.212 +-  0.216
 173 A   0.41109 0.18741 0.12559 0.08838 0.06308 0.04493 0.03151 0.02134 0.01342 0.00683 0.00642 ( 1)  0.229 +-  0.236
 174 P   0.09353 0.12435 0.13791 0.13524 0.12365 0.10732 0.08870 0.06917 0.04924 0.02819 0.04269 ( 3)  0.467 +-  0.350
 175 D   0.48225 0.19869 0.11979 0.07583 0.04871 0.03125 0.01975 0.01206 0.00685 0.00314 0.00167 ( 1)  0.183 +-  0.188
 176 S   0.45983 0.19636 0.12270 0.08039 0.05336 0.03531 0.02297 0.01442 0.00840 0.00395 0.00231 ( 1)  0.195 +-  0.199
 177 A   0.31957 0.16369 0.12363 0.09791 0.07851 0.06270 0.04920 0.03721 0.02608 0.01477 0.02673 ( 1)  0.317 +-  0.348
 178 G   0.43485 0.19205 0.12446 0.08467 0.05842 0.04022 0.02726 0.01784 0.01084 0.00532 0.00406 ( 1)  0.211 +-  0.217
 179 E   0.46194 0.19635 0.12223 0.07985 0.05290 0.03497 0.02276 0.01431 0.00835 0.00394 0.00240 ( 1)  0.194 +-  0.199
 180 S   0.12091 0.14958 0.15468 0.14167 0.12120 0.09861 0.07656 0.05619 0.03776 0.02054 0.02230 ( 3)  0.404 +-  0.297
 181 A   0.11803 0.14746 0.15380 0.14191 0.12215 0.09987 0.07781 0.05725 0.03852 0.02095 0.02227 ( 3)  0.407 +-  0.296
 182 P   0.09178 0.12277 0.13691 0.13492 0.12391 0.10797 0.08954 0.07003 0.04998 0.02866 0.04353 ( 3)  0.470 +-  0.350
 183 G   0.37789 0.17991 0.12611 0.09280 0.06925 0.05154 0.03775 0.02669 0.01752 0.00930 0.01123 ( 1)  0.256 +-  0.267
 184 R   0.39206 0.18340 0.12620 0.09114 0.06673 0.04874 0.03502 0.02429 0.01563 0.00814 0.00865 ( 1)  0.243 +-  0.251
 185 D   0.12826 0.15640 0.15924 0.14343 0.12054 0.09624 0.07323 0.05264 0.03461 0.01843 0.01699 ( 3)  0.387 +-  0.280
 186 P   0.10825 0.13815 0.14730 0.13907 0.12260 0.10275 0.08213 0.06204 0.04287 0.02392 0.03093 ( 3)  0.432 +-  0.322
 187 H   0.30269 0.15806 0.12178 0.09837 0.08044 0.06552 0.05241 0.04041 0.02886 0.01665 0.03479 ( 1)  0.343 +-  0.395
 188 A   0.34840 0.17248 0.12575 0.09613 0.07442 0.05739 0.04350 0.03178 0.02152 0.01179 0.01684 ( 1)  0.283 +-  0.296
 189 S   0.06456 0.09363 0.11285 0.12005 0.11885 0.11148 0.09937 0.08339 0.06370 0.03877 0.09335 ( 4)  0.581 +-  0.474
 190 P   0.43800 0.19232 0.12398 0.08397 0.05773 0.03964 0.02682 0.01754 0.01065 0.00524 0.00410 ( 1)  0.210 +-  0.216
 191 A   0.45001 0.19407 0.12287 0.08178 0.05529 0.03736 0.02489 0.01604 0.00961 0.00466 0.00342 ( 1)  0.202 +-  0.209
 192 S   0.45983 0.19636 0.12270 0.08039 0.05336 0.03531 0.02297 0.01442 0.00840 0.00395 0.00231 ( 1)  0.195 +-  0.199
 193 P   0.43800 0.19232 0.12398 0.08397 0.05773 0.03964 0.02682 0.01754 0.01065 0.00524 0.00410 ( 1)  0.210 +-  0.216
 194 A   0.01155 0.04514 0.08161 0.10960 0.12602 0.13072 0.12480 0.10962 0.08612 0.05285 0.12196 ( 6)  0.685 +-  0.456
 195 P   0.01103 0.04351 0.07933 0.10737 0.12437 0.12990 0.12482 0.11031 0.08716 0.05373 0.12847 ( 6)  0.696 +-  0.469
 196 P   0.09544 0.12600 0.13885 0.13538 0.12317 0.10645 0.08767 0.06818 0.04845 0.02771 0.04269 ( 3)  0.465 +-  0.354
 197 G   0.42089 0.18932 0.12511 0.08683 0.06114 0.04298 0.02976 0.01990 0.01236 0.00621 0.00548 ( 1)  0.222 +-  0.228
 198 K   0.42426 0.19063 0.12559 0.08672 0.06064 0.04225 0.02893 0.01910 0.01169 0.00578 0.00442 ( 1)  0.217 +-  0.221
 199 E   0.46194 0.19635 0.12223 0.07985 0.05290 0.03497 0.02276 0.01431 0.00835 0.00394 0.00240 ( 1)  0.194 +-  0.199
 200 H   0.01529 0.05683 0.09799 0.12553 0.13771 0.13631 0.12421 0.10420 0.07826 0.04617 0.07750 ( 5)  0.607 +-  0.372
 201 S   0.09579 0.12618 0.13880 0.13515 0.12286 0.10615 0.08744 0.06805 0.04841 0.02773 0.04344 ( 3)  0.466 +-  0.357
 202 R   0.42304 0.18987 0.12514 0.08659 0.06076 0.04255 0.02933 0.01952 0.01207 0.00603 0.00511 ( 1)  0.220 +-  0.226
 203 D   0.47491 0.19784 0.12066 0.07728 0.05022 0.03260 0.02084 0.01288 0.00739 0.00343 0.00195 ( 1)  0.187 +-  0.192
 204 L   0.46292 0.19667 0.12228 0.07975 0.05271 0.03475 0.02253 0.01411 0.00819 0.00384 0.00225 ( 1)  0.193 +-  0.197
 205 K   0.42426 0.19063 0.12559 0.08672 0.06064 0.04225 0.02893 0.01910 0.01169 0.00578 0.00442 ( 1)  0.217 +-  0.221
 206 F   0.39593 0.18486 0.12674 0.09105 0.06622 0.04796 0.03413 0.02341 0.01487 0.00764 0.00719 ( 1)  0.238 +-  0.242
 207 S   0.45983 0.19636 0.12270 0.08039 0.05336 0.03531 0.02297 0.01442 0.00840 0.00395 0.00231 ( 1)  0.195 +-  0.199
 208 I   0.41734 0.18936 0.12601 0.08788 0.06204 0.04363 0.03015 0.02008 0.01240 0.00618 0.00493 ( 1)  0.222 +-  0.226
 209 D   0.48225 0.19869 0.11979 0.07583 0.04871 0.03125 0.01975 0.01206 0.00685 0.00314 0.00167 ( 1)  0.183 +-  0.188
 210 Y   0.42065 0.19000 0.12584 0.08735 0.06138 0.04296 0.02955 0.01960 0.01204 0.00598 0.00465 ( 1)  0.220 +-  0.223
 211 I   0.41734 0.18936 0.12601 0.08788 0.06204 0.04363 0.03015 0.02008 0.01240 0.00618 0.00493 ( 1)  0.222 +-  0.226
 212 L   0.43752 0.19265 0.12440 0.08428 0.05789 0.03966 0.02674 0.01741 0.01052 0.00514 0.00379 ( 1)  0.209 +-  0.214
 213 S   0.46008 0.19646 0.12273 0.08037 0.05331 0.03524 0.02291 0.01437 0.00835 0.00392 0.00227 ( 1)  0.195 +-  0.198
 214 S   0.46008 0.19646 0.12273 0.08037 0.05331 0.03524 0.02291 0.01437 0.00835 0.00392 0.00227 ( 1)  0.195 +-  0.198
 215 P   0.31836 0.16331 0.12353 0.09797 0.07867 0.06292 0.04944 0.03744 0.02627 0.01490 0.02719 ( 1)  0.319 +-  0.350
 216 D   0.48225 0.19869 0.11979 0.07583 0.04871 0.03125 0.01975 0.01206 0.00685 0.00314 0.00167 ( 1)  0.183 +-  0.188
 217 P   0.43800 0.19232 0.12398 0.08397 0.05773 0.03964 0.02682 0.01754 0.01065 0.00524 0.00410 ( 1)  0.210 +-  0.216
 218 F   0.38170 0.18146 0.12679 0.09285 0.06884 0.05084 0.03689 0.02580 0.01672 0.00876 0.00934 ( 1)  0.250 +-  0.255
 219 P   0.38287 0.18140 0.12643 0.09244 0.06849 0.05059 0.03674 0.02575 0.01673 0.00880 0.00977 ( 1)  0.250 +-  0.258
 220 G   0.39324 0.18344 0.12593 0.09079 0.06641 0.04848 0.03484 0.02419 0.01559 0.00814 0.00894 ( 1)  0.243 +-  0.253
 221 L   0.11748 0.14731 0.15409 0.14244 0.12272 0.10032 0.07807 0.05732 0.03844 0.02082 0.02097 ( 3)  0.405 +-  0.291
 222 K   0.42426 0.19063 0.12559 0.08672 0.06064 0.04225 0.02893 0.01910 0.01169 0.00578 0.00442 ( 1)  0.217 +-  0.221
 223 P   0.41471 0.18817 0.12547 0.08784 0.06237 0.04420 0.03084 0.02078 0.01300 0.00659 0.00603 ( 1)  0.226 +-  0.233
 224 P   0.43800 0.19232 0.12398 0.08397 0.05773 0.03964 0.02682 0.01754 0.01065 0.00524 0.00410 ( 1)  0.210 +-  0.216
 225 C   0.09814 0.12935 0.14208 0.13784 0.12454 0.10669 0.08694 0.06677 0.04678 0.02636 0.03450 ( 3)  0.449 +-  0.325
 226 L   0.10853 0.13913 0.14876 0.14056 0.12375 0.10337 0.08218 0.06162 0.04219 0.02328 0.02663 ( 3)  0.424 +-  0.306
 227 A   0.31996 0.16382 0.12368 0.09790 0.07846 0.06263 0.04912 0.03714 0.02601 0.01473 0.02654 ( 1)  0.317 +-  0.347
 228 Q   0.09517 0.12603 0.13920 0.13594 0.12377 0.10696 0.08802 0.06833 0.04844 0.02762 0.04052 ( 3)  0.461 +-  0.344
 229 E   0.46194 0.19635 0.12223 0.07985 0.05290 0.03497 0.02276 0.01431 0.00835 0.00394 0.00240 ( 1)  0.194 +-  0.199
 230 G   0.11563 0.14487 0.15168 0.14067 0.12184 0.10036 0.07887 0.05860 0.03985 0.02191 0.02570 ( 3)  0.415 +-  0.307
 231 -   0.27992 0.14970 0.11824 0.09792 0.08210 0.06856 0.05623 0.04445 0.03255 0.01924 0.05109 ( 1)  0.395 +-  0.541
 232 -   0.27992 0.14970 0.11824 0.09792 0.08210 0.06856 0.05623 0.04445 0.03255 0.01924 0.05109 ( 1)  0.395 +-  0.541
 233 -   0.27992 0.14970 0.11824 0.09792 0.08210 0.06856 0.05623 0.04445 0.03255 0.01924 0.05109 ( 1)  0.395 +-  0.541
 234 -   0.27992 0.14970 0.11824 0.09792 0.08210 0.06856 0.05623 0.04445 0.03255 0.01924 0.05109 ( 1)  0.395 +-  0.541
 235 -   0.27992 0.14970 0.11824 0.09792 0.08210 0.06856 0.05623 0.04445 0.03255 0.01924 0.05109 ( 1)  0.395 +-  0.541
 236 R   0.32516 0.16556 0.12426 0.09777 0.07787 0.06177 0.04813 0.03615 0.02515 0.01414 0.02405 ( 1)  0.309 +-  0.331
 237 Y   0.38933 0.18324 0.12672 0.09185 0.06742 0.04929 0.03542 0.02454 0.01575 0.00818 0.00827 ( 1)  0.244 +-  0.249
 238 A   0.00669 0.02856 0.05604 0.08151 0.10132 0.11341 0.11662 0.11013 0.09275 0.06051 0.23246 (11)  0.881 +-  0.694
 239 P   0.09042 0.12110 0.13528 0.13366 0.12318 0.10778 0.08984 0.07067 0.05077 0.02931 0.04800 ( 3)  0.479 +-  0.367
 240 L   0.09525 0.12618 0.13939 0.13611 0.12389 0.10701 0.08800 0.06826 0.04834 0.02753 0.04005 ( 3)  0.461 +-  0.343
 241 E   0.44397 0.19365 0.12384 0.08312 0.05657 0.03842 0.02568 0.01658 0.00994 0.00482 0.00342 ( 1)  0.205 +-  0.210
 242 N   0.44098 0.19355 0.12444 0.08387 0.05725 0.03894 0.02604 0.01679 0.01004 0.00485 0.00326 ( 1)  0.206 +-  0.210
 243 V   0.45224 0.19519 0.12336 0.08176 0.05491 0.03677 0.02422 0.01540 0.00908 0.00432 0.00274 ( 1)  0.200 +-  0.204
 244 G   0.44832 0.19394 0.12313 0.08215 0.05565 0.03766 0.02512 0.01620 0.00971 0.00471 0.00342 ( 1)  0.203 +-  0.210
 245 L   0.46292 0.19667 0.12228 0.07975 0.05271 0.03475 0.02253 0.01411 0.00819 0.00384 0.00225 ( 1)  0.193 +-  0.197
 246 H   0.47143 0.19753 0.12115 0.07800 0.05094 0.03321 0.02132 0.01322 0.00762 0.00354 0.00203 ( 1)  0.189 +-  0.194
 247 F   0.30806 0.15992 0.12247 0.09832 0.07991 0.06468 0.05142 0.03940 0.02797 0.01604 0.03181 ( 1)  0.334 +-  0.375
 248 W   0.41180 0.18823 0.12623 0.08872 0.06313 0.04475 0.03116 0.02093 0.01302 0.00655 0.00548 ( 1)  0.226 +-  0.230
 249 T   0.32957 0.16693 0.12461 0.09752 0.07726 0.06096 0.04725 0.03531 0.02444 0.01368 0.02248 ( 1)  0.304 +-  0.324
 250 M   0.40774 0.18741 0.12641 0.08935 0.06393 0.04556 0.03191 0.02154 0.01347 0.00681 0.00586 ( 1)  0.229 +-  0.233
 251 -   0.27992 0.14970 0.11824 0.09792 0.08210 0.06856 0.05623 0.04445 0.03255 0.01924 0.05109 ( 1)  0.395 +-  0.541
 252 -   0.27992 0.14970 0.11824 0.09792 0.08210 0.06856 0.05623 0.04445 0.03255 0.01924 0.05109 ( 1)  0.395 +-  0.541
 253 -   0.27992 0.14970 0.11824 0.09792 0.08210 0.06856 0.05623 0.04445 0.03255 0.01924 0.05109 ( 1)  0.395 +-  0.541
 254 -   0.27992 0.14970 0.11824 0.09792 0.08210 0.06856 0.05623 0.04445 0.03255 0.01924 0.05109 ( 1)  0.395 +-  0.541
 255 -   0.27992 0.14970 0.11824 0.09792 0.08210 0.06856 0.05623 0.04445 0.03255 0.01924 0.05109 ( 1)  0.395 +-  0.541
 256 -   0.27992 0.14970 0.11824 0.09792 0.08210 0.06856 0.05623 0.04445 0.03255 0.01924 0.05109 ( 1)  0.395 +-  0.541
 257 -   0.27992 0.14970 0.11824 0.09792 0.08210 0.06856 0.05623 0.04445 0.03255 0.01924 0.05109 ( 1)  0.395 +-  0.541
 258 -   0.27992 0.14970 0.11824 0.09792 0.08210 0.06856 0.05623 0.04445 0.03255 0.01924 0.05109 ( 1)  0.395 +-  0.541
 259 -   0.27992 0.14970 0.11824 0.09792 0.08210 0.06856 0.05623 0.04445 0.03255 0.01924 0.05109 ( 1)  0.395 +-  0.541
 260 -   0.27992 0.14970 0.11824 0.09792 0.08210 0.06856 0.05623 0.04445 0.03255 0.01924 0.05109 ( 1)  0.395 +-  0.541
 261 -   0.27992 0.14970 0.11824 0.09792 0.08210 0.06856 0.05623 0.04445 0.03255 0.01924 0.05109 ( 1)  0.395 +-  0.541
 262 -   0.27992 0.14970 0.11824 0.09792 0.08210 0.06856 0.05623 0.04445 0.03255 0.01924 0.05109 ( 1)  0.395 +-  0.541
 263 -   0.27992 0.14970 0.11824 0.09792 0.08210 0.06856 0.05623 0.04445 0.03255 0.01924 0.05109 ( 1)  0.395 +-  0.541
 264 -   0.27992 0.14970 0.11824 0.09792 0.08210 0.06856 0.05623 0.04445 0.03255 0.01924 0.05109 ( 1)  0.395 +-  0.541
 265 -   0.27992 0.14970 0.11824 0.09792 0.08210 0.06856 0.05623 0.04445 0.03255 0.01924 0.05109 ( 1)  0.395 +-  0.541
 266 -   0.27992 0.14970 0.11824 0.09792 0.08210 0.06856 0.05623 0.04445 0.03255 0.01924 0.05109 ( 1)  0.395 +-  0.541
 267 -   0.27992 0.14970 0.11824 0.09792 0.08210 0.06856 0.05623 0.04445 0.03255 0.01924 0.05109 ( 1)  0.395 +-  0.541
 268 -   0.27992 0.14970 0.11824 0.09792 0.08210 0.06856 0.05623 0.04445 0.03255 0.01924 0.05109 ( 1)  0.395 +-  0.541
 269 -   0.27992 0.14970 0.11824 0.09792 0.08210 0.06856 0.05623 0.04445 0.03255 0.01924 0.05109 ( 1)  0.395 +-  0.541
 270 -   0.27992 0.14970 0.11824 0.09792 0.08210 0.06856 0.05623 0.04445 0.03255 0.01924 0.05109 ( 1)  0.395 +-  0.541
 271 -   0.27992 0.14970 0.11824 0.09792 0.08210 0.06856 0.05623 0.04445 0.03255 0.01924 0.05109 ( 1)  0.395 +-  0.541
 272 -   0.27992 0.14970 0.11824 0.09792 0.08210 0.06856 0.05623 0.04445 0.03255 0.01924 0.05109 ( 1)  0.395 +-  0.541
 273 -   0.27992 0.14970 0.11824 0.09792 0.08210 0.06856 0.05623 0.04445 0.03255 0.01924 0.05109 ( 1)  0.395 +-  0.541
 274 -   0.27992 0.14970 0.11824 0.09792 0.08210 0.06856 0.05623 0.04445 0.03255 0.01924 0.05109 ( 1)  0.395 +-  0.541
 275 -   0.27992 0.14970 0.11824 0.09792 0.08210 0.06856 0.05623 0.04445 0.03255 0.01924 0.05109 ( 1)  0.395 +-  0.541
 276 -   0.27992 0.14970 0.11824 0.09792 0.08210 0.06856 0.05623 0.04445 0.03255 0.01924 0.05109 ( 1)  0.395 +-  0.541
 277 -   0.27992 0.14970 0.11824 0.09792 0.08210 0.06856 0.05623 0.04445 0.03255 0.01924 0.05109 ( 1)  0.395 +-  0.541
 278 -   0.27992 0.14970 0.11824 0.09792 0.08210 0.06856 0.05623 0.04445 0.03255 0.01924 0.05109 ( 1)  0.395 +-  0.541
 279 -   0.27992 0.14970 0.11824 0.09792 0.08210 0.06856 0.05623 0.04445 0.03255 0.01924 0.05109 ( 1)  0.395 +-  0.541
 280 -   0.27992 0.14970 0.11824 0.09792 0.08210 0.06856 0.05623 0.04445 0.03255 0.01924 0.05109 ( 1)  0.395 +-  0.541
 281 -   0.27992 0.14970 0.11824 0.09792 0.08210 0.06856 0.05623 0.04445 0.03255 0.01924 0.05109 ( 1)  0.395 +-  0.541
 282 -   0.27992 0.14970 0.11824 0.09792 0.08210 0.06856 0.05623 0.04445 0.03255 0.01924 0.05109 ( 1)  0.395 +-  0.541
 283 -   0.27992 0.14970 0.11824 0.09792 0.08210 0.06856 0.05623 0.04445 0.03255 0.01924 0.05109 ( 1)  0.395 +-  0.541
 284 -   0.27992 0.14970 0.11824 0.09792 0.08210 0.06856 0.05623 0.04445 0.03255 0.01924 0.05109 ( 1)  0.395 +-  0.541
 285 -   0.27992 0.14970 0.11824 0.09792 0.08210 0.06856 0.05623 0.04445 0.03255 0.01924 0.05109 ( 1)  0.395 +-  0.541
 286 -   0.27992 0.14970 0.11824 0.09792 0.08210 0.06856 0.05623 0.04445 0.03255 0.01924 0.05109 ( 1)  0.395 +-  0.541
 287 -   0.27992 0.14970 0.11824 0.09792 0.08210 0.06856 0.05623 0.04445 0.03255 0.01924 0.05109 ( 1)  0.395 +-  0.541
 288 -   0.27992 0.14970 0.11824 0.09792 0.08210 0.06856 0.05623 0.04445 0.03255 0.01924 0.05109 ( 1)  0.395 +-  0.541
 289 -   0.27992 0.14970 0.11824 0.09792 0.08210 0.06856 0.05623 0.04445 0.03255 0.01924 0.05109 ( 1)  0.395 +-  0.541
 290 -   0.27992 0.14970 0.11824 0.09792 0.08210 0.06856 0.05623 0.04445 0.03255 0.01924 0.05109 ( 1)  0.395 +-  0.541
 291 -   0.27992 0.14970 0.11824 0.09792 0.08210 0.06856 0.05623 0.04445 0.03255 0.01924 0.05109 ( 1)  0.395 +-  0.541
 292 -   0.27992 0.14970 0.11824 0.09792 0.08210 0.06856 0.05623 0.04445 0.03255 0.01924 0.05109 ( 1)  0.395 +-  0.541
 293 -   0.27992 0.14970 0.11824 0.09792 0.08210 0.06856 0.05623 0.04445 0.03255 0.01924 0.05109 ( 1)  0.395 +-  0.541
 294 -   0.27992 0.14970 0.11824 0.09792 0.08210 0.06856 0.05623 0.04445 0.03255 0.01924 0.05109 ( 1)  0.395 +-  0.541
 295 -   0.27992 0.14970 0.11824 0.09792 0.08210 0.06856 0.05623 0.04445 0.03255 0.01924 0.05109 ( 1)  0.395 +-  0.541
 296 -   0.27992 0.14970 0.11824 0.09792 0.08210 0.06856 0.05623 0.04445 0.03255 0.01924 0.05109 ( 1)  0.395 +-  0.541
 297 -   0.27992 0.14970 0.11824 0.09792 0.08210 0.06856 0.05623 0.04445 0.03255 0.01924 0.05109 ( 1)  0.395 +-  0.541
 298 -   0.27992 0.14970 0.11824 0.09792 0.08210 0.06856 0.05623 0.04445 0.03255 0.01924 0.05109 ( 1)  0.395 +-  0.541
 299 -   0.27992 0.14970 0.11824 0.09792 0.08210 0.06856 0.05623 0.04445 0.03255 0.01924 0.05109 ( 1)  0.395 +-  0.541
 300 -   0.27992 0.14970 0.11824 0.09792 0.08210 0.06856 0.05623 0.04445 0.03255 0.01924 0.05109 ( 1)  0.395 +-  0.541
 301 -   0.27992 0.14970 0.11824 0.09792 0.08210 0.06856 0.05623 0.04445 0.03255 0.01924 0.05109 ( 1)  0.395 +-  0.541
 302 -   0.27992 0.14970 0.11824 0.09792 0.08210 0.06856 0.05623 0.04445 0.03255 0.01924 0.05109 ( 1)  0.395 +-  0.541
 303 -   0.27992 0.14970 0.11824 0.09792 0.08210 0.06856 0.05623 0.04445 0.03255 0.01924 0.05109 ( 1)  0.395 +-  0.541
 304 -   0.27992 0.14970 0.11824 0.09792 0.08210 0.06856 0.05623 0.04445 0.03255 0.01924 0.05109 ( 1)  0.395 +-  0.541
 305 -   0.27992 0.14970 0.11824 0.09792 0.08210 0.06856 0.05623 0.04445 0.03255 0.01924 0.05109 ( 1)  0.395 +-  0.541
 306 -   0.27992 0.14970 0.11824 0.09792 0.08210 0.06856 0.05623 0.04445 0.03255 0.01924 0.05109 ( 1)  0.395 +-  0.541

Positively selected sites

	Prob(w>1)  mean w


