Supplemental results for CODEML (seqf: algn  treef: tree)


dN/dS (w) for site classes (K=5)

p:   0.24674  0.24674  0.24674  0.24674  0.01303
w:   0.20859  0.40263  0.57308  0.77246  6.39956

Naive Empirical Bayes (NEB) probabilities for 5 classes & postmean_w & P(w>1)
(amino acids refer to 1st sequence: calJac_NFILZ_XM_035286919)

   1 -   0.24674 0.24674 0.24674 0.24674 0.01303 ( 4)  0.566  0.013
   2 -   0.24674 0.24674 0.24674 0.24674 0.01303 ( 4)  0.566  0.013
   3 -   0.24674 0.24674 0.24674 0.24674 0.01303 ( 4)  0.566  0.013
   4 -   0.24674 0.24674 0.24674 0.24674 0.01303 ( 4)  0.566  0.013
   5 -   0.24674 0.24674 0.24674 0.24674 0.01303 ( 4)  0.566  0.013
   6 -   0.24674 0.24674 0.24674 0.24674 0.01303 ( 4)  0.566  0.013
   7 -   0.24674 0.24674 0.24674 0.24674 0.01303 ( 4)  0.566  0.013
   8 -   0.24674 0.24674 0.24674 0.24674 0.01303 ( 4)  0.566  0.013
   9 -   0.24674 0.24674 0.24674 0.24674 0.01303 ( 4)  0.566  0.013
  10 -   0.24674 0.24674 0.24674 0.24674 0.01303 ( 4)  0.566  0.013
  11 -   0.24674 0.24674 0.24674 0.24674 0.01303 ( 4)  0.566  0.013
  12 -   0.24674 0.24674 0.24674 0.24674 0.01303 ( 4)  0.566  0.013
  13 -   0.24674 0.24674 0.24674 0.24674 0.01303 ( 4)  0.566  0.013
  14 -   0.24674 0.24674 0.24674 0.24674 0.01303 ( 4)  0.566  0.013
  15 -   0.24674 0.24674 0.24674 0.24674 0.01303 ( 4)  0.566  0.013
  16 -   0.24674 0.24674 0.24674 0.24674 0.01303 ( 4)  0.566  0.013
  17 -   0.24674 0.24674 0.24674 0.24674 0.01303 ( 4)  0.566  0.013
  18 -   0.24674 0.24674 0.24674 0.24674 0.01303 ( 4)  0.566  0.013
  19 -   0.24674 0.24674 0.24674 0.24674 0.01303 ( 4)  0.566  0.013
  20 -   0.24674 0.24674 0.24674 0.24674 0.01303 ( 4)  0.566  0.013
  21 -   0.24674 0.24674 0.24674 0.24674 0.01303 ( 4)  0.566  0.013
  22 -   0.24674 0.24674 0.24674 0.24674 0.01303 ( 4)  0.566  0.013
  23 -   0.24674 0.24674 0.24674 0.24674 0.01303 ( 4)  0.566  0.013
  24 -   0.24674 0.24674 0.24674 0.24674 0.01303 ( 4)  0.566  0.013
  25 -   0.24674 0.24674 0.24674 0.24674 0.01303 ( 4)  0.566  0.013
  26 -   0.24674 0.24674 0.24674 0.24674 0.01303 ( 4)  0.566  0.013
  27 -   0.24674 0.24674 0.24674 0.24674 0.01303 ( 4)  0.566  0.013
  28 -   0.24674 0.24674 0.24674 0.24674 0.01303 ( 4)  0.566  0.013
  29 -   0.24674 0.24674 0.24674 0.24674 0.01303 ( 4)  0.566  0.013
  30 -   0.24674 0.24674 0.24674 0.24674 0.01303 ( 4)  0.566  0.013
  31 -   0.24674 0.24674 0.24674 0.24674 0.01303 ( 4)  0.566  0.013
  32 -   0.24674 0.24674 0.24674 0.24674 0.01303 ( 4)  0.566  0.013
  33 -   0.24674 0.24674 0.24674 0.24674 0.01303 ( 4)  0.566  0.013
  34 -   0.24674 0.24674 0.24674 0.24674 0.01303 ( 4)  0.566  0.013
  35 -   0.24674 0.24674 0.24674 0.24674 0.01303 ( 4)  0.566  0.013
  36 -   0.24674 0.24674 0.24674 0.24674 0.01303 ( 4)  0.566  0.013
  37 -   0.24674 0.24674 0.24674 0.24674 0.01303 ( 4)  0.566  0.013
  38 -   0.24674 0.24674 0.24674 0.24674 0.01303 ( 4)  0.566  0.013
  39 -   0.24674 0.24674 0.24674 0.24674 0.01303 ( 4)  0.566  0.013
  40 -   0.24674 0.24674 0.24674 0.24674 0.01303 ( 4)  0.566  0.013
  41 -   0.24674 0.24674 0.24674 0.24674 0.01303 ( 4)  0.566  0.013
  42 -   0.24674 0.24674 0.24674 0.24674 0.01303 ( 4)  0.566  0.013
  43 -   0.24674 0.24674 0.24674 0.24674 0.01303 ( 4)  0.566  0.013
  44 -   0.24674 0.24674 0.24674 0.24674 0.01303 ( 4)  0.566  0.013
  45 -   0.24674 0.24674 0.24674 0.24674 0.01303 ( 4)  0.566  0.013
  46 -   0.24674 0.24674 0.24674 0.24674 0.01303 ( 4)  0.566  0.013
  47 -   0.24674 0.24674 0.24674 0.24674 0.01303 ( 4)  0.566  0.013
  48 -   0.24674 0.24674 0.24674 0.24674 0.01303 ( 4)  0.566  0.013
  49 -   0.24674 0.24674 0.24674 0.24674 0.01303 ( 4)  0.566  0.013
  50 -   0.24674 0.24674 0.24674 0.24674 0.01303 ( 4)  0.566  0.013
  51 -   0.24674 0.24674 0.24674 0.24674 0.01303 ( 4)  0.566  0.013
  52 -   0.24674 0.24674 0.24674 0.24674 0.01303 ( 4)  0.566  0.013
  53 -   0.24674 0.24674 0.24674 0.24674 0.01303 ( 4)  0.566  0.013
  54 -   0.24674 0.24674 0.24674 0.24674 0.01303 ( 4)  0.566  0.013
  55 -   0.24674 0.24674 0.24674 0.24674 0.01303 ( 4)  0.566  0.013
  56 -   0.24674 0.24674 0.24674 0.24674 0.01303 ( 4)  0.566  0.013
  57 -   0.24674 0.24674 0.24674 0.24674 0.01303 ( 4)  0.566  0.013
  58 -   0.24674 0.24674 0.24674 0.24674 0.01303 ( 4)  0.566  0.013
  59 -   0.24674 0.24674 0.24674 0.24674 0.01303 ( 4)  0.566  0.013
  60 -   0.24674 0.24674 0.24674 0.24674 0.01303 ( 4)  0.566  0.013
  61 -   0.24674 0.24674 0.24674 0.24674 0.01303 ( 4)  0.566  0.013
  62 -   0.24674 0.24674 0.24674 0.24674 0.01303 ( 4)  0.566  0.013
  63 -   0.24674 0.24674 0.24674 0.24674 0.01303 ( 4)  0.566  0.013
  64 -   0.24674 0.24674 0.24674 0.24674 0.01303 ( 4)  0.566  0.013
  65 -   0.24674 0.24674 0.24674 0.24674 0.01303 ( 4)  0.566  0.013
  66 -   0.24674 0.24674 0.24674 0.24674 0.01303 ( 4)  0.566  0.013
  67 -   0.24674 0.24674 0.24674 0.24674 0.01303 ( 4)  0.566  0.013
  68 -   0.24674 0.24674 0.24674 0.24674 0.01303 ( 4)  0.566  0.013
  69 -   0.24674 0.24674 0.24674 0.24674 0.01303 ( 4)  0.566  0.013
  70 -   0.24674 0.24674 0.24674 0.24674 0.01303 ( 4)  0.566  0.013
  71 -   0.24674 0.24674 0.24674 0.24674 0.01303 ( 4)  0.566  0.013
  72 -   0.24674 0.24674 0.24674 0.24674 0.01303 ( 4)  0.566  0.013
  73 -   0.24674 0.24674 0.24674 0.24674 0.01303 ( 4)  0.566  0.013
  74 -   0.24674 0.24674 0.24674 0.24674 0.01303 ( 4)  0.566  0.013
  75 -   0.24674 0.24674 0.24674 0.24674 0.01303 ( 4)  0.566  0.013
  76 -   0.24674 0.24674 0.24674 0.24674 0.01303 ( 4)  0.566  0.013
  77 -   0.24674 0.24674 0.24674 0.24674 0.01303 ( 4)  0.566  0.013
  78 -   0.24674 0.24674 0.24674 0.24674 0.01303 ( 4)  0.566  0.013
  79 -   0.24674 0.24674 0.24674 0.24674 0.01303 ( 4)  0.566  0.013
  80 -   0.24674 0.24674 0.24674 0.24674 0.01303 ( 4)  0.566  0.013
  81 -   0.24674 0.24674 0.24674 0.24674 0.01303 ( 4)  0.566  0.013
  82 -   0.24674 0.24674 0.24674 0.24674 0.01303 ( 4)  0.566  0.013
  83 -   0.24674 0.24674 0.24674 0.24674 0.01303 ( 4)  0.566  0.013
  84 -   0.24674 0.24674 0.24674 0.24674 0.01303 ( 4)  0.566  0.013
  85 -   0.24674 0.24674 0.24674 0.24674 0.01303 ( 4)  0.566  0.013
  86 -   0.24674 0.24674 0.24674 0.24674 0.01303 ( 4)  0.566  0.013
  87 -   0.24674 0.24674 0.24674 0.24674 0.01303 ( 4)  0.566  0.013
  88 -   0.24674 0.24674 0.24674 0.24674 0.01303 ( 4)  0.566  0.013
  89 -   0.24674 0.24674 0.24674 0.24674 0.01303 ( 4)  0.566  0.013
  90 -   0.24674 0.24674 0.24674 0.24674 0.01303 ( 4)  0.566  0.013
  91 -   0.24674 0.24674 0.24674 0.24674 0.01303 ( 4)  0.566  0.013
  92 -   0.24674 0.24674 0.24674 0.24674 0.01303 ( 4)  0.566  0.013
  93 -   0.24674 0.24674 0.24674 0.24674 0.01303 ( 4)  0.566  0.013
  94 -   0.24674 0.24674 0.24674 0.24674 0.01303 ( 4)  0.566  0.013
  95 -   0.24674 0.24674 0.24674 0.24674 0.01303 ( 4)  0.566  0.013
  96 -   0.24674 0.24674 0.24674 0.24674 0.01303 ( 4)  0.566  0.013
  97 -   0.24674 0.24674 0.24674 0.24674 0.01303 ( 4)  0.566  0.013
  98 -   0.24674 0.24674 0.24674 0.24674 0.01303 ( 4)  0.566  0.013
  99 -   0.24674 0.24674 0.24674 0.24674 0.01303 ( 4)  0.566  0.013
 100 -   0.24674 0.24674 0.24674 0.24674 0.01303 ( 4)  0.566  0.013
 101 -   0.24674 0.24674 0.24674 0.24674 0.01303 ( 4)  0.566  0.013
 102 -   0.24674 0.24674 0.24674 0.24674 0.01303 ( 4)  0.566  0.013
 103 -   0.24674 0.24674 0.24674 0.24674 0.01303 ( 4)  0.566  0.013
 104 -   0.24674 0.24674 0.24674 0.24674 0.01303 ( 4)  0.566  0.013
 105 -   0.24674 0.24674 0.24674 0.24674 0.01303 ( 4)  0.566  0.013
 106 -   0.24674 0.24674 0.24674 0.24674 0.01303 ( 4)  0.566  0.013
 107 -   0.24674 0.24674 0.24674 0.24674 0.01303 ( 4)  0.566  0.013
 108 -   0.24674 0.24674 0.24674 0.24674 0.01303 ( 4)  0.566  0.013
 109 -   0.24674 0.24674 0.24674 0.24674 0.01303 ( 4)  0.566  0.013
 110 -   0.24674 0.24674 0.24674 0.24674 0.01303 ( 4)  0.566  0.013
 111 -   0.24674 0.24674 0.24674 0.24674 0.01303 ( 4)  0.566  0.013
 112 -   0.24674 0.24674 0.24674 0.24674 0.01303 ( 4)  0.566  0.013
 113 -   0.24674 0.24674 0.24674 0.24674 0.01303 ( 4)  0.566  0.013
 114 -   0.24674 0.24674 0.24674 0.24674 0.01303 ( 4)  0.566  0.013
 115 -   0.24674 0.24674 0.24674 0.24674 0.01303 ( 4)  0.566  0.013
 116 -   0.24674 0.24674 0.24674 0.24674 0.01303 ( 4)  0.566  0.013
 117 -   0.24674 0.24674 0.24674 0.24674 0.01303 ( 4)  0.566  0.013
 118 -   0.24674 0.24674 0.24674 0.24674 0.01303 ( 4)  0.566  0.013
 119 -   0.24674 0.24674 0.24674 0.24674 0.01303 ( 4)  0.566  0.013
 120 -   0.24674 0.24674 0.24674 0.24674 0.01303 ( 4)  0.566  0.013
 121 -   0.24674 0.24674 0.24674 0.24674 0.01303 ( 4)  0.566  0.013
 122 -   0.24674 0.24674 0.24674 0.24674 0.01303 ( 4)  0.566  0.013
 123 -   0.24674 0.24674 0.24674 0.24674 0.01303 ( 4)  0.566  0.013
 124 -   0.24674 0.24674 0.24674 0.24674 0.01303 ( 4)  0.566  0.013
 125 -   0.24674 0.24674 0.24674 0.24674 0.01303 ( 4)  0.566  0.013
 126 -   0.24674 0.24674 0.24674 0.24674 0.01303 ( 4)  0.566  0.013
 127 -   0.24674 0.24674 0.24674 0.24674 0.01303 ( 4)  0.566  0.013
 128 -   0.24674 0.24674 0.24674 0.24674 0.01303 ( 4)  0.566  0.013
 129 -   0.24674 0.24674 0.24674 0.24674 0.01303 ( 4)  0.566  0.013
 130 -   0.24674 0.24674 0.24674 0.24674 0.01303 ( 4)  0.566  0.013
 131 -   0.24674 0.24674 0.24674 0.24674 0.01303 ( 4)  0.566  0.013
 132 -   0.24674 0.24674 0.24674 0.24674 0.01303 ( 4)  0.566  0.013
 133 -   0.24674 0.24674 0.24674 0.24674 0.01303 ( 4)  0.566  0.013
 134 -   0.24674 0.24674 0.24674 0.24674 0.01303 ( 4)  0.566  0.013
 135 -   0.24674 0.24674 0.24674 0.24674 0.01303 ( 4)  0.566  0.013
 136 -   0.24674 0.24674 0.24674 0.24674 0.01303 ( 4)  0.566  0.013
 137 -   0.24674 0.24674 0.24674 0.24674 0.01303 ( 4)  0.566  0.013
 138 -   0.24674 0.24674 0.24674 0.24674 0.01303 ( 4)  0.566  0.013
 139 -   0.24674 0.24674 0.24674 0.24674 0.01303 ( 4)  0.566  0.013
 140 -   0.24674 0.24674 0.24674 0.24674 0.01303 ( 4)  0.566  0.013
 141 -   0.24674 0.24674 0.24674 0.24674 0.01303 ( 4)  0.566  0.013
 142 -   0.24674 0.24674 0.24674 0.24674 0.01303 ( 4)  0.566  0.013
 143 -   0.24674 0.24674 0.24674 0.24674 0.01303 ( 4)  0.566  0.013
 144 -   0.24674 0.24674 0.24674 0.24674 0.01303 ( 4)  0.566  0.013
 145 -   0.24674 0.24674 0.24674 0.24674 0.01303 ( 4)  0.566  0.013
 146 -   0.24674 0.24674 0.24674 0.24674 0.01303 ( 4)  0.566  0.013
 147 -   0.24674 0.24674 0.24674 0.24674 0.01303 ( 4)  0.566  0.013
 148 -   0.24674 0.24674 0.24674 0.24674 0.01303 ( 4)  0.566  0.013
 149 -   0.24674 0.24674 0.24674 0.24674 0.01303 ( 4)  0.566  0.013
 150 -   0.24674 0.24674 0.24674 0.24674 0.01303 ( 4)  0.566  0.013
 151 -   0.24674 0.24674 0.24674 0.24674 0.01303 ( 4)  0.566  0.013
 152 -   0.24674 0.24674 0.24674 0.24674 0.01303 ( 4)  0.566  0.013
 153 -   0.24674 0.24674 0.24674 0.24674 0.01303 ( 4)  0.566  0.013
 154 -   0.24674 0.24674 0.24674 0.24674 0.01303 ( 4)  0.566  0.013
 155 -   0.24674 0.24674 0.24674 0.24674 0.01303 ( 4)  0.566  0.013
 156 -   0.24674 0.24674 0.24674 0.24674 0.01303 ( 4)  0.566  0.013
 157 -   0.24674 0.24674 0.24674 0.24674 0.01303 ( 4)  0.566  0.013
 158 -   0.24674 0.24674 0.24674 0.24674 0.01303 ( 4)  0.566  0.013
 159 -   0.24674 0.24674 0.24674 0.24674 0.01303 ( 4)  0.566  0.013
 160 -   0.24674 0.24674 0.24674 0.24674 0.01303 ( 4)  0.566  0.013
 161 -   0.24674 0.24674 0.24674 0.24674 0.01303 ( 4)  0.566  0.013
 162 -   0.24674 0.24674 0.24674 0.24674 0.01303 ( 4)  0.566  0.013
 163 -   0.24674 0.24674 0.24674 0.24674 0.01303 ( 4)  0.566  0.013
 164 -   0.24674 0.24674 0.24674 0.24674 0.01303 ( 4)  0.566  0.013
 165 -   0.24674 0.24674 0.24674 0.24674 0.01303 ( 4)  0.566  0.013
 166 -   0.24674 0.24674 0.24674 0.24674 0.01303 ( 4)  0.566  0.013
 167 -   0.24674 0.24674 0.24674 0.24674 0.01303 ( 4)  0.566  0.013
 168 -   0.24674 0.24674 0.24674 0.24674 0.01303 ( 4)  0.566  0.013
 169 -   0.24674 0.24674 0.24674 0.24674 0.01303 ( 4)  0.566  0.013
 170 -   0.24674 0.24674 0.24674 0.24674 0.01303 ( 4)  0.566  0.013
 171 -   0.24674 0.24674 0.24674 0.24674 0.01303 ( 4)  0.566  0.013
 172 -   0.24674 0.24674 0.24674 0.24674 0.01303 ( 4)  0.566  0.013
 173 -   0.24674 0.24674 0.24674 0.24674 0.01303 ( 4)  0.566  0.013
 174 -   0.24674 0.24674 0.24674 0.24674 0.01303 ( 4)  0.566  0.013
 175 -   0.24674 0.24674 0.24674 0.24674 0.01303 ( 4)  0.566  0.013
 176 -   0.24674 0.24674 0.24674 0.24674 0.01303 ( 4)  0.566  0.013
 177 -   0.24674 0.24674 0.24674 0.24674 0.01303 ( 4)  0.566  0.013
 178 -   0.24674 0.24674 0.24674 0.24674 0.01303 ( 4)  0.566  0.013
 179 -   0.24674 0.24674 0.24674 0.24674 0.01303 ( 4)  0.566  0.013
 180 -   0.24674 0.24674 0.24674 0.24674 0.01303 ( 4)  0.566  0.013
 181 -   0.24674 0.24674 0.24674 0.24674 0.01303 ( 4)  0.566  0.013
 182 M   0.34579 0.26921 0.21658 0.16840 0.00003 ( 1)  0.435  0.000
 183 D   0.31108 0.26442 0.22952 0.19479 0.00020 ( 1)  0.455  0.000
 184 V   0.33730 0.26802 0.21974 0.17487 0.00007 ( 1)  0.440  0.000
 185 G   0.30186 0.26261 0.23272 0.20240 0.00041 ( 1)  0.461  0.000
 186 F   0.05630 0.17423 0.30028 0.45234 0.01685 ( 4)  0.711  0.017
 187 L   0.13298 0.22675 0.28968 0.34444 0.00615 ( 4)  0.590  0.006
 188 G   0.15053 0.23962 0.28840 0.32010 0.00135 ( 4)  0.549  0.001
 189 L   0.31169 0.26429 0.22918 0.19452 0.00033 ( 1)  0.455  0.000
 190 P   0.12298 0.21739 0.28663 0.35361 0.01939 ( 4)  0.675  0.019
 191 D   0.31497 0.26493 0.22805 0.19184 0.00021 ( 1)  0.453  0.000
 192 V   0.15377 0.24177 0.28788 0.31560 0.00098 ( 4)  0.544  0.001
 193 S   0.30358 0.26305 0.23218 0.20088 0.00031 ( 1)  0.459  0.000
 194 Q   0.32197 0.26610 0.22553 0.18629 0.00012 ( 1)  0.448  0.000
 195 S   0.14010 0.23238 0.28974 0.33485 0.00293 ( 4)  0.566  0.003
 196 H   0.14047 0.23266 0.28972 0.33432 0.00284 ( 4)  0.565  0.003
 197 S   0.15234 0.24088 0.28818 0.31758 0.00102 ( 4)  0.546  0.001
 198 R   0.15033 0.23948 0.28843 0.32040 0.00137 ( 4)  0.549  0.001
 199 T   0.32554 0.26659 0.22419 0.18358 0.00011 ( 1)  0.446  0.000
 200 L   0.29470 0.26128 0.23526 0.20827 0.00049 ( 1)  0.465  0.000
 201 W   0.14596 0.23650 0.28904 0.32653 0.00197 ( 4)  0.556  0.002
 202 G   0.33079 0.26710 0.22215 0.17985 0.00011 ( 1)  0.443  0.000
 203 T   0.13430 0.22747 0.28911 0.34199 0.00712 ( 4)  0.595  0.007
 204 R   0.32271 0.26592 0.22513 0.18606 0.00018 ( 1)  0.448  0.000
 205 G   0.32044 0.26571 0.22602 0.18766 0.00016 ( 1)  0.449  0.000
 206 R   0.33002 0.26721 0.22252 0.18016 0.00008 ( 1)  0.444  0.000
 207 G   0.31887 0.26546 0.22659 0.18889 0.00019 ( 1)  0.450  0.000
 208 P   0.31841 0.26546 0.22679 0.18917 0.00017 ( 1)  0.451  0.000
 209 T   0.05715 0.17554 0.30068 0.44989 0.01675 ( 4)  0.710  0.017
 210 I   0.14480 0.23578 0.28932 0.32823 0.00187 ( 4)  0.556  0.002
 211 R   0.30018 0.26229 0.23330 0.20378 0.00045 ( 1)  0.462  0.000
 212 R   0.31891 0.26541 0.22649 0.18884 0.00035 ( 1)  0.451  0.000
 213 Q   0.32197 0.26610 0.22553 0.18629 0.00012 ( 1)  0.448  0.000
 214 R   0.32076 0.26562 0.22584 0.18758 0.00020 ( 1)  0.449  0.000
 215 E   0.33775 0.26816 0.21960 0.17444 0.00006 ( 1)  0.439  0.000
 216 F   0.32089 0.26607 0.22598 0.18697 0.00009 ( 1)  0.449  0.000
 217 M   0.16552 0.24904 0.28546 0.29955 0.00043 ( 4)  0.533  0.000
 218 P   0.29597 0.26123 0.23460 0.20739 0.00080 ( 1)  0.467  0.001
 219 E   0.29213 0.26076 0.23613 0.21040 0.00058 ( 1)  0.467  0.001
 220 E   0.15796 0.24421 0.28684 0.30990 0.00108 ( 4)  0.542  0.001
 221 K   0.32720 0.26694 0.22363 0.18216 0.00007 ( 1)  0.445  0.000
 222 K   0.32720 0.26694 0.22363 0.18216 0.00007 ( 1)  0.445  0.000
 223 D   0.33014 0.26727 0.22249 0.18003 0.00008 ( 1)  0.444  0.000
 224 T   0.29877 0.26188 0.23369 0.20499 0.00067 ( 1)  0.464  0.001
 225 V   0.30587 0.26342 0.23134 0.19906 0.00030 ( 1)  0.458  0.000
 226 Y   0.31108 0.26446 0.22954 0.19475 0.00017 ( 1)  0.454  0.000
 227 W   0.31663 0.26535 0.22752 0.19037 0.00013 ( 1)  0.451  0.000
 228 E   0.33775 0.26816 0.21960 0.17444 0.00006 ( 1)  0.439  0.000
 229 K   0.32720 0.26694 0.22363 0.18216 0.00007 ( 1)  0.445  0.000
 230 R   0.32271 0.26592 0.22513 0.18606 0.00018 ( 1)  0.448  0.000
 231 R   0.32110 0.26588 0.22581 0.18706 0.00015 ( 1)  0.449  0.000
 232 K   0.32720 0.26694 0.22363 0.18216 0.00007 ( 1)  0.445  0.000
 233 N   0.32064 0.26602 0.22607 0.18718 0.00010 ( 1)  0.449  0.000
 234 N   0.30321 0.26305 0.23235 0.20113 0.00026 ( 1)  0.459  0.000
 235 E   0.33397 0.26766 0.22101 0.17728 0.00008 ( 1)  0.442  0.000
 236 A   0.29758 0.26156 0.23406 0.20608 0.00073 ( 1)  0.465  0.001
 237 A   0.32486 0.26628 0.22435 0.18435 0.00016 ( 1)  0.447  0.000
 238 K   0.15294 0.24122 0.28801 0.31674 0.00109 ( 4)  0.546  0.001
 239 R   0.28617 0.25941 0.23809 0.21547 0.00086 ( 1)  0.473  0.001
 240 S   0.32309 0.26629 0.22512 0.18539 0.00011 ( 1)  0.448  0.000
 241 R   0.31589 0.26279 0.22677 0.19388 0.00068 ( 1)  0.456  0.001
 242 E   0.29213 0.26076 0.23613 0.21040 0.00058 ( 1)  0.467  0.001
 243 K   0.32720 0.26694 0.22363 0.18216 0.00007 ( 1)  0.445  0.000
 244 R   0.28374 0.25849 0.23857 0.21762 0.00158 ( 1)  0.478  0.002
 245 R   0.30018 0.26229 0.23330 0.20378 0.00045 ( 1)  0.462  0.000
 246 R   0.14940 0.23855 0.28815 0.32156 0.00234 ( 4)  0.556  0.002
 247 N   0.30780 0.26378 0.23067 0.19749 0.00026 ( 1)  0.457  0.000
 248 D   0.31108 0.26442 0.22952 0.19479 0.00020 ( 1)  0.455  0.000
 249 A   0.29758 0.26156 0.23406 0.20608 0.00073 ( 1)  0.465  0.001
 250 A   0.32486 0.26628 0.22435 0.18435 0.00016 ( 1)  0.447  0.000
 251 I   0.13929 0.23174 0.28972 0.33590 0.00335 ( 4)  0.569  0.003
 252 E   0.33775 0.26816 0.21960 0.17444 0.00006 ( 1)  0.439  0.000
 253 G   0.15053 0.23962 0.28840 0.32010 0.00135 ( 4)  0.549  0.001
 254 R   0.33002 0.26721 0.22252 0.18016 0.00008 ( 1)  0.444  0.000
 255 L   0.31195 0.26436 0.22910 0.19431 0.00028 ( 1)  0.455  0.000
 256 A   0.30974 0.26395 0.22988 0.19610 0.00032 ( 1)  0.456  0.000
 257 A   0.28649 0.25938 0.23789 0.21522 0.00102 ( 1)  0.473  0.001
 258 L   0.31655 0.26516 0.22747 0.19064 0.00019 ( 1)  0.452  0.000
 259 M   0.16444 0.24839 0.28569 0.30099 0.00049 ( 4)  0.534  0.000
 260 E   0.33775 0.26816 0.21960 0.17444 0.00006 ( 1)  0.439  0.000
 261 E   0.33775 0.26816 0.21960 0.17444 0.00006 ( 1)  0.439  0.000
 262 N   0.30773 0.26377 0.23069 0.19754 0.00027 ( 1)  0.457  0.000
 263 A   0.15218 0.24066 0.28807 0.31780 0.00128 ( 4)  0.547  0.001
 264 L   0.31655 0.26516 0.22747 0.19064 0.00019 ( 1)  0.452  0.000
 265 L   0.32424 0.26636 0.22466 0.18462 0.00012 ( 1)  0.447  0.000
 266 R   0.15443 0.24198 0.28752 0.31474 0.00133 ( 4)  0.546  0.001
 267 D   0.04597 0.15204 0.27760 0.44703 0.07736 ( 4)  1.070  0.077
 268 E   0.33775 0.26816 0.21960 0.17444 0.00006 ( 1)  0.439  0.000
 269 L   0.31655 0.26516 0.22747 0.19064 0.00019 ( 1)  0.452  0.000
 270 R   0.12311 0.21267 0.28102 0.35477 0.02843 ( 4)  0.728  0.028
 271 A   0.33580 0.26763 0.22023 0.17624 0.00010 ( 1)  0.441  0.000
 272 L   0.32424 0.26636 0.22466 0.18462 0.00012 ( 1)  0.447  0.000
 273 K   0.32720 0.26694 0.22363 0.18216 0.00007 ( 1)  0.445  0.000
 274 L   0.30455 0.26318 0.23181 0.20014 0.00033 ( 1)  0.459  0.000
 275 R   0.14913 0.23868 0.28861 0.32205 0.00153 ( 4)  0.551  0.002
 276 F   0.30326 0.26306 0.23233 0.20108 0.00026 ( 1)  0.459  0.000
 277 G   0.32044 0.26571 0.22602 0.18766 0.00016 ( 1)  0.449  0.000
 278 L   0.05736 0.17599 0.30114 0.44997 0.01554 ( 4)  0.702  0.016
 279 L   0.31655 0.26516 0.22747 0.19064 0.00019 ( 1)  0.452  0.000
 280 P   0.11876 0.21683 0.29141 0.36438 0.00862 ( 4)  0.616  0.009
 281 L   0.14810 0.23792 0.28867 0.32345 0.00187 ( 4)  0.554  0.002
 282 T   0.31215 0.26439 0.22901 0.19411 0.00034 ( 1)  0.455  0.000
 283 G   0.30186 0.26261 0.23272 0.20240 0.00041 ( 1)  0.461  0.000
 284 G   0.32844 0.26684 0.22301 0.18150 0.00021 ( 1)  0.445  0.000
 285 P   0.32230 0.26591 0.22530 0.18631 0.00018 ( 1)  0.448  0.000
 286 Q   0.05369 0.16735 0.29095 0.44401 0.04400 ( 4)  0.870  0.044
 287 A   0.32082 0.26582 0.22590 0.18730 0.00015 ( 1)  0.449  0.000
 288 L   0.13219 0.22612 0.28965 0.34545 0.00660 ( 4)  0.594  0.007
 289 P   0.32230 0.26591 0.22530 0.18631 0.00018 ( 1)  0.448  0.000
 290 L   0.31655 0.26516 0.22747 0.19064 0.00019 ( 1)  0.452  0.000
 291 Q   0.32197 0.26610 0.22553 0.18629 0.00012 ( 1)  0.448  0.000
 292 A   0.14780 0.23777 0.28879 0.32393 0.00171 ( 4)  0.553  0.002
 293 L   0.14616 0.23637 0.28866 0.32615 0.00267 ( 4)  0.560  0.003
 294 L   0.27793 0.25734 0.24061 0.22253 0.00160 ( 1)  0.482  0.002
 295 W   0.14508 0.23587 0.28912 0.32775 0.00218 ( 4)  0.558  0.002
 296 E   0.29213 0.26076 0.23613 0.21040 0.00058 ( 1)  0.467  0.001
 297 A   0.14170 0.23342 0.28941 0.33244 0.00304 ( 4)  0.566  0.003
 298 P   0.32230 0.26591 0.22530 0.18631 0.00018 ( 1)  0.448  0.000
 299 W   0.31663 0.26535 0.22752 0.19037 0.00013 ( 1)  0.451  0.000
 300 T   0.30629 0.26353 0.23121 0.19869 0.00028 ( 1)  0.458  0.000
 301 G   0.33016 0.26701 0.22239 0.18033 0.00011 ( 1)  0.444  0.000
 302 D   0.33014 0.26727 0.22249 0.18003 0.00008 ( 1)  0.444  0.000
 303 H   0.05424 0.16857 0.29225 0.44442 0.04052 ( 4)  0.849  0.041
 304 H   0.04956 0.15702 0.27721 0.43118 0.08504 ( 4)  1.110  0.085
 305 P   0.30331 0.26284 0.23218 0.20125 0.00042 ( 1)  0.460  0.000
 306 A   0.15371 0.24120 0.28727 0.31576 0.00206 ( 4)  0.551  0.002
 307 A   0.30521 0.26319 0.23151 0.19970 0.00038 ( 1)  0.459  0.000
 308 E   0.29213 0.26076 0.23613 0.21040 0.00058 ( 1)  0.467  0.001
 309 A   0.12602 0.22049 0.28811 0.35170 0.01368 ( 4)  0.639  0.014
 310 L   0.31850 0.26542 0.22673 0.18914 0.00021 ( 1)  0.451  0.000
 311 S   0.29257 0.26062 0.23581 0.21016 0.00085 ( 1)  0.469  0.001
 312 S   0.05748 0.17667 0.30255 0.45212 0.01119 ( 4)  0.677  0.011
 313 L   0.29470 0.26128 0.23526 0.20827 0.00049 ( 1)  0.465  0.000
 314 S   0.30358 0.26305 0.23218 0.20088 0.00031 ( 1)  0.459  0.000
 315 G   0.14136 0.23309 0.28934 0.33294 0.00328 ( 4)  0.567  0.003
 316 S   0.14332 0.23439 0.28894 0.32991 0.00344 ( 4)  0.567  0.003
 317 H   0.32849 0.26704 0.22311 0.18128 0.00009 ( 1)  0.444  0.000
 318 S   0.05229 0.16571 0.29172 0.45073 0.03955 ( 4)  0.846  0.040
 319 C   0.32149 0.26611 0.22574 0.18656 0.00011 ( 1)  0.448  0.000
 320 L   0.14823 0.23805 0.28873 0.32334 0.00165 ( 4)  0.553  0.002
 321 L   0.26951 0.25506 0.24304 0.22974 0.00265 ( 1)  0.493  0.003
 322 R   0.33002 0.26721 0.22252 0.18016 0.00008 ( 1)  0.444  0.000
 323 P   0.28521 0.25908 0.23829 0.21629 0.00112 ( 1)  0.475  0.001
 324 C   0.01060 0.06671 0.17119 0.36618 0.38532 ( 5)  2.876  0.385
 325 S   0.32309 0.26629 0.22512 0.18539 0.00011 ( 1)  0.448  0.000
 326 L   0.30872 0.26379 0.23026 0.19692 0.00032 ( 1)  0.457  0.000
 327 D   0.31108 0.26442 0.22952 0.19479 0.00020 ( 1)  0.455  0.000
 328 A   0.30521 0.26319 0.23151 0.19970 0.00038 ( 1)  0.459  0.000
 329 G   0.33079 0.26710 0.22215 0.17985 0.00011 ( 1)  0.443  0.000
 330 V   0.04621 0.15259 0.27825 0.44735 0.07560 ( 4)  1.060  0.076
 331 P   0.12507 0.21990 0.28846 0.35358 0.01299 ( 4)  0.636  0.013
 332 G   0.28225 0.25839 0.23925 0.21883 0.00127 ( 1)  0.477  0.001
 333 C   0.30748 0.26371 0.23077 0.19777 0.00028 ( 1)  0.457  0.000
 334 R   0.14829 0.23751 0.28797 0.32317 0.00306 ( 4)  0.561  0.003
 335 G   0.15013 0.23936 0.28846 0.32067 0.00138 ( 4)  0.550  0.001
 336 C   0.31729 0.26543 0.22727 0.18988 0.00014 ( 1)  0.451  0.000
 337 L   0.31655 0.26516 0.22747 0.19064 0.00019 ( 1)  0.452  0.000
 338 L   0.31655 0.26516 0.22747 0.19064 0.00019 ( 1)  0.452  0.000
 339 A   0.30552 0.26325 0.23141 0.19945 0.00037 ( 1)  0.459  0.000
 340 P   0.32230 0.26591 0.22530 0.18631 0.00018 ( 1)  0.448  0.000
 341 R   0.29558 0.26124 0.23480 0.20766 0.00071 ( 1)  0.466  0.001
 342 W   0.31663 0.26535 0.22752 0.19037 0.00013 ( 1)  0.451  0.000
 343 T   0.30585 0.26345 0.23137 0.19906 0.00029 ( 1)  0.458  0.000
 344 G   0.14869 0.23805 0.28826 0.32265 0.00235 ( 4)  0.556  0.002
 345 L   0.29426 0.26084 0.23506 0.20860 0.00123 ( 1)  0.470  0.001
 346 A   0.32082 0.26582 0.22590 0.18730 0.00015 ( 1)  0.449  0.000
 347 T   0.05188 0.16567 0.29336 0.45586 0.03323 ( 4)  0.810  0.033
 348 S   0.30780 0.26374 0.23064 0.19752 0.00029 ( 1)  0.457  0.000
 349 -   0.29555 0.26108 0.23469 0.20775 0.00093 ( 1)  0.468  0.001
 350 R   0.15496 0.24238 0.28750 0.31401 0.00116 ( 4)  0.545  0.001
 351 S   0.32309 0.26629 0.22512 0.18539 0.00011 ( 1)  0.448  0.000
 352 S   0.14403 0.23474 0.28875 0.32915 0.00333 ( 4)  0.566  0.003
 353 P   0.09171 0.18830 0.27794 0.38461 0.05744 ( 4)  0.919  0.057
 354 E   0.15755 0.24416 0.28714 0.31036 0.00079 ( 4)  0.541  0.001
 355 S   0.13773 0.23054 0.28976 0.33804 0.00393 ( 4)  0.574  0.004
 356 A   0.28649 0.25938 0.23789 0.21522 0.00102 ( 1)  0.473  0.001
 357 S   0.04697 0.15371 0.27824 0.44391 0.07718 ( 4)  1.068  0.077
 358 P   0.30331 0.26284 0.23218 0.20125 0.00042 ( 1)  0.460  0.000
 359 T   0.05831 0.17810 0.30331 0.45038 0.00990 ( 4)  0.669  0.010
 360 L   0.15085 0.23982 0.28833 0.31967 0.00133 ( 4)  0.549  0.001
 361 N   0.32064 0.26602 0.22607 0.18718 0.00010 ( 1)  0.449  0.000
 362 R   0.28617 0.25941 0.23809 0.21547 0.00086 ( 1)  0.473  0.001
 363 I   0.30504 0.26338 0.23170 0.19964 0.00025 ( 1)  0.458  0.000
 364 D   0.33014 0.26727 0.22249 0.18003 0.00008 ( 1)  0.444  0.000
 365 M   0.34579 0.26921 0.21658 0.16840 0.00003 ( 1)  0.435  0.000
 366 A   0.15040 0.23905 0.28781 0.32023 0.00251 ( 4)  0.556  0.003
 367 L   0.29470 0.26128 0.23526 0.20827 0.00049 ( 1)  0.465  0.000
 368 Q   0.05686 0.17487 0.29990 0.44946 0.01890 ( 4)  0.722  0.019
 369 T   0.13821 0.23073 0.28945 0.33707 0.00454 ( 4)  0.577  0.005
 370 A   0.15089 0.23938 0.28774 0.31956 0.00243 ( 4)  0.555  0.002
 371 L   0.32182 0.26596 0.22552 0.18653 0.00016 ( 1)  0.449  0.000
 372 P   0.28521 0.25908 0.23829 0.21629 0.00112 ( 1)  0.475  0.001
 373 P   0.13609 0.22898 0.28931 0.33984 0.00577 ( 4)  0.586  0.006
 374 A   0.15218 0.24066 0.28807 0.31780 0.00128 ( 4)  0.547  0.001
 375 L   0.32424 0.26636 0.22466 0.18462 0.00012 ( 1)  0.447  0.000
 376 F   0.32089 0.26607 0.22598 0.18697 0.00009 ( 1)  0.449  0.000
 377 S   0.32731 0.26692 0.22357 0.18212 0.00008 ( 1)  0.445  0.000
 378 C   0.13648 0.22965 0.28992 0.33990 0.00406 ( 4)  0.576  0.004
 379 H   0.32849 0.26704 0.22311 0.18128 0.00009 ( 1)  0.444  0.000
 380 L   0.15059 0.23942 0.28808 0.31997 0.00193 ( 4)  0.552  0.002
 381 L   0.29470 0.26128 0.23526 0.20827 0.00049 ( 1)  0.465  0.000
 382 D   0.14366 0.23487 0.28927 0.32970 0.00249 ( 4)  0.561  0.002
 383 G   0.15615 0.24326 0.28740 0.31232 0.00088 ( 4)  0.542  0.001
 384 H   0.14155 0.23331 0.28940 0.33259 0.00315 ( 4)  0.566  0.003
 385 V   0.29904 0.26191 0.23358 0.20479 0.00068 ( 1)  0.464  0.001
 386 G   0.15535 0.24235 0.28712 0.31359 0.00159 ( 4)  0.547  0.002
 387 S   0.14988 0.23919 0.28851 0.32103 0.00139 ( 4)  0.550  0.001
 388 R   0.28617 0.25941 0.23809 0.21547 0.00086 ( 1)  0.473  0.001
 389 R   0.12090 0.21452 0.28395 0.35213 0.02850 ( 4)  0.729  0.029
 390 E   0.33775 0.26816 0.21960 0.17444 0.00006 ( 1)  0.439  0.000
 391 L   0.32424 0.26636 0.22466 0.18462 0.00012 ( 1)  0.447  0.000
 392 R   0.29558 0.26124 0.23480 0.20766 0.00071 ( 1)  0.466  0.001
 393 P   0.32230 0.26591 0.22530 0.18631 0.00018 ( 1)  0.448  0.000
 394 C   0.14882 0.23845 0.28862 0.32245 0.00165 ( 4)  0.552  0.002
 395 W   0.14240 0.23396 0.28940 0.33150 0.00275 ( 4)  0.563  0.003
 396 G   0.33079 0.26710 0.22215 0.17985 0.00011 ( 1)  0.443  0.000
 397 L   0.31655 0.26516 0.22747 0.19064 0.00019 ( 1)  0.452  0.000
 398 W   0.31663 0.26535 0.22752 0.19037 0.00013 ( 1)  0.451  0.000
 399 S   0.28176 0.25833 0.23946 0.21924 0.00121 ( 1)  0.477  0.001
 400 P   0.29414 0.26092 0.23526 0.20886 0.00083 ( 1)  0.468  0.001
 401 M   0.16505 0.24873 0.28554 0.30020 0.00049 ( 4)  0.533  0.000
 402 P   0.15071 0.23970 0.28831 0.31984 0.00143 ( 4)  0.549  0.001
 403 S   0.14111 0.23300 0.28948 0.33330 0.00311 ( 4)  0.566  0.003
 404 G   0.00571 0.03758 0.10026 0.22432 0.63212 ( 5)  4.292  0.632
 405 C   0.32172 0.26614 0.22565 0.18638 0.00010 ( 1)  0.448  0.000
 406 R   0.14409 0.23514 0.28918 0.32910 0.00248 ( 4)  0.561  0.002
 407 A   0.30974 0.26395 0.22988 0.19610 0.00032 ( 1)  0.456  0.000
 408 S   0.28374 0.25881 0.23884 0.21755 0.00106 ( 1)  0.475  0.001
 409 G   0.33079 0.26710 0.22215 0.17985 0.00011 ( 1)  0.443  0.000
 410 P   0.29414 0.26092 0.23526 0.20886 0.00083 ( 1)  0.468  0.001
 411 S   0.28990 0.26000 0.23666 0.21239 0.00105 ( 1)  0.472  0.001
 412 D   0.14131 0.23327 0.28965 0.33314 0.00262 ( 4)  0.564  0.003
 413 V   0.15994 0.24539 0.28641 0.30730 0.00096 ( 4)  0.540  0.001
 414 L   0.29470 0.26128 0.23526 0.20827 0.00049 ( 1)  0.465  0.000
 415 L   0.31655 0.26516 0.22747 0.19064 0.00019 ( 1)  0.452  0.000
 416 T   0.29075 0.26045 0.23658 0.21157 0.00064 ( 1)  0.469  0.001
 417 P   0.14931 0.23831 0.28795 0.32169 0.00274 ( 4)  0.558  0.003
 418 T   0.30545 0.26337 0.23150 0.19938 0.00029 ( 1)  0.458  0.000
 419 V   0.13435 0.22751 0.28911 0.34193 0.00710 ( 4)  0.595  0.007
 420 D   0.31497 0.26493 0.22805 0.19184 0.00021 ( 1)  0.453  0.000
 421 P   0.32230 0.26591 0.22530 0.18631 0.00018 ( 1)  0.448  0.000
 422 M   0.34579 0.26921 0.21658 0.16840 0.00003 ( 1)  0.435  0.000
 423 G   0.30832 0.26362 0.23027 0.19716 0.00063 ( 1)  0.459  0.001
 424 L   0.31655 0.26516 0.22747 0.19064 0.00019 ( 1)  0.452  0.000
 425 S   0.13773 0.23054 0.28976 0.33804 0.00393 ( 4)  0.574  0.004
 426 H   0.13896 0.23090 0.28874 0.33541 0.00598 ( 4)  0.585  0.006
 427 G   0.15585 0.24306 0.28745 0.31273 0.00091 ( 4)  0.543  0.001
 428 V   0.33139 0.26725 0.22195 0.17930 0.00010 ( 1)  0.443  0.000
 429 T   0.32523 0.26654 0.22431 0.18382 0.00011 ( 1)  0.446  0.000
 430 C   0.32172 0.26614 0.22565 0.18638 0.00010 ( 1)  0.448  0.000
 431 P   0.13710 0.22999 0.28966 0.33877 0.00448 ( 4)  0.578  0.004
 432 V   0.14860 0.23801 0.28826 0.32265 0.00249 ( 4)  0.557  0.002
 433 P   0.28521 0.25908 0.23829 0.21629 0.00112 ( 1)  0.475  0.001
 434 G   0.31980 0.26548 0.22620 0.18831 0.00021 ( 1)  0.450  0.000
 435 N   0.31629 0.26529 0.22764 0.19064 0.00014 ( 1)  0.451  0.000
 436 S   0.30864 0.26401 0.23041 0.19673 0.00021 ( 1)  0.456  0.000
 437 P   0.13742 0.22985 0.28897 0.33761 0.00614 ( 4)  0.587  0.006
 438 E   0.33775 0.26816 0.21960 0.17444 0.00006 ( 1)  0.439  0.000
 439 D   0.04683 0.15376 0.27909 0.44653 0.07379 ( 4)  1.049  0.074
 440 L   0.31655 0.26516 0.22747 0.19064 0.00019 ( 1)  0.452  0.000
 441 G   0.04706 0.15508 0.28216 0.45240 0.06330 ( 4)  0.988  0.063
 442 Q   0.32197 0.26610 0.22553 0.18629 0.00012 ( 1)  0.448  0.000
 443 P   0.32230 0.26591 0.22530 0.18631 0.00018 ( 1)  0.448  0.000
 444 S   0.30358 0.26305 0.23218 0.20088 0.00031 ( 1)  0.459  0.000
 445 L   0.31655 0.26516 0.22747 0.19064 0.00019 ( 1)  0.452  0.000
 446 P   0.32230 0.26591 0.22530 0.18631 0.00018 ( 1)  0.448  0.000
 447 H   0.32849 0.26704 0.22311 0.18128 0.00009 ( 1)  0.444  0.000
 448 K   0.28569 0.25933 0.23827 0.21588 0.00083 ( 1)  0.473  0.001
 449 L   0.31549 0.26496 0.22784 0.19149 0.00022 ( 1)  0.452  0.000
 450 R   0.14701 0.23688 0.28845 0.32494 0.00272 ( 4)  0.560  0.003
 451 I   0.31905 0.26572 0.22663 0.18848 0.00012 ( 1)  0.450  0.000
 452 K   0.29765 0.26176 0.23415 0.20588 0.00055 ( 1)  0.464  0.001
 453 S   0.32309 0.26629 0.22512 0.18539 0.00011 ( 1)  0.448  0.000
 454 Q   0.11173 0.20583 0.28117 0.36117 0.04010 ( 4)  0.803  0.040
 455 A   0.32486 0.26628 0.22435 0.18435 0.00016 ( 1)  0.447  0.000
 456 F   0.13931 0.23118 0.28869 0.33468 0.00613 ( 4)  0.585  0.006
 457 S   0.05045 0.16306 0.29158 0.45800 0.03691 ( 4)  0.833  0.037
 458 R   0.31593 0.26512 0.22772 0.19106 0.00017 ( 1)  0.452  0.000
 459 V   0.27085 0.25546 0.24269 0.22859 0.00240 ( 1)  0.490  0.002
 460 P   0.27793 0.25740 0.24067 0.22254 0.00146 ( 1)  0.481  0.001
 461 Q   0.00057 0.00455 0.01414 0.03714 0.94360 ( 5)  6.077  0.944
 462 G   0.28369 0.25886 0.23891 0.21759 0.00095 ( 1)  0.474  0.001
 463 W   0.28474 0.25914 0.23860 0.21668 0.00084 ( 1)  0.473  0.001
 464 E   0.33775 0.26816 0.21960 0.17444 0.00006 ( 1)  0.439  0.000
 465 G   0.30186 0.26261 0.23272 0.20240 0.00041 ( 1)  0.461  0.000
 466 G   0.31272 0.26447 0.22882 0.19373 0.00026 ( 1)  0.454  0.000
 467 Q   0.15007 0.23937 0.28854 0.32075 0.00126 ( 4)  0.549  0.001
 468 A   0.01255 0.07736 0.19502 0.40890 0.30616 ( 4)  2.421  0.306
 469 P   0.13996 0.23205 0.28939 0.33474 0.00386 ( 4)  0.572  0.004
 470 S   0.01316 0.07950 0.19725 0.40654 0.30356 ( 4)  2.404  0.304

Positively selected sites

	Prob(w>1)  mean w

   404 G      0.632         4.292
   461 Q      0.944         6.077


lnL = -2349.299538

Bayes Empirical Bayes (BEB) probabilities for 11 classes (class) & postmean_w
(amino acids refer to 1st sequence: calJac_NFILZ_XM_035286919)

   1 -   0.09589 0.09827 0.10456 0.10717 0.10657 0.10298 0.09645 0.08677 0.07343 0.06049 0.06742 ( 4)  0.606 +-  0.680
   2 -   0.09589 0.09827 0.10456 0.10717 0.10657 0.10298 0.09645 0.08677 0.07343 0.06049 0.06742 ( 4)  0.606 +-  0.680
   3 -   0.09589 0.09827 0.10456 0.10717 0.10657 0.10298 0.09645 0.08677 0.07343 0.06049 0.06742 ( 4)  0.606 +-  0.680
   4 -   0.09589 0.09827 0.10456 0.10717 0.10657 0.10298 0.09645 0.08677 0.07343 0.06049 0.06742 ( 4)  0.606 +-  0.680
   5 -   0.09589 0.09827 0.10456 0.10717 0.10657 0.10298 0.09645 0.08677 0.07343 0.06049 0.06742 ( 4)  0.606 +-  0.680
   6 -   0.09589 0.09827 0.10456 0.10717 0.10657 0.10298 0.09645 0.08677 0.07343 0.06049 0.06742 ( 4)  0.606 +-  0.680
   7 -   0.09589 0.09827 0.10456 0.10717 0.10657 0.10298 0.09645 0.08677 0.07343 0.06049 0.06742 ( 4)  0.606 +-  0.680
   8 -   0.09589 0.09827 0.10456 0.10717 0.10657 0.10298 0.09645 0.08677 0.07343 0.06049 0.06742 ( 4)  0.606 +-  0.680
   9 -   0.09589 0.09827 0.10456 0.10717 0.10657 0.10298 0.09645 0.08677 0.07343 0.06049 0.06742 ( 4)  0.606 +-  0.680
  10 -   0.09589 0.09827 0.10456 0.10717 0.10657 0.10298 0.09645 0.08677 0.07343 0.06049 0.06742 ( 4)  0.606 +-  0.680
  11 -   0.09589 0.09827 0.10456 0.10717 0.10657 0.10298 0.09645 0.08677 0.07343 0.06049 0.06742 ( 4)  0.606 +-  0.680
  12 -   0.09589 0.09827 0.10456 0.10717 0.10657 0.10298 0.09645 0.08677 0.07343 0.06049 0.06742 ( 4)  0.606 +-  0.680
  13 -   0.09589 0.09827 0.10456 0.10717 0.10657 0.10298 0.09645 0.08677 0.07343 0.06049 0.06742 ( 4)  0.606 +-  0.680
  14 -   0.09589 0.09827 0.10456 0.10717 0.10657 0.10298 0.09645 0.08677 0.07343 0.06049 0.06742 ( 4)  0.606 +-  0.680
  15 -   0.09589 0.09827 0.10456 0.10717 0.10657 0.10298 0.09645 0.08677 0.07343 0.06049 0.06742 ( 4)  0.606 +-  0.680
  16 -   0.09589 0.09827 0.10456 0.10717 0.10657 0.10298 0.09645 0.08677 0.07343 0.06049 0.06742 ( 4)  0.606 +-  0.680
  17 -   0.09589 0.09827 0.10456 0.10717 0.10657 0.10298 0.09645 0.08677 0.07343 0.06049 0.06742 ( 4)  0.606 +-  0.680
  18 -   0.09589 0.09827 0.10456 0.10717 0.10657 0.10298 0.09645 0.08677 0.07343 0.06049 0.06742 ( 4)  0.606 +-  0.680
  19 -   0.09589 0.09827 0.10456 0.10717 0.10657 0.10298 0.09645 0.08677 0.07343 0.06049 0.06742 ( 4)  0.606 +-  0.680
  20 -   0.09589 0.09827 0.10456 0.10717 0.10657 0.10298 0.09645 0.08677 0.07343 0.06049 0.06742 ( 4)  0.606 +-  0.680
  21 -   0.09589 0.09827 0.10456 0.10717 0.10657 0.10298 0.09645 0.08677 0.07343 0.06049 0.06742 ( 4)  0.606 +-  0.680
  22 -   0.09589 0.09827 0.10456 0.10717 0.10657 0.10298 0.09645 0.08677 0.07343 0.06049 0.06742 ( 4)  0.606 +-  0.680
  23 -   0.09589 0.09827 0.10456 0.10717 0.10657 0.10298 0.09645 0.08677 0.07343 0.06049 0.06742 ( 4)  0.606 +-  0.680
  24 -   0.09589 0.09827 0.10456 0.10717 0.10657 0.10298 0.09645 0.08677 0.07343 0.06049 0.06742 ( 4)  0.606 +-  0.680
  25 -   0.09589 0.09827 0.10456 0.10717 0.10657 0.10298 0.09645 0.08677 0.07343 0.06049 0.06742 ( 4)  0.606 +-  0.680
  26 -   0.09589 0.09827 0.10456 0.10717 0.10657 0.10298 0.09645 0.08677 0.07343 0.06049 0.06742 ( 4)  0.606 +-  0.680
  27 -   0.09589 0.09827 0.10456 0.10717 0.10657 0.10298 0.09645 0.08677 0.07343 0.06049 0.06742 ( 4)  0.606 +-  0.680
  28 -   0.09589 0.09827 0.10456 0.10717 0.10657 0.10298 0.09645 0.08677 0.07343 0.06049 0.06742 ( 4)  0.606 +-  0.680
  29 -   0.09589 0.09827 0.10456 0.10717 0.10657 0.10298 0.09645 0.08677 0.07343 0.06049 0.06742 ( 4)  0.606 +-  0.680
  30 -   0.09589 0.09827 0.10456 0.10717 0.10657 0.10298 0.09645 0.08677 0.07343 0.06049 0.06742 ( 4)  0.606 +-  0.680
  31 -   0.09589 0.09827 0.10456 0.10717 0.10657 0.10298 0.09645 0.08677 0.07343 0.06049 0.06742 ( 4)  0.606 +-  0.680
  32 -   0.09589 0.09827 0.10456 0.10717 0.10657 0.10298 0.09645 0.08677 0.07343 0.06049 0.06742 ( 4)  0.606 +-  0.680
  33 -   0.09589 0.09827 0.10456 0.10717 0.10657 0.10298 0.09645 0.08677 0.07343 0.06049 0.06742 ( 4)  0.606 +-  0.680
  34 -   0.09589 0.09827 0.10456 0.10717 0.10657 0.10298 0.09645 0.08677 0.07343 0.06049 0.06742 ( 4)  0.606 +-  0.680
  35 -   0.09589 0.09827 0.10456 0.10717 0.10657 0.10298 0.09645 0.08677 0.07343 0.06049 0.06742 ( 4)  0.606 +-  0.680
  36 -   0.09589 0.09827 0.10456 0.10717 0.10657 0.10298 0.09645 0.08677 0.07343 0.06049 0.06742 ( 4)  0.606 +-  0.680
  37 -   0.09589 0.09827 0.10456 0.10717 0.10657 0.10298 0.09645 0.08677 0.07343 0.06049 0.06742 ( 4)  0.606 +-  0.680
  38 -   0.09589 0.09827 0.10456 0.10717 0.10657 0.10298 0.09645 0.08677 0.07343 0.06049 0.06742 ( 4)  0.606 +-  0.680
  39 -   0.09589 0.09827 0.10456 0.10717 0.10657 0.10298 0.09645 0.08677 0.07343 0.06049 0.06742 ( 4)  0.606 +-  0.680
  40 -   0.09589 0.09827 0.10456 0.10717 0.10657 0.10298 0.09645 0.08677 0.07343 0.06049 0.06742 ( 4)  0.606 +-  0.680
  41 -   0.09589 0.09827 0.10456 0.10717 0.10657 0.10298 0.09645 0.08677 0.07343 0.06049 0.06742 ( 4)  0.606 +-  0.680
  42 -   0.09589 0.09827 0.10456 0.10717 0.10657 0.10298 0.09645 0.08677 0.07343 0.06049 0.06742 ( 4)  0.606 +-  0.680
  43 -   0.09589 0.09827 0.10456 0.10717 0.10657 0.10298 0.09645 0.08677 0.07343 0.06049 0.06742 ( 4)  0.606 +-  0.680
  44 -   0.09589 0.09827 0.10456 0.10717 0.10657 0.10298 0.09645 0.08677 0.07343 0.06049 0.06742 ( 4)  0.606 +-  0.680
  45 -   0.09589 0.09827 0.10456 0.10717 0.10657 0.10298 0.09645 0.08677 0.07343 0.06049 0.06742 ( 4)  0.606 +-  0.680
  46 -   0.09589 0.09827 0.10456 0.10717 0.10657 0.10298 0.09645 0.08677 0.07343 0.06049 0.06742 ( 4)  0.606 +-  0.680
  47 -   0.09589 0.09827 0.10456 0.10717 0.10657 0.10298 0.09645 0.08677 0.07343 0.06049 0.06742 ( 4)  0.606 +-  0.680
  48 -   0.09589 0.09827 0.10456 0.10717 0.10657 0.10298 0.09645 0.08677 0.07343 0.06049 0.06742 ( 4)  0.606 +-  0.680
  49 -   0.09589 0.09827 0.10456 0.10717 0.10657 0.10298 0.09645 0.08677 0.07343 0.06049 0.06742 ( 4)  0.606 +-  0.680
  50 -   0.09589 0.09827 0.10456 0.10717 0.10657 0.10298 0.09645 0.08677 0.07343 0.06049 0.06742 ( 4)  0.606 +-  0.680
  51 -   0.09589 0.09827 0.10456 0.10717 0.10657 0.10298 0.09645 0.08677 0.07343 0.06049 0.06742 ( 4)  0.606 +-  0.680
  52 -   0.09589 0.09827 0.10456 0.10717 0.10657 0.10298 0.09645 0.08677 0.07343 0.06049 0.06742 ( 4)  0.606 +-  0.680
  53 -   0.09589 0.09827 0.10456 0.10717 0.10657 0.10298 0.09645 0.08677 0.07343 0.06049 0.06742 ( 4)  0.606 +-  0.680
  54 -   0.09589 0.09827 0.10456 0.10717 0.10657 0.10298 0.09645 0.08677 0.07343 0.06049 0.06742 ( 4)  0.606 +-  0.680
  55 -   0.09589 0.09827 0.10456 0.10717 0.10657 0.10298 0.09645 0.08677 0.07343 0.06049 0.06742 ( 4)  0.606 +-  0.680
  56 -   0.09589 0.09827 0.10456 0.10717 0.10657 0.10298 0.09645 0.08677 0.07343 0.06049 0.06742 ( 4)  0.606 +-  0.680
  57 -   0.09589 0.09827 0.10456 0.10717 0.10657 0.10298 0.09645 0.08677 0.07343 0.06049 0.06742 ( 4)  0.606 +-  0.680
  58 -   0.09589 0.09827 0.10456 0.10717 0.10657 0.10298 0.09645 0.08677 0.07343 0.06049 0.06742 ( 4)  0.606 +-  0.680
  59 -   0.09589 0.09827 0.10456 0.10717 0.10657 0.10298 0.09645 0.08677 0.07343 0.06049 0.06742 ( 4)  0.606 +-  0.680
  60 -   0.09589 0.09827 0.10456 0.10717 0.10657 0.10298 0.09645 0.08677 0.07343 0.06049 0.06742 ( 4)  0.606 +-  0.680
  61 -   0.09589 0.09827 0.10456 0.10717 0.10657 0.10298 0.09645 0.08677 0.07343 0.06049 0.06742 ( 4)  0.606 +-  0.680
  62 -   0.09589 0.09827 0.10456 0.10717 0.10657 0.10298 0.09645 0.08677 0.07343 0.06049 0.06742 ( 4)  0.606 +-  0.680
  63 -   0.09589 0.09827 0.10456 0.10717 0.10657 0.10298 0.09645 0.08677 0.07343 0.06049 0.06742 ( 4)  0.606 +-  0.680
  64 -   0.09589 0.09827 0.10456 0.10717 0.10657 0.10298 0.09645 0.08677 0.07343 0.06049 0.06742 ( 4)  0.606 +-  0.680
  65 -   0.09589 0.09827 0.10456 0.10717 0.10657 0.10298 0.09645 0.08677 0.07343 0.06049 0.06742 ( 4)  0.606 +-  0.680
  66 -   0.09589 0.09827 0.10456 0.10717 0.10657 0.10298 0.09645 0.08677 0.07343 0.06049 0.06742 ( 4)  0.606 +-  0.680
  67 -   0.09589 0.09827 0.10456 0.10717 0.10657 0.10298 0.09645 0.08677 0.07343 0.06049 0.06742 ( 4)  0.606 +-  0.680
  68 -   0.09589 0.09827 0.10456 0.10717 0.10657 0.10298 0.09645 0.08677 0.07343 0.06049 0.06742 ( 4)  0.606 +-  0.680
  69 -   0.09589 0.09827 0.10456 0.10717 0.10657 0.10298 0.09645 0.08677 0.07343 0.06049 0.06742 ( 4)  0.606 +-  0.680
  70 -   0.09589 0.09827 0.10456 0.10717 0.10657 0.10298 0.09645 0.08677 0.07343 0.06049 0.06742 ( 4)  0.606 +-  0.680
  71 -   0.09589 0.09827 0.10456 0.10717 0.10657 0.10298 0.09645 0.08677 0.07343 0.06049 0.06742 ( 4)  0.606 +-  0.680
  72 -   0.09589 0.09827 0.10456 0.10717 0.10657 0.10298 0.09645 0.08677 0.07343 0.06049 0.06742 ( 4)  0.606 +-  0.680
  73 -   0.09589 0.09827 0.10456 0.10717 0.10657 0.10298 0.09645 0.08677 0.07343 0.06049 0.06742 ( 4)  0.606 +-  0.680
  74 -   0.09589 0.09827 0.10456 0.10717 0.10657 0.10298 0.09645 0.08677 0.07343 0.06049 0.06742 ( 4)  0.606 +-  0.680
  75 -   0.09589 0.09827 0.10456 0.10717 0.10657 0.10298 0.09645 0.08677 0.07343 0.06049 0.06742 ( 4)  0.606 +-  0.680
  76 -   0.09589 0.09827 0.10456 0.10717 0.10657 0.10298 0.09645 0.08677 0.07343 0.06049 0.06742 ( 4)  0.606 +-  0.680
  77 -   0.09589 0.09827 0.10456 0.10717 0.10657 0.10298 0.09645 0.08677 0.07343 0.06049 0.06742 ( 4)  0.606 +-  0.680
  78 -   0.09589 0.09827 0.10456 0.10717 0.10657 0.10298 0.09645 0.08677 0.07343 0.06049 0.06742 ( 4)  0.606 +-  0.680
  79 -   0.09589 0.09827 0.10456 0.10717 0.10657 0.10298 0.09645 0.08677 0.07343 0.06049 0.06742 ( 4)  0.606 +-  0.680
  80 -   0.09589 0.09827 0.10456 0.10717 0.10657 0.10298 0.09645 0.08677 0.07343 0.06049 0.06742 ( 4)  0.606 +-  0.680
  81 -   0.09589 0.09827 0.10456 0.10717 0.10657 0.10298 0.09645 0.08677 0.07343 0.06049 0.06742 ( 4)  0.606 +-  0.680
  82 -   0.09589 0.09827 0.10456 0.10717 0.10657 0.10298 0.09645 0.08677 0.07343 0.06049 0.06742 ( 4)  0.606 +-  0.680
  83 -   0.09589 0.09827 0.10456 0.10717 0.10657 0.10298 0.09645 0.08677 0.07343 0.06049 0.06742 ( 4)  0.606 +-  0.680
  84 -   0.09589 0.09827 0.10456 0.10717 0.10657 0.10298 0.09645 0.08677 0.07343 0.06049 0.06742 ( 4)  0.606 +-  0.680
  85 -   0.09589 0.09827 0.10456 0.10717 0.10657 0.10298 0.09645 0.08677 0.07343 0.06049 0.06742 ( 4)  0.606 +-  0.680
  86 -   0.09589 0.09827 0.10456 0.10717 0.10657 0.10298 0.09645 0.08677 0.07343 0.06049 0.06742 ( 4)  0.606 +-  0.680
  87 -   0.09589 0.09827 0.10456 0.10717 0.10657 0.10298 0.09645 0.08677 0.07343 0.06049 0.06742 ( 4)  0.606 +-  0.680
  88 -   0.09589 0.09827 0.10456 0.10717 0.10657 0.10298 0.09645 0.08677 0.07343 0.06049 0.06742 ( 4)  0.606 +-  0.680
  89 -   0.09589 0.09827 0.10456 0.10717 0.10657 0.10298 0.09645 0.08677 0.07343 0.06049 0.06742 ( 4)  0.606 +-  0.680
  90 -   0.09589 0.09827 0.10456 0.10717 0.10657 0.10298 0.09645 0.08677 0.07343 0.06049 0.06742 ( 4)  0.606 +-  0.680
  91 -   0.09589 0.09827 0.10456 0.10717 0.10657 0.10298 0.09645 0.08677 0.07343 0.06049 0.06742 ( 4)  0.606 +-  0.680
  92 -   0.09589 0.09827 0.10456 0.10717 0.10657 0.10298 0.09645 0.08677 0.07343 0.06049 0.06742 ( 4)  0.606 +-  0.680
  93 -   0.09589 0.09827 0.10456 0.10717 0.10657 0.10298 0.09645 0.08677 0.07343 0.06049 0.06742 ( 4)  0.606 +-  0.680
  94 -   0.09589 0.09827 0.10456 0.10717 0.10657 0.10298 0.09645 0.08677 0.07343 0.06049 0.06742 ( 4)  0.606 +-  0.680
  95 -   0.09589 0.09827 0.10456 0.10717 0.10657 0.10298 0.09645 0.08677 0.07343 0.06049 0.06742 ( 4)  0.606 +-  0.680
  96 -   0.09589 0.09827 0.10456 0.10717 0.10657 0.10298 0.09645 0.08677 0.07343 0.06049 0.06742 ( 4)  0.606 +-  0.680
  97 -   0.09589 0.09827 0.10456 0.10717 0.10657 0.10298 0.09645 0.08677 0.07343 0.06049 0.06742 ( 4)  0.606 +-  0.680
  98 -   0.09589 0.09827 0.10456 0.10717 0.10657 0.10298 0.09645 0.08677 0.07343 0.06049 0.06742 ( 4)  0.606 +-  0.680
  99 -   0.09589 0.09827 0.10456 0.10717 0.10657 0.10298 0.09645 0.08677 0.07343 0.06049 0.06742 ( 4)  0.606 +-  0.680
 100 -   0.09589 0.09827 0.10456 0.10717 0.10657 0.10298 0.09645 0.08677 0.07343 0.06049 0.06742 ( 4)  0.606 +-  0.680
 101 -   0.09589 0.09827 0.10456 0.10717 0.10657 0.10298 0.09645 0.08677 0.07343 0.06049 0.06742 ( 4)  0.606 +-  0.680
 102 -   0.09589 0.09827 0.10456 0.10717 0.10657 0.10298 0.09645 0.08677 0.07343 0.06049 0.06742 ( 4)  0.606 +-  0.680
 103 -   0.09589 0.09827 0.10456 0.10717 0.10657 0.10298 0.09645 0.08677 0.07343 0.06049 0.06742 ( 4)  0.606 +-  0.680
 104 -   0.09589 0.09827 0.10456 0.10717 0.10657 0.10298 0.09645 0.08677 0.07343 0.06049 0.06742 ( 4)  0.606 +-  0.680
 105 -   0.09589 0.09827 0.10456 0.10717 0.10657 0.10298 0.09645 0.08677 0.07343 0.06049 0.06742 ( 4)  0.606 +-  0.680
 106 -   0.09589 0.09827 0.10456 0.10717 0.10657 0.10298 0.09645 0.08677 0.07343 0.06049 0.06742 ( 4)  0.606 +-  0.680
 107 -   0.09589 0.09827 0.10456 0.10717 0.10657 0.10298 0.09645 0.08677 0.07343 0.06049 0.06742 ( 4)  0.606 +-  0.680
 108 -   0.09589 0.09827 0.10456 0.10717 0.10657 0.10298 0.09645 0.08677 0.07343 0.06049 0.06742 ( 4)  0.606 +-  0.680
 109 -   0.09589 0.09827 0.10456 0.10717 0.10657 0.10298 0.09645 0.08677 0.07343 0.06049 0.06742 ( 4)  0.606 +-  0.680
 110 -   0.09589 0.09827 0.10456 0.10717 0.10657 0.10298 0.09645 0.08677 0.07343 0.06049 0.06742 ( 4)  0.606 +-  0.680
 111 -   0.09589 0.09827 0.10456 0.10717 0.10657 0.10298 0.09645 0.08677 0.07343 0.06049 0.06742 ( 4)  0.606 +-  0.680
 112 -   0.09589 0.09827 0.10456 0.10717 0.10657 0.10298 0.09645 0.08677 0.07343 0.06049 0.06742 ( 4)  0.606 +-  0.680
 113 -   0.09589 0.09827 0.10456 0.10717 0.10657 0.10298 0.09645 0.08677 0.07343 0.06049 0.06742 ( 4)  0.606 +-  0.680
 114 -   0.09589 0.09827 0.10456 0.10717 0.10657 0.10298 0.09645 0.08677 0.07343 0.06049 0.06742 ( 4)  0.606 +-  0.680
 115 -   0.09589 0.09827 0.10456 0.10717 0.10657 0.10298 0.09645 0.08677 0.07343 0.06049 0.06742 ( 4)  0.606 +-  0.680
 116 -   0.09589 0.09827 0.10456 0.10717 0.10657 0.10298 0.09645 0.08677 0.07343 0.06049 0.06742 ( 4)  0.606 +-  0.680
 117 -   0.09589 0.09827 0.10456 0.10717 0.10657 0.10298 0.09645 0.08677 0.07343 0.06049 0.06742 ( 4)  0.606 +-  0.680
 118 -   0.09589 0.09827 0.10456 0.10717 0.10657 0.10298 0.09645 0.08677 0.07343 0.06049 0.06742 ( 4)  0.606 +-  0.680
 119 -   0.09589 0.09827 0.10456 0.10717 0.10657 0.10298 0.09645 0.08677 0.07343 0.06049 0.06742 ( 4)  0.606 +-  0.680
 120 -   0.09589 0.09827 0.10456 0.10717 0.10657 0.10298 0.09645 0.08677 0.07343 0.06049 0.06742 ( 4)  0.606 +-  0.680
 121 -   0.09589 0.09827 0.10456 0.10717 0.10657 0.10298 0.09645 0.08677 0.07343 0.06049 0.06742 ( 4)  0.606 +-  0.680
 122 -   0.09589 0.09827 0.10456 0.10717 0.10657 0.10298 0.09645 0.08677 0.07343 0.06049 0.06742 ( 4)  0.606 +-  0.680
 123 -   0.09589 0.09827 0.10456 0.10717 0.10657 0.10298 0.09645 0.08677 0.07343 0.06049 0.06742 ( 4)  0.606 +-  0.680
 124 -   0.09589 0.09827 0.10456 0.10717 0.10657 0.10298 0.09645 0.08677 0.07343 0.06049 0.06742 ( 4)  0.606 +-  0.680
 125 -   0.09589 0.09827 0.10456 0.10717 0.10657 0.10298 0.09645 0.08677 0.07343 0.06049 0.06742 ( 4)  0.606 +-  0.680
 126 -   0.09589 0.09827 0.10456 0.10717 0.10657 0.10298 0.09645 0.08677 0.07343 0.06049 0.06742 ( 4)  0.606 +-  0.680
 127 -   0.09589 0.09827 0.10456 0.10717 0.10657 0.10298 0.09645 0.08677 0.07343 0.06049 0.06742 ( 4)  0.606 +-  0.680
 128 -   0.09589 0.09827 0.10456 0.10717 0.10657 0.10298 0.09645 0.08677 0.07343 0.06049 0.06742 ( 4)  0.606 +-  0.680
 129 -   0.09589 0.09827 0.10456 0.10717 0.10657 0.10298 0.09645 0.08677 0.07343 0.06049 0.06742 ( 4)  0.606 +-  0.680
 130 -   0.09589 0.09827 0.10456 0.10717 0.10657 0.10298 0.09645 0.08677 0.07343 0.06049 0.06742 ( 4)  0.606 +-  0.680
 131 -   0.09589 0.09827 0.10456 0.10717 0.10657 0.10298 0.09645 0.08677 0.07343 0.06049 0.06742 ( 4)  0.606 +-  0.680
 132 -   0.09589 0.09827 0.10456 0.10717 0.10657 0.10298 0.09645 0.08677 0.07343 0.06049 0.06742 ( 4)  0.606 +-  0.680
 133 -   0.09589 0.09827 0.10456 0.10717 0.10657 0.10298 0.09645 0.08677 0.07343 0.06049 0.06742 ( 4)  0.606 +-  0.680
 134 -   0.09589 0.09827 0.10456 0.10717 0.10657 0.10298 0.09645 0.08677 0.07343 0.06049 0.06742 ( 4)  0.606 +-  0.680
 135 -   0.09589 0.09827 0.10456 0.10717 0.10657 0.10298 0.09645 0.08677 0.07343 0.06049 0.06742 ( 4)  0.606 +-  0.680
 136 -   0.09589 0.09827 0.10456 0.10717 0.10657 0.10298 0.09645 0.08677 0.07343 0.06049 0.06742 ( 4)  0.606 +-  0.680
 137 -   0.09589 0.09827 0.10456 0.10717 0.10657 0.10298 0.09645 0.08677 0.07343 0.06049 0.06742 ( 4)  0.606 +-  0.680
 138 -   0.09589 0.09827 0.10456 0.10717 0.10657 0.10298 0.09645 0.08677 0.07343 0.06049 0.06742 ( 4)  0.606 +-  0.680
 139 -   0.09589 0.09827 0.10456 0.10717 0.10657 0.10298 0.09645 0.08677 0.07343 0.06049 0.06742 ( 4)  0.606 +-  0.680
 140 -   0.09589 0.09827 0.10456 0.10717 0.10657 0.10298 0.09645 0.08677 0.07343 0.06049 0.06742 ( 4)  0.606 +-  0.680
 141 -   0.09589 0.09827 0.10456 0.10717 0.10657 0.10298 0.09645 0.08677 0.07343 0.06049 0.06742 ( 4)  0.606 +-  0.680
 142 -   0.09589 0.09827 0.10456 0.10717 0.10657 0.10298 0.09645 0.08677 0.07343 0.06049 0.06742 ( 4)  0.606 +-  0.680
 143 -   0.09589 0.09827 0.10456 0.10717 0.10657 0.10298 0.09645 0.08677 0.07343 0.06049 0.06742 ( 4)  0.606 +-  0.680
 144 -   0.09589 0.09827 0.10456 0.10717 0.10657 0.10298 0.09645 0.08677 0.07343 0.06049 0.06742 ( 4)  0.606 +-  0.680
 145 -   0.09589 0.09827 0.10456 0.10717 0.10657 0.10298 0.09645 0.08677 0.07343 0.06049 0.06742 ( 4)  0.606 +-  0.680
 146 -   0.09589 0.09827 0.10456 0.10717 0.10657 0.10298 0.09645 0.08677 0.07343 0.06049 0.06742 ( 4)  0.606 +-  0.680
 147 -   0.09589 0.09827 0.10456 0.10717 0.10657 0.10298 0.09645 0.08677 0.07343 0.06049 0.06742 ( 4)  0.606 +-  0.680
 148 -   0.09589 0.09827 0.10456 0.10717 0.10657 0.10298 0.09645 0.08677 0.07343 0.06049 0.06742 ( 4)  0.606 +-  0.680
 149 -   0.09589 0.09827 0.10456 0.10717 0.10657 0.10298 0.09645 0.08677 0.07343 0.06049 0.06742 ( 4)  0.606 +-  0.680
 150 -   0.09589 0.09827 0.10456 0.10717 0.10657 0.10298 0.09645 0.08677 0.07343 0.06049 0.06742 ( 4)  0.606 +-  0.680
 151 -   0.09589 0.09827 0.10456 0.10717 0.10657 0.10298 0.09645 0.08677 0.07343 0.06049 0.06742 ( 4)  0.606 +-  0.680
 152 -   0.09589 0.09827 0.10456 0.10717 0.10657 0.10298 0.09645 0.08677 0.07343 0.06049 0.06742 ( 4)  0.606 +-  0.680
 153 -   0.09589 0.09827 0.10456 0.10717 0.10657 0.10298 0.09645 0.08677 0.07343 0.06049 0.06742 ( 4)  0.606 +-  0.680
 154 -   0.09589 0.09827 0.10456 0.10717 0.10657 0.10298 0.09645 0.08677 0.07343 0.06049 0.06742 ( 4)  0.606 +-  0.680
 155 -   0.09589 0.09827 0.10456 0.10717 0.10657 0.10298 0.09645 0.08677 0.07343 0.06049 0.06742 ( 4)  0.606 +-  0.680
 156 -   0.09589 0.09827 0.10456 0.10717 0.10657 0.10298 0.09645 0.08677 0.07343 0.06049 0.06742 ( 4)  0.606 +-  0.680
 157 -   0.09589 0.09827 0.10456 0.10717 0.10657 0.10298 0.09645 0.08677 0.07343 0.06049 0.06742 ( 4)  0.606 +-  0.680
 158 -   0.09589 0.09827 0.10456 0.10717 0.10657 0.10298 0.09645 0.08677 0.07343 0.06049 0.06742 ( 4)  0.606 +-  0.680
 159 -   0.09589 0.09827 0.10456 0.10717 0.10657 0.10298 0.09645 0.08677 0.07343 0.06049 0.06742 ( 4)  0.606 +-  0.680
 160 -   0.09589 0.09827 0.10456 0.10717 0.10657 0.10298 0.09645 0.08677 0.07343 0.06049 0.06742 ( 4)  0.606 +-  0.680
 161 -   0.09589 0.09827 0.10456 0.10717 0.10657 0.10298 0.09645 0.08677 0.07343 0.06049 0.06742 ( 4)  0.606 +-  0.680
 162 -   0.09589 0.09827 0.10456 0.10717 0.10657 0.10298 0.09645 0.08677 0.07343 0.06049 0.06742 ( 4)  0.606 +-  0.680
 163 -   0.09589 0.09827 0.10456 0.10717 0.10657 0.10298 0.09645 0.08677 0.07343 0.06049 0.06742 ( 4)  0.606 +-  0.680
 164 -   0.09589 0.09827 0.10456 0.10717 0.10657 0.10298 0.09645 0.08677 0.07343 0.06049 0.06742 ( 4)  0.606 +-  0.680
 165 -   0.09589 0.09827 0.10456 0.10717 0.10657 0.10298 0.09645 0.08677 0.07343 0.06049 0.06742 ( 4)  0.606 +-  0.680
 166 -   0.09589 0.09827 0.10456 0.10717 0.10657 0.10298 0.09645 0.08677 0.07343 0.06049 0.06742 ( 4)  0.606 +-  0.680
 167 -   0.09589 0.09827 0.10456 0.10717 0.10657 0.10298 0.09645 0.08677 0.07343 0.06049 0.06742 ( 4)  0.606 +-  0.680
 168 -   0.09589 0.09827 0.10456 0.10717 0.10657 0.10298 0.09645 0.08677 0.07343 0.06049 0.06742 ( 4)  0.606 +-  0.680
 169 -   0.09589 0.09827 0.10456 0.10717 0.10657 0.10298 0.09645 0.08677 0.07343 0.06049 0.06742 ( 4)  0.606 +-  0.680
 170 -   0.09589 0.09827 0.10456 0.10717 0.10657 0.10298 0.09645 0.08677 0.07343 0.06049 0.06742 ( 4)  0.606 +-  0.680
 171 -   0.09589 0.09827 0.10456 0.10717 0.10657 0.10298 0.09645 0.08677 0.07343 0.06049 0.06742 ( 4)  0.606 +-  0.680
 172 -   0.09589 0.09827 0.10456 0.10717 0.10657 0.10298 0.09645 0.08677 0.07343 0.06049 0.06742 ( 4)  0.606 +-  0.680
 173 -   0.09589 0.09827 0.10456 0.10717 0.10657 0.10298 0.09645 0.08677 0.07343 0.06049 0.06742 ( 4)  0.606 +-  0.680
 174 -   0.09589 0.09827 0.10456 0.10717 0.10657 0.10298 0.09645 0.08677 0.07343 0.06049 0.06742 ( 4)  0.606 +-  0.680
 175 -   0.09589 0.09827 0.10456 0.10717 0.10657 0.10298 0.09645 0.08677 0.07343 0.06049 0.06742 ( 4)  0.606 +-  0.680
 176 -   0.09589 0.09827 0.10456 0.10717 0.10657 0.10298 0.09645 0.08677 0.07343 0.06049 0.06742 ( 4)  0.606 +-  0.680
 177 -   0.09589 0.09827 0.10456 0.10717 0.10657 0.10298 0.09645 0.08677 0.07343 0.06049 0.06742 ( 4)  0.606 +-  0.680
 178 -   0.09589 0.09827 0.10456 0.10717 0.10657 0.10298 0.09645 0.08677 0.07343 0.06049 0.06742 ( 4)  0.606 +-  0.680
 179 -   0.09589 0.09827 0.10456 0.10717 0.10657 0.10298 0.09645 0.08677 0.07343 0.06049 0.06742 ( 4)  0.606 +-  0.680
 180 -   0.09589 0.09827 0.10456 0.10717 0.10657 0.10298 0.09645 0.08677 0.07343 0.06049 0.06742 ( 4)  0.606 +-  0.680
 181 -   0.09589 0.09827 0.10456 0.10717 0.10657 0.10298 0.09645 0.08677 0.07343 0.06049 0.06742 ( 4)  0.606 +-  0.680
 182 M   0.16065 0.14647 0.13765 0.12449 0.10921 0.09314 0.07702 0.06122 0.04582 0.03333 0.01100 ( 1)  0.394 +-  0.296
 183 D   0.13768 0.13055 0.12811 0.12103 0.11093 0.09882 0.08534 0.07083 0.05533 0.04210 0.01926 ( 1)  0.436 +-  0.339
 184 V   0.15514 0.14262 0.13533 0.12363 0.10961 0.09451 0.07903 0.06355 0.04813 0.03546 0.01299 ( 1)  0.404 +-  0.307
 185 G   0.13160 0.12610 0.12515 0.11962 0.11093 0.10000 0.08741 0.07343 0.05806 0.04473 0.02298 ( 1)  0.451 +-  0.362
 186 F   0.00133 0.01117 0.02988 0.05436 0.08093 0.10584 0.12540 0.13593 0.13336 0.12138 0.20042 (11)  1.017 +-  0.875
 187 L   0.01460 0.04135 0.06828 0.09145 0.10929 0.12078 0.12516 0.12170 0.10938 0.09469 0.10331 ( 7)  0.758 +-  0.643
 188 G   0.01844 0.04998 0.07951 0.10274 0.11851 0.12649 0.12666 0.11909 0.10363 0.08754 0.06739 ( 7)  0.663 +-  0.475
 189 L   0.13813 0.13076 0.12812 0.12089 0.11070 0.09857 0.08511 0.07064 0.05521 0.04204 0.01983 ( 1)  0.437 +-  0.346
 190 P   0.01264 0.03662 0.06163 0.08413 0.10243 0.11532 0.12171 0.12051 0.11024 0.09682 0.13795 (11)  0.858 +-  0.829
 191 D   0.14028 0.13234 0.12917 0.12139 0.11070 0.09815 0.08438 0.06973 0.05426 0.04111 0.01847 ( 1)  0.431 +-  0.337
 192 V   0.01918 0.05157 0.08150 0.10463 0.11993 0.12721 0.12660 0.11833 0.10237 0.08610 0.06257 ( 6)  0.651 +-  0.453
 193 S   0.13272 0.12697 0.12579 0.11998 0.11103 0.09986 0.08707 0.07295 0.05753 0.04419 0.02190 ( 1)  0.447 +-  0.354
 194 Q   0.14491 0.13564 0.13125 0.12228 0.11052 0.09712 0.08275 0.06777 0.05226 0.03923 0.01627 ( 1)  0.422 +-  0.324
 195 S   0.01613 0.04488 0.07302 0.09639 0.11356 0.12373 0.12642 0.12122 0.10748 0.09207 0.08511 ( 7)  0.709 +-  0.553
 196 H   0.01621 0.04507 0.07326 0.09664 0.11377 0.12386 0.12646 0.12117 0.10736 0.09192 0.08428 ( 7)  0.707 +-  0.550
 197 S   0.01886 0.05089 0.08068 0.10387 0.11941 0.12700 0.12672 0.11874 0.10297 0.08675 0.06412 ( 6)  0.655 +-  0.458
 198 R   0.01840 0.04988 0.07939 0.10261 0.11842 0.12644 0.12666 0.11914 0.10372 0.08764 0.06770 ( 7)  0.664 +-  0.476
 199 T   0.14729 0.13728 0.13223 0.12263 0.11034 0.09653 0.08189 0.06678 0.05127 0.03832 0.01544 ( 1)  0.417 +-  0.320
 200 L   0.12685 0.12266 0.12291 0.11859 0.11100 0.10099 0.08906 0.07547 0.06018 0.04676 0.02553 ( 1)  0.461 +-  0.374
 201 W   0.01742 0.04774 0.07668 0.10000 0.11641 0.12536 0.12663 0.12009 0.10537 0.08956 0.07475 ( 7)  0.683 +-  0.508
 202 G   0.15085 0.13963 0.13352 0.12296 0.10990 0.09555 0.08058 0.06535 0.04992 0.03711 0.01463 ( 1)  0.412 +-  0.317
 203 T   0.01488 0.04194 0.06898 0.09208 0.10969 0.12086 0.12490 0.12115 0.10865 0.09394 0.10293 ( 7)  0.758 +-  0.653
 204 R   0.14549 0.13589 0.13124 0.12209 0.11024 0.09682 0.08249 0.06758 0.05215 0.03919 0.01682 ( 1)  0.422 +-  0.329
 205 G   0.14395 0.13488 0.13070 0.12196 0.11045 0.09726 0.08307 0.06821 0.05274 0.03971 0.01708 ( 1)  0.424 +-  0.330
 206 R   0.15026 0.13934 0.13347 0.12308 0.11012 0.09580 0.08082 0.06554 0.05004 0.03719 0.01434 ( 1)  0.412 +-  0.314
 207 G   0.14291 0.13414 0.13024 0.12177 0.11050 0.09750 0.08343 0.06864 0.05318 0.04013 0.01756 ( 1)  0.427 +-  0.332
 208 P   0.14258 0.13395 0.13016 0.12178 0.11057 0.09761 0.08356 0.06877 0.05329 0.04021 0.01751 ( 1)  0.427 +-  0.332
 209 T   0.00137 0.01146 0.03053 0.05531 0.08203 0.10690 0.12621 0.13635 0.13336 0.12108 0.19540 (11)  1.006 +-  0.866
 210 I   0.01717 0.04720 0.07603 0.09940 0.11600 0.12521 0.12676 0.12046 0.10588 0.09011 0.07579 ( 7)  0.685 +-  0.509
 211 R   0.13048 0.12529 0.12461 0.11936 0.11093 0.10022 0.08778 0.07390 0.05856 0.04521 0.02366 ( 1)  0.453 +-  0.366
 212 R   0.14284 0.13409 0.13017 0.12169 0.11040 0.09740 0.08335 0.06858 0.05315 0.04013 0.01821 ( 1)  0.428 +-  0.341
 213 Q   0.14491 0.13564 0.13125 0.12228 0.11052 0.09712 0.08275 0.06777 0.05226 0.03923 0.01627 ( 1)  0.422 +-  0.324
 214 R   0.14420 0.13498 0.13068 0.12186 0.11030 0.09711 0.08294 0.06812 0.05270 0.03970 0.01740 ( 1)  0.425 +-  0.333
 215 E   0.15539 0.14284 0.13550 0.12374 0.10965 0.09447 0.07894 0.06342 0.04798 0.03531 0.01276 ( 1)  0.403 +-  0.306
 216 F   0.14416 0.13518 0.13105 0.12228 0.11069 0.09738 0.08305 0.06807 0.05251 0.03944 0.01620 ( 1)  0.422 +-  0.322
 217 M   0.02192 0.05730 0.08845 0.11097 0.12437 0.12902 0.12565 0.11496 0.09746 0.08073 0.04918 ( 6)  0.616 +-  0.397
 218 P   0.12772 0.12316 0.12308 0.11849 0.11070 0.10057 0.08860 0.07503 0.05983 0.04649 0.02632 ( 1)  0.463 +-  0.386
 219 E   0.12513 0.12141 0.12207 0.11818 0.11099 0.10131 0.08963 0.07619 0.06094 0.04750 0.02667 ( 1)  0.466 +-  0.381
 220 E   0.02013 0.05352 0.08381 0.10665 0.12124 0.12758 0.12603 0.11697 0.10055 0.08420 0.05934 ( 6)  0.642 +-  0.447
 221 K   0.14835 0.13808 0.13278 0.12291 0.11037 0.09634 0.08153 0.06631 0.05077 0.03784 0.01473 ( 1)  0.415 +-  0.315
 222 K   0.14835 0.13808 0.13278 0.12291 0.11037 0.09634 0.08153 0.06631 0.05077 0.03784 0.01473 ( 1)  0.415 +-  0.315
 223 D   0.15032 0.13940 0.13353 0.12312 0.11015 0.09580 0.08080 0.06550 0.04999 0.03714 0.01426 ( 1)  0.412 +-  0.313
 224 T   0.12956 0.12456 0.12406 0.11902 0.11080 0.10029 0.08802 0.07426 0.05898 0.04564 0.02481 ( 1)  0.457 +-  0.376
 225 V   0.13424 0.12805 0.12646 0.12026 0.11095 0.09951 0.08652 0.07230 0.05687 0.04358 0.02126 ( 1)  0.444 +-  0.351
 226 Y   0.13768 0.13058 0.12815 0.12108 0.11097 0.09886 0.08536 0.07083 0.05532 0.04208 0.01909 ( 1)  0.435 +-  0.338
 227 W   0.14136 0.13318 0.12977 0.12174 0.11079 0.09801 0.08405 0.06927 0.05374 0.04060 0.01751 ( 1)  0.428 +-  0.330
 228 E   0.15539 0.14284 0.13550 0.12374 0.10965 0.09447 0.07894 0.06342 0.04798 0.03531 0.01276 ( 1)  0.403 +-  0.306
 229 K   0.14835 0.13808 0.13278 0.12291 0.11037 0.09634 0.08153 0.06631 0.05077 0.03784 0.01473 ( 1)  0.415 +-  0.315
 230 R   0.14549 0.13589 0.13124 0.12209 0.11024 0.09682 0.08249 0.06758 0.05215 0.03919 0.01682 ( 1)  0.422 +-  0.329
 231 R   0.14436 0.13521 0.13093 0.12209 0.11048 0.09720 0.08293 0.06802 0.05253 0.03950 0.01675 ( 1)  0.423 +-  0.327
 232 K   0.14835 0.13808 0.13278 0.12291 0.11037 0.09634 0.08153 0.06631 0.05077 0.03784 0.01473 ( 1)  0.415 +-  0.315
 233 N   0.14400 0.13506 0.13096 0.12224 0.11068 0.09741 0.08311 0.06814 0.05259 0.03951 0.01629 ( 1)  0.423 +-  0.323
 234 N   0.13247 0.12682 0.12572 0.11999 0.11109 0.09996 0.08719 0.07306 0.05763 0.04427 0.02179 ( 1)  0.447 +-  0.352
 235 E   0.15290 0.14112 0.13448 0.12338 0.10985 0.09510 0.07984 0.06445 0.04900 0.03624 0.01363 ( 1)  0.408 +-  0.311
 236 A   0.12880 0.12395 0.12361 0.11875 0.11071 0.10038 0.08825 0.07459 0.05936 0.04603 0.02558 ( 1)  0.460 +-  0.381
 237 A   0.14691 0.13691 0.13188 0.12236 0.11019 0.09651 0.08199 0.06698 0.05154 0.03861 0.01613 ( 1)  0.419 +-  0.325
 238 K   0.01899 0.05117 0.08100 0.10415 0.11958 0.12703 0.12662 0.11853 0.10270 0.08647 0.06377 ( 6)  0.654 +-  0.458
 239 R   0.12119 0.11844 0.12000 0.11708 0.11081 0.10193 0.09087 0.07784 0.06274 0.04927 0.02980 ( 1)  0.477 +-  0.401
 240 S   0.14564 0.13616 0.13159 0.12242 0.11050 0.09696 0.08249 0.06746 0.05193 0.03892 0.01592 ( 1)  0.420 +-  0.322
 241 R   0.14172 0.13213 0.12775 0.11938 0.10868 0.09655 0.08347 0.06959 0.05480 0.04207 0.02388 ( 1)  0.443 +-  0.380
 242 E   0.12513 0.12141 0.12207 0.11818 0.11099 0.10131 0.08963 0.07619 0.06094 0.04750 0.02667 ( 1)  0.466 +-  0.381
 243 K   0.14835 0.13808 0.13278 0.12291 0.11037 0.09634 0.08153 0.06631 0.05077 0.03784 0.01473 ( 1)  0.415 +-  0.315
 244 R   0.11962 0.11711 0.11890 0.11629 0.11038 0.10186 0.09115 0.07839 0.06346 0.05006 0.03279 ( 1)  0.487 +-  0.428
 245 R   0.13048 0.12529 0.12461 0.11936 0.11093 0.10022 0.08778 0.07390 0.05856 0.04521 0.02366 ( 1)  0.453 +-  0.366
 246 R   0.01817 0.04931 0.07857 0.10168 0.11752 0.12570 0.12618 0.11897 0.10383 0.08794 0.07214 ( 7)  0.676 +-  0.508
 247 N   0.13552 0.12898 0.12707 0.12054 0.11094 0.09925 0.08608 0.07176 0.05630 0.04303 0.02053 ( 1)  0.441 +-  0.347
 248 D   0.13768 0.13055 0.12811 0.12103 0.11093 0.09882 0.08534 0.07083 0.05533 0.04210 0.01926 ( 1)  0.436 +-  0.339
 249 A   0.12880 0.12395 0.12361 0.11875 0.11071 0.10038 0.08825 0.07459 0.05936 0.04603 0.02558 ( 1)  0.460 +-  0.381
 250 A   0.14691 0.13691 0.13188 0.12236 0.11019 0.09651 0.08199 0.06698 0.05154 0.03861 0.01613 ( 1)  0.419 +-  0.325
 251 I   0.01595 0.04448 0.07248 0.09583 0.11308 0.12339 0.12628 0.12127 0.10769 0.09236 0.08718 ( 7)  0.715 +-  0.565
 252 E   0.15539 0.14284 0.13550 0.12374 0.10965 0.09447 0.07894 0.06342 0.04798 0.03531 0.01276 ( 1)  0.403 +-  0.306
 253 G   0.01844 0.04998 0.07951 0.10274 0.11851 0.12649 0.12666 0.11909 0.10363 0.08754 0.06739 ( 7)  0.663 +-  0.475
 254 R   0.15026 0.13934 0.13347 0.12308 0.11012 0.09580 0.08082 0.06554 0.05004 0.03719 0.01434 ( 1)  0.412 +-  0.314
 255 L   0.13831 0.13090 0.12821 0.12094 0.11072 0.09855 0.08506 0.07058 0.05514 0.04196 0.01962 ( 1)  0.436 +-  0.344
 256 A   0.13684 0.12984 0.12753 0.12063 0.11074 0.09885 0.08556 0.07120 0.05578 0.04258 0.02046 ( 1)  0.440 +-  0.349
 257 A   0.12141 0.11857 0.12004 0.11704 0.11072 0.10181 0.09074 0.07771 0.06264 0.04919 0.03012 ( 1)  0.478 +-  0.406
 258 L   0.14136 0.13308 0.12961 0.12156 0.11063 0.09790 0.08400 0.06929 0.05382 0.04071 0.01804 ( 1)  0.429 +-  0.334
 259 M   0.02166 0.05677 0.08781 0.11039 0.12397 0.12887 0.12575 0.11528 0.09791 0.08122 0.05037 ( 6)  0.619 +-  0.403
 260 E   0.15539 0.14284 0.13550 0.12374 0.10965 0.09447 0.07894 0.06342 0.04798 0.03531 0.01276 ( 1)  0.403 +-  0.306
 261 E   0.15539 0.14284 0.13550 0.12374 0.10965 0.09447 0.07894 0.06342 0.04798 0.03531 0.01276 ( 1)  0.403 +-  0.306
 262 N   0.13548 0.12895 0.12705 0.12053 0.11094 0.09926 0.08610 0.07177 0.05632 0.04305 0.02056 ( 1)  0.441 +-  0.347
 263 A   0.01881 0.05077 0.08048 0.10363 0.11915 0.12677 0.12655 0.11864 0.10296 0.08680 0.06544 ( 6)  0.658 +-  0.468
 264 L   0.14136 0.13308 0.12961 0.12156 0.11063 0.09790 0.08400 0.06929 0.05382 0.04071 0.01804 ( 1)  0.429 +-  0.334
 265 L   0.14644 0.13667 0.13184 0.12245 0.11036 0.09671 0.08219 0.06714 0.05165 0.03868 0.01587 ( 1)  0.419 +-  0.322
 266 R   0.01931 0.05181 0.08171 0.10471 0.11985 0.12696 0.12624 0.11792 0.10199 0.08579 0.06372 ( 6)  0.654 +-  0.465
 267 D   0.00092 0.00804 0.02229 0.04199 0.06472 0.08760 0.10739 0.12043 0.12221 0.11503 0.30939 (11)  1.330 +-  1.231
 268 E   0.15539 0.14284 0.13550 0.12374 0.10965 0.09447 0.07894 0.06342 0.04798 0.03531 0.01276 ( 1)  0.403 +-  0.306
 269 L   0.14136 0.13308 0.12961 0.12156 0.11063 0.09790 0.08400 0.06929 0.05382 0.04071 0.01804 ( 1)  0.429 +-  0.334
 270 R   0.01249 0.03526 0.05820 0.07853 0.09522 0.10745 0.11435 0.11470 0.10671 0.09548 0.18161 (11)  0.968 +-  0.970
 271 A   0.15423 0.14189 0.13478 0.12331 0.10953 0.09464 0.07935 0.06399 0.04861 0.03594 0.01374 ( 1)  0.406 +-  0.313
 272 L   0.14644 0.13667 0.13184 0.12245 0.11036 0.09671 0.08219 0.06714 0.05165 0.03868 0.01587 ( 1)  0.419 +-  0.322
 273 K   0.14835 0.13808 0.13278 0.12291 0.11037 0.09634 0.08153 0.06631 0.05077 0.03784 0.01473 ( 1)  0.415 +-  0.315
 274 L   0.13337 0.12741 0.12605 0.12007 0.11096 0.09969 0.08682 0.07267 0.05726 0.04395 0.02176 ( 1)  0.446 +-  0.354
 275 R   0.01813 0.04929 0.07866 0.10192 0.11789 0.12617 0.12668 0.11942 0.10417 0.08816 0.06951 ( 7)  0.669 +-  0.485
 276 F   0.13250 0.12685 0.12574 0.12001 0.11110 0.09996 0.08718 0.07305 0.05761 0.04426 0.02175 ( 1)  0.447 +-  0.352
 277 G   0.14395 0.13488 0.13070 0.12196 0.11045 0.09726 0.08307 0.06821 0.05274 0.03971 0.01708 ( 1)  0.424 +-  0.330
 278 L   0.00138 0.01153 0.03071 0.05561 0.08243 0.10735 0.12666 0.13674 0.13364 0.12125 0.19269 (11)  0.998 +-  0.853
 279 L   0.14136 0.13308 0.12961 0.12156 0.11063 0.09790 0.08400 0.06929 0.05382 0.04071 0.01804 ( 1)  0.429 +-  0.334
 280 P   0.01179 0.03505 0.06022 0.08359 0.10318 0.11741 0.12493 0.12441 0.11420 0.10026 0.12497 (11)  0.815 +-  0.711
 281 L   0.01789 0.04877 0.07797 0.10123 0.11733 0.12582 0.12658 0.11957 0.10451 0.08859 0.07173 ( 7)  0.675 +-  0.498
 282 T   0.13841 0.13098 0.12827 0.12096 0.11070 0.09850 0.08499 0.07050 0.05507 0.04190 0.01972 ( 1)  0.436 +-  0.346
 283 G   0.13160 0.12610 0.12515 0.11962 0.11093 0.10000 0.08741 0.07343 0.05806 0.04473 0.02298 ( 1)  0.451 +-  0.362
 284 G   0.14916 0.13852 0.13289 0.12275 0.11003 0.09592 0.08111 0.06595 0.05051 0.03767 0.01551 ( 1)  0.416 +-  0.325
 285 P   0.14520 0.13572 0.13117 0.12209 0.11030 0.09692 0.08260 0.06769 0.05224 0.03927 0.01680 ( 1)  0.423 +-  0.329
 286 Q   0.00122 0.01029 0.02761 0.05042 0.07541 0.09916 0.11822 0.12906 0.12764 0.11735 0.24362 (11)  1.149 +-  1.067
 287 A   0.14418 0.13507 0.13085 0.12205 0.11048 0.09723 0.08299 0.06810 0.05261 0.03958 0.01685 ( 1)  0.424 +-  0.328
 288 L   0.01444 0.04097 0.06776 0.09092 0.10883 0.12046 0.12501 0.12174 0.10957 0.09495 0.10536 ( 7)  0.763 +-  0.653
 289 P   0.14520 0.13572 0.13117 0.12209 0.11030 0.09692 0.08260 0.06769 0.05224 0.03927 0.01680 ( 1)  0.423 +-  0.329
 290 L   0.14136 0.13308 0.12961 0.12156 0.11063 0.09790 0.08400 0.06929 0.05382 0.04071 0.01804 ( 1)  0.429 +-  0.334
 291 Q   0.14491 0.13564 0.13125 0.12228 0.11052 0.09712 0.08275 0.06777 0.05226 0.03923 0.01627 ( 1)  0.422 +-  0.324
 292 A   0.01783 0.04864 0.07782 0.10111 0.11727 0.12583 0.12666 0.11970 0.10468 0.08875 0.07172 ( 7)  0.675 +-  0.495
 293 L   0.01744 0.04774 0.07659 0.09978 0.11607 0.12495 0.12621 0.11971 0.10508 0.08938 0.07706 ( 7)  0.689 +-  0.528
 294 L   0.11575 0.11428 0.11700 0.11537 0.11037 0.10261 0.09247 0.08005 0.06522 0.05176 0.03512 ( 3)  0.496 +-  0.437
 295 W   0.01722 0.04730 0.07611 0.09943 0.11595 0.12508 0.12658 0.12024 0.10567 0.08993 0.07648 ( 7)  0.687 +-  0.517
 296 E   0.12513 0.12141 0.12207 0.11818 0.11099 0.10131 0.08963 0.07619 0.06094 0.04750 0.02667 ( 1)  0.466 +-  0.381
 297 A   0.01647 0.04563 0.07395 0.09728 0.11421 0.12402 0.12633 0.12078 0.10681 0.09132 0.08320 ( 7)  0.705 +-  0.550
 298 P   0.14520 0.13572 0.13117 0.12209 0.11030 0.09692 0.08260 0.06769 0.05224 0.03927 0.01680 ( 1)  0.423 +-  0.329
 299 W   0.14136 0.13318 0.12977 0.12174 0.11079 0.09801 0.08405 0.06927 0.05374 0.04060 0.01751 ( 1)  0.428 +-  0.330
 300 T   0.13452 0.12826 0.12661 0.12034 0.11097 0.09947 0.08644 0.07218 0.05674 0.04345 0.02101 ( 1)  0.443 +-  0.350
 301 G   0.15044 0.13935 0.13335 0.12289 0.10993 0.09565 0.08073 0.06552 0.05009 0.03727 0.01479 ( 1)  0.413 +-  0.318
 302 D   0.15032 0.13940 0.13353 0.12312 0.11015 0.09580 0.08080 0.06550 0.04999 0.03714 0.01426 ( 1)  0.412 +-  0.313
 303 H   0.00124 0.01048 0.02808 0.05120 0.07645 0.10036 0.11944 0.13015 0.12846 0.11787 0.23626 (11)  1.129 +-  1.044
 304 H   0.00108 0.00920 0.02488 0.04582 0.06915 0.09177 0.11046 0.12179 0.12172 0.11328 0.29083 (11)  1.297 +-  1.241
 305 P   0.13256 0.12678 0.12557 0.11978 0.11087 0.09977 0.08705 0.07301 0.05764 0.04434 0.02262 ( 1)  0.449 +-  0.361
 306 A   0.01913 0.05134 0.08101 0.10389 0.11905 0.12630 0.12581 0.11776 0.10209 0.08607 0.06755 ( 6)  0.664 +-  0.492
 307 A   0.13382 0.12769 0.12617 0.12006 0.11085 0.09952 0.08662 0.07247 0.05709 0.04381 0.02190 ( 1)  0.446 +-  0.357
 308 E   0.12513 0.12141 0.12207 0.11818 0.11099 0.10131 0.08963 0.07619 0.06094 0.04750 0.02667 ( 1)  0.466 +-  0.381
 309 A   0.01320 0.03800 0.06362 0.08638 0.10462 0.11716 0.12300 0.12116 0.11026 0.09642 0.12616 (11)  0.823 +-  0.764
 310 L   0.14265 0.13398 0.13014 0.12174 0.11052 0.09756 0.08352 0.06874 0.05327 0.04021 0.01765 ( 1)  0.427 +-  0.333
 311 S   0.12545 0.12153 0.12203 0.11802 0.11076 0.10105 0.08939 0.07600 0.06083 0.04744 0.02749 ( 1)  0.468 +-  0.392
 312 S   0.00138 0.01160 0.03093 0.05606 0.08316 0.10834 0.12785 0.13801 0.13483 0.12219 0.18565 (11)  0.976 +-  0.811
 313 L   0.12685 0.12266 0.12291 0.11859 0.11100 0.10099 0.08906 0.07547 0.06018 0.04676 0.02553 ( 1)  0.461 +-  0.374
 314 S   0.13272 0.12697 0.12579 0.11998 0.11103 0.09986 0.08707 0.07295 0.05753 0.04419 0.02190 ( 1)  0.447 +-  0.354
 315 G   0.01639 0.04543 0.07366 0.09695 0.11389 0.12377 0.12617 0.12074 0.10687 0.09145 0.08466 ( 7)  0.708 +-  0.558
 316 S   0.01682 0.04638 0.07485 0.09809 0.11476 0.12421 0.12612 0.12024 0.10605 0.09053 0.08194 ( 7)  0.702 +-  0.552
 317 H   0.14922 0.13864 0.13307 0.12296 0.11023 0.09607 0.08119 0.06596 0.05045 0.03755 0.01465 ( 1)  0.414 +-  0.315
 318 S   0.00116 0.00987 0.02674 0.04925 0.07425 0.09835 0.11803 0.12961 0.12883 0.11882 0.24509 (11)  1.146 +-  1.049
 319 C   0.14457 0.13544 0.13117 0.12230 0.11061 0.09725 0.08289 0.06790 0.05236 0.03931 0.01620 ( 1)  0.422 +-  0.323
 320 L   0.01792 0.04885 0.07808 0.10136 0.11746 0.12593 0.12666 0.11961 0.10451 0.08856 0.07107 ( 7)  0.673 +-  0.492
 321 L   0.11022 0.10998 0.11384 0.11350 0.10977 0.10317 0.09398 0.08224 0.06771 0.05430 0.04130 ( 3)  0.517 +-  0.478
 322 R   0.15026 0.13934 0.13347 0.12308 0.11012 0.09580 0.08082 0.06554 0.05004 0.03719 0.01434 ( 1)  0.412 +-  0.314
 323 P   0.12057 0.11793 0.11959 0.11679 0.11067 0.10193 0.09099 0.07806 0.06302 0.04957 0.03088 ( 1)  0.481 +-  0.411
 324 C   0.00004 0.00110 0.00505 0.01324 0.02609 0.04290 0.06179 0.07952 0.09102 0.09570 0.58354 (11)  2.085 +-  1.594
 325 S   0.14564 0.13616 0.13159 0.12242 0.11050 0.09696 0.08249 0.06746 0.05193 0.03892 0.01592 ( 1)  0.420 +-  0.322
 326 L   0.13617 0.12936 0.12723 0.12051 0.11078 0.09901 0.08581 0.07149 0.05608 0.04286 0.02071 ( 1)  0.441 +-  0.350
 327 D   0.13768 0.13055 0.12811 0.12103 0.11093 0.09882 0.08534 0.07083 0.05533 0.04210 0.01926 ( 1)  0.436 +-  0.339
 328 A   0.13382 0.12769 0.12617 0.12006 0.11085 0.09952 0.08662 0.07247 0.05709 0.04381 0.02190 ( 1)  0.446 +-  0.357
 329 G   0.15085 0.13963 0.13352 0.12296 0.10990 0.09555 0.08058 0.06535 0.04992 0.03711 0.01463 ( 1)  0.412 +-  0.317
 330 V   0.00093 0.00811 0.02247 0.04230 0.06515 0.08811 0.10793 0.12093 0.12261 0.11530 0.30615 (11)  1.321 +-  1.224
 331 P   0.01300 0.03755 0.06304 0.08581 0.10418 0.11692 0.12302 0.12141 0.11069 0.09692 0.12746 (11)  0.825 +-  0.761
 332 G   0.11861 0.11645 0.11855 0.11623 0.11056 0.10222 0.09161 0.07888 0.06392 0.05046 0.03251 ( 1)  0.487 +-  0.420
 333 C   0.13531 0.12881 0.12695 0.12047 0.11092 0.09928 0.08615 0.07184 0.05640 0.04313 0.02073 ( 1)  0.442 +-  0.349
 334 R   0.01789 0.04865 0.07762 0.10062 0.11652 0.12491 0.12571 0.11886 0.10405 0.08838 0.07680 ( 7)  0.688 +-  0.536
 335 G   0.01835 0.04978 0.07927 0.10251 0.11834 0.12641 0.12667 0.11919 0.10379 0.08772 0.06795 ( 7)  0.665 +-  0.477
 336 C   0.14179 0.13347 0.12994 0.12179 0.11074 0.09789 0.08388 0.06908 0.05356 0.04043 0.01742 ( 1)  0.427 +-  0.329
 337 L   0.14136 0.13308 0.12961 0.12156 0.11063 0.09790 0.08400 0.06929 0.05382 0.04071 0.01804 ( 1)  0.429 +-  0.334
 338 L   0.14136 0.13308 0.12961 0.12156 0.11063 0.09790 0.08400 0.06929 0.05382 0.04071 0.01804 ( 1)  0.429 +-  0.334
 339 A   0.13403 0.12784 0.12627 0.12010 0.11085 0.09948 0.08655 0.07239 0.05699 0.04372 0.02178 ( 1)  0.445 +-  0.356
 340 P   0.14520 0.13572 0.13117 0.12209 0.11030 0.09692 0.08260 0.06769 0.05224 0.03927 0.01680 ( 1)  0.423 +-  0.329
 341 R   0.12746 0.12301 0.12303 0.11851 0.11079 0.10070 0.08874 0.07516 0.05994 0.04657 0.02610 ( 1)  0.462 +-  0.383
 342 W   0.14136 0.13318 0.12977 0.12174 0.11079 0.09801 0.08405 0.06927 0.05374 0.04060 0.01751 ( 1)  0.428 +-  0.330
 343 T   0.13422 0.12805 0.12648 0.12028 0.11098 0.09953 0.08654 0.07231 0.05687 0.04357 0.02117 ( 1)  0.444 +-  0.351
 344 G   0.01800 0.04895 0.07810 0.10121 0.11714 0.12548 0.12615 0.11911 0.10411 0.08828 0.07346 ( 7)  0.679 +-  0.513
 345 L   0.12654 0.12230 0.12250 0.11818 0.11065 0.10072 0.08890 0.07543 0.06026 0.04691 0.02761 ( 1)  0.468 +-  0.401
 346 A   0.14418 0.13507 0.13085 0.12205 0.11048 0.09723 0.08299 0.06810 0.05261 0.03958 0.01685 ( 1)  0.424 +-  0.328
 347 T   0.00113 0.00972 0.02644 0.04890 0.07401 0.09836 0.11840 0.13037 0.12988 0.11990 0.24288 (11)  1.134 +-  1.020
 348 S   0.13553 0.12896 0.12704 0.12050 0.11090 0.09922 0.08606 0.07175 0.05631 0.04305 0.02069 ( 1)  0.441 +-  0.349
 349 -   0.12745 0.12293 0.12290 0.11836 0.11064 0.10057 0.08865 0.07513 0.05995 0.04662 0.02681 ( 1)  0.464 +-  0.391
 350 R   0.01944 0.05209 0.08208 0.10509 0.12017 0.12717 0.12632 0.11785 0.10181 0.08556 0.06242 ( 6)  0.650 +-  0.457
 351 S   0.14564 0.13616 0.13159 0.12242 0.11050 0.09696 0.08249 0.06746 0.05193 0.03892 0.01592 ( 1)  0.420 +-  0.322
 352 S   0.01696 0.04665 0.07514 0.09829 0.11482 0.12412 0.12592 0.11996 0.10575 0.09026 0.08213 ( 7)  0.702 +-  0.553
 353 P   0.00733 0.02355 0.04324 0.06382 0.08346 0.10031 0.11245 0.11768 0.11322 0.10330 0.23164 (11)  1.124 +-  1.134
 354 E   0.02005 0.05341 0.08375 0.10671 0.12142 0.12786 0.12635 0.11728 0.10081 0.08438 0.05800 ( 6)  0.639 +-  0.434
 355 S   0.01561 0.04370 0.07144 0.09477 0.11217 0.12279 0.12604 0.12142 0.10814 0.09296 0.09094 ( 7)  0.725 +-  0.583
 356 A   0.12141 0.11857 0.12004 0.11704 0.11072 0.10181 0.09074 0.07771 0.06264 0.04919 0.03012 ( 1)  0.478 +-  0.406
 357 S   0.00096 0.00837 0.02308 0.04323 0.06629 0.08927 0.10891 0.12156 0.12281 0.11516 0.30036 (11)  1.310 +-  1.225
 358 P   0.13256 0.12678 0.12557 0.11978 0.11087 0.09977 0.08705 0.07301 0.05764 0.04434 0.02262 ( 1)  0.449 +-  0.361
 359 T   0.00142 0.01190 0.03161 0.05710 0.08441 0.10961 0.12893 0.13874 0.13512 0.12214 0.17901 (11)  0.959 +-  0.789
 360 L   0.01851 0.05013 0.07970 0.10290 0.11863 0.12654 0.12664 0.11901 0.10351 0.08740 0.06703 ( 7)  0.663 +-  0.474
 361 N   0.14400 0.13506 0.13096 0.12224 0.11068 0.09741 0.08311 0.06814 0.05259 0.03951 0.01629 ( 1)  0.423 +-  0.323
 362 R   0.12119 0.11844 0.12000 0.11708 0.11081 0.10193 0.09087 0.07784 0.06274 0.04927 0.02980 ( 1)  0.477 +-  0.401
 363 I   0.13368 0.12769 0.12629 0.12025 0.11107 0.09971 0.08676 0.07254 0.05709 0.04376 0.02117 ( 1)  0.444 +-  0.349
 364 D   0.15032 0.13940 0.13353 0.12312 0.11015 0.09580 0.08080 0.06550 0.04999 0.03714 0.01426 ( 1)  0.412 +-  0.313
 365 M   0.16065 0.14647 0.13765 0.12449 0.10921 0.09314 0.07702 0.06122 0.04582 0.03333 0.01100 ( 1)  0.394 +-  0.296
 366 A   0.01838 0.04973 0.07903 0.10203 0.11767 0.12563 0.12591 0.11855 0.10335 0.08749 0.07222 ( 7)  0.676 +-  0.513
 367 L   0.12685 0.12266 0.12291 0.11859 0.11100 0.10099 0.08906 0.07547 0.06018 0.04676 0.02553 ( 1)  0.461 +-  0.374
 368 Q   0.00135 0.01136 0.03027 0.05488 0.08146 0.10622 0.12552 0.13572 0.13286 0.12076 0.19959 (11)  1.019 +-  0.886
 369 T   0.01571 0.04390 0.07166 0.09493 0.11222 0.12271 0.12584 0.12113 0.10781 0.09265 0.09144 ( 7)  0.727 +-  0.593
 370 A   0.01849 0.04998 0.07933 0.10232 0.11789 0.12575 0.12591 0.11844 0.10317 0.08728 0.07144 ( 7)  0.674 +-  0.509
 371 L   0.14485 0.13553 0.13112 0.12215 0.11042 0.09707 0.08275 0.06781 0.05233 0.03933 0.01664 ( 1)  0.423 +-  0.327
 372 P   0.12057 0.11793 0.11959 0.11679 0.11067 0.10193 0.09099 0.07806 0.06302 0.04957 0.03088 ( 1)  0.481 +-  0.411
 373 P   0.01526 0.04283 0.07020 0.09337 0.11084 0.12171 0.12535 0.12117 0.10830 0.09338 0.09759 ( 7)  0.743 +-  0.624
 374 A   0.01881 0.05077 0.08048 0.10363 0.11915 0.12677 0.12655 0.11864 0.10296 0.08680 0.06544 ( 6)  0.658 +-  0.468
 375 L   0.14644 0.13667 0.13184 0.12245 0.11036 0.09671 0.08219 0.06714 0.05165 0.03868 0.01587 ( 1)  0.419 +-  0.322
 376 F   0.14416 0.13518 0.13105 0.12228 0.11069 0.09738 0.08305 0.06807 0.05251 0.03944 0.01620 ( 1)  0.422 +-  0.322
 377 S   0.14843 0.13812 0.13279 0.12289 0.11033 0.09630 0.08149 0.06628 0.05075 0.03783 0.01481 ( 1)  0.415 +-  0.316
 378 C   0.01535 0.04310 0.07067 0.09399 0.11155 0.12242 0.12598 0.12165 0.10859 0.09350 0.09319 ( 7)  0.730 +-  0.591
 379 H   0.14922 0.13864 0.13307 0.12296 0.11023 0.09607 0.08119 0.06596 0.05045 0.03755 0.01465 ( 1)  0.414 +-  0.315
 380 L   0.01844 0.04992 0.07935 0.10246 0.11815 0.12609 0.12628 0.11879 0.10344 0.08745 0.06962 ( 7)  0.669 +-  0.494
 381 L   0.12685 0.12266 0.12291 0.11859 0.11100 0.10099 0.08906 0.07547 0.06018 0.04676 0.02553 ( 1)  0.461 +-  0.374
 382 D   0.01691 0.04661 0.07523 0.09857 0.11527 0.12469 0.12652 0.12050 0.10617 0.09052 0.07902 ( 7)  0.694 +-  0.529
 383 G   0.01973 0.05272 0.08290 0.10591 0.12084 0.12758 0.12642 0.11765 0.10138 0.08502 0.05986 ( 6)  0.644 +-  0.442
 384 H   0.01644 0.04556 0.07386 0.09719 0.11414 0.12398 0.12632 0.12080 0.10685 0.09137 0.08349 ( 7)  0.706 +-  0.552
 385 V   0.12974 0.12468 0.12413 0.11904 0.11078 0.10024 0.08795 0.07418 0.05890 0.04558 0.02478 ( 1)  0.457 +-  0.377
 386 G   0.01951 0.05217 0.08207 0.10493 0.11987 0.12678 0.12589 0.11747 0.10153 0.08539 0.06440 ( 6)  0.655 +-  0.474
 387 S   0.01830 0.04966 0.07912 0.10236 0.11823 0.12635 0.12668 0.11926 0.10390 0.08784 0.06832 ( 7)  0.666 +-  0.479
 388 R   0.12119 0.11844 0.12000 0.11708 0.11081 0.10193 0.09087 0.07784 0.06274 0.04927 0.02980 ( 1)  0.477 +-  0.401
 389 R   0.01233 0.03578 0.06033 0.08251 0.10068 0.11360 0.12019 0.11932 0.10947 0.09642 0.14936 (11)  0.897 +-  0.907
 390 E   0.15539 0.14284 0.13550 0.12374 0.10965 0.09447 0.07894 0.06342 0.04798 0.03531 0.01276 ( 1)  0.403 +-  0.306
 391 L   0.14644 0.13667 0.13184 0.12245 0.11036 0.09671 0.08219 0.06714 0.05165 0.03868 0.01587 ( 1)  0.419 +-  0.322
 392 R   0.12746 0.12301 0.12303 0.11851 0.11079 0.10070 0.08874 0.07516 0.05994 0.04657 0.02610 ( 1)  0.462 +-  0.383
 393 P   0.14520 0.13572 0.13117 0.12209 0.11030 0.09692 0.08260 0.06769 0.05224 0.03927 0.01680 ( 1)  0.423 +-  0.329
 394 C   0.01806 0.04914 0.07845 0.10171 0.11772 0.12606 0.12664 0.11946 0.10427 0.08828 0.07023 ( 7)  0.671 +-  0.489
 395 W   0.01663 0.04599 0.07442 0.09776 0.11462 0.12430 0.12644 0.12072 0.10661 0.09106 0.08144 ( 7)  0.700 +-  0.540
 396 G   0.15085 0.13963 0.13352 0.12296 0.10990 0.09555 0.08058 0.06535 0.04992 0.03711 0.01463 ( 1)  0.412 +-  0.317
 397 L   0.14136 0.13308 0.12961 0.12156 0.11063 0.09790 0.08400 0.06929 0.05382 0.04071 0.01804 ( 1)  0.429 +-  0.334
 398 W   0.14136 0.13318 0.12977 0.12174 0.11079 0.09801 0.08405 0.06927 0.05374 0.04060 0.01751 ( 1)  0.428 +-  0.330
 399 S   0.11828 0.11622 0.11842 0.11619 0.11060 0.10232 0.09174 0.07903 0.06407 0.05060 0.03253 ( 3)  0.487 +-  0.419
 400 P   0.12650 0.12229 0.12253 0.11825 0.11075 0.10084 0.08903 0.07555 0.06036 0.04699 0.02690 ( 1)  0.465 +-  0.389
 401 M   0.02180 0.05706 0.08814 0.11068 0.12415 0.12891 0.12565 0.11508 0.09765 0.08095 0.04992 ( 6)  0.618 +-  0.401
 402 P   0.01848 0.05005 0.07959 0.10279 0.11853 0.12646 0.12659 0.11900 0.10353 0.08745 0.06753 ( 7)  0.664 +-  0.477
 403 S   0.01634 0.04535 0.07358 0.09691 0.11392 0.12386 0.12631 0.12090 0.10702 0.09158 0.08424 ( 7)  0.707 +-  0.554
 404 G   0.00003 0.00076 0.00357 0.00956 0.01926 0.03241 0.04779 0.06300 0.07399 0.08066 0.66898 (11)  2.327 +-  1.649
 405 C   0.14472 0.13555 0.13124 0.12233 0.11061 0.09721 0.08284 0.06784 0.05229 0.03925 0.01613 ( 1)  0.421 +-  0.322
 406 R   0.01700 0.04681 0.07547 0.09879 0.11542 0.12475 0.12648 0.12038 0.10599 0.09033 0.07858 ( 7)  0.693 +-  0.528
 407 A   0.13684 0.12984 0.12753 0.12063 0.11074 0.09885 0.08556 0.07120 0.05578 0.04258 0.02046 ( 1)  0.440 +-  0.349
 408 S   0.11959 0.11722 0.11913 0.11659 0.11069 0.10214 0.09135 0.07850 0.06348 0.05001 0.03131 ( 1)  0.483 +-  0.411
 409 G   0.15085 0.13963 0.13352 0.12296 0.10990 0.09555 0.08058 0.06535 0.04992 0.03711 0.01463 ( 1)  0.412 +-  0.317
 410 P   0.12650 0.12229 0.12253 0.11825 0.11075 0.10084 0.08903 0.07555 0.06036 0.04699 0.02690 ( 1)  0.465 +-  0.389
 411 S   0.12369 0.12020 0.12110 0.11752 0.11067 0.10132 0.08994 0.07673 0.06162 0.04822 0.02899 ( 1)  0.473 +-  0.402
 412 D   0.01639 0.04548 0.07380 0.09719 0.11421 0.12413 0.12653 0.12104 0.10708 0.09157 0.08257 ( 7)  0.703 +-  0.541
 413 V   0.02059 0.05447 0.08494 0.10766 0.12191 0.12782 0.12583 0.11639 0.09974 0.08334 0.05731 ( 6)  0.637 +-  0.438
 414 L   0.12685 0.12266 0.12291 0.11859 0.11100 0.10099 0.08906 0.07547 0.06018 0.04676 0.02553 ( 1)  0.461 +-  0.374
 415 L   0.14136 0.13308 0.12961 0.12156 0.11063 0.09790 0.08400 0.06929 0.05382 0.04071 0.01804 ( 1)  0.429 +-  0.334
 416 T   0.12423 0.12072 0.12159 0.11792 0.11094 0.10145 0.08991 0.07657 0.06136 0.04791 0.02739 ( 1)  0.468 +-  0.386
 417 P   0.01813 0.04920 0.07836 0.10139 0.11719 0.12537 0.12591 0.11878 0.10375 0.08795 0.07397 ( 7)  0.681 +-  0.521
 418 T   0.13396 0.12786 0.12635 0.12022 0.11098 0.09959 0.08663 0.07242 0.05699 0.04368 0.02133 ( 1)  0.444 +-  0.351
 419 V   0.01489 0.04197 0.06902 0.09211 0.10972 0.12088 0.12491 0.12115 0.10864 0.09392 0.10279 ( 7)  0.758 +-  0.652
 420 D   0.14028 0.13234 0.12917 0.12139 0.11070 0.09815 0.08438 0.06973 0.05426 0.04111 0.01847 ( 1)  0.431 +-  0.337
 421 P   0.14520 0.13572 0.13117 0.12209 0.11030 0.09692 0.08260 0.06769 0.05224 0.03927 0.01680 ( 1)  0.423 +-  0.329
 422 M   0.16065 0.14647 0.13765 0.12449 0.10921 0.09314 0.07702 0.06122 0.04582 0.03333 0.01100 ( 1)  0.394 +-  0.296
 423 G   0.13583 0.12909 0.12701 0.12034 0.11066 0.09894 0.08579 0.07152 0.05615 0.04296 0.02170 ( 1)  0.444 +-  0.363
 424 L   0.14136 0.13308 0.12961 0.12156 0.11063 0.09790 0.08400 0.06929 0.05382 0.04071 0.01804 ( 1)  0.429 +-  0.334
 425 S   0.01561 0.04370 0.07144 0.09477 0.11217 0.12279 0.12604 0.12142 0.10814 0.09296 0.09094 ( 7)  0.725 +-  0.583
 426 H   0.01587 0.04418 0.07192 0.09503 0.11211 0.12236 0.12530 0.12047 0.10715 0.09207 0.09354 ( 7)  0.734 +-  0.617
 427 G   0.01965 0.05257 0.08271 0.10573 0.12071 0.12752 0.12643 0.11773 0.10150 0.08516 0.06029 ( 6)  0.645 +-  0.444
 428 V   0.15122 0.13993 0.13374 0.12308 0.10993 0.09549 0.08045 0.06517 0.04972 0.03692 0.01435 ( 1)  0.411 +-  0.315
 429 T   0.14708 0.13713 0.13214 0.12259 0.11035 0.09658 0.08196 0.06687 0.05136 0.03841 0.01552 ( 1)  0.418 +-  0.320
 430 C   0.14472 0.13555 0.13124 0.12233 0.11061 0.09721 0.08284 0.06784 0.05229 0.03925 0.01613 ( 1)  0.421 +-  0.322
 431 P   0.01548 0.04338 0.07100 0.09429 0.11174 0.12246 0.12586 0.12140 0.10826 0.09315 0.09298 ( 7)  0.730 +-  0.596
 432 V   0.01799 0.04892 0.07808 0.10121 0.11716 0.12551 0.12618 0.11914 0.10412 0.08828 0.07341 ( 7)  0.679 +-  0.514
 433 P   0.12057 0.11793 0.11959 0.11679 0.11067 0.10193 0.09099 0.07806 0.06302 0.04957 0.03088 ( 1)  0.481 +-  0.411
 434 G   0.14356 0.13454 0.13041 0.12176 0.11035 0.09727 0.08317 0.06839 0.05296 0.03995 0.01763 ( 1)  0.426 +-  0.334
 435 N   0.14113 0.13301 0.12967 0.12169 0.11080 0.09805 0.08413 0.06936 0.05384 0.04069 0.01763 ( 1)  0.429 +-  0.330
 436 S   0.13606 0.12941 0.12739 0.12073 0.11100 0.09919 0.08592 0.07152 0.05603 0.04276 0.01999 ( 1)  0.439 +-  0.343
 437 P   0.01554 0.04346 0.07100 0.09415 0.11143 0.12200 0.12530 0.12081 0.10772 0.09272 0.09586 ( 7)  0.739 +-  0.624
 438 E   0.15539 0.14284 0.13550 0.12374 0.10965 0.09447 0.07894 0.06342 0.04798 0.03531 0.01276 ( 1)  0.403 +-  0.306
 439 D   0.00095 0.00829 0.02289 0.04296 0.06598 0.08899 0.10873 0.12153 0.12294 0.11539 0.30135 (11)  1.308 +-  1.216
 440 L   0.14136 0.13308 0.12961 0.12156 0.11063 0.09790 0.08400 0.06929 0.05382 0.04071 0.01804 ( 1)  0.429 +-  0.334
 441 G   0.00095 0.00829 0.02294 0.04314 0.06636 0.08963 0.10964 0.12266 0.12416 0.11648 0.29576 (11)  1.285 +-  1.181
 442 Q   0.14491 0.13564 0.13125 0.12228 0.11052 0.09712 0.08275 0.06777 0.05226 0.03923 0.01627 ( 1)  0.422 +-  0.324
 443 P   0.14520 0.13572 0.13117 0.12209 0.11030 0.09692 0.08260 0.06769 0.05224 0.03927 0.01680 ( 1)  0.423 +-  0.329
 444 S   0.13272 0.12697 0.12579 0.11998 0.11103 0.09986 0.08707 0.07295 0.05753 0.04419 0.02190 ( 1)  0.447 +-  0.354
 445 L   0.14136 0.13308 0.12961 0.12156 0.11063 0.09790 0.08400 0.06929 0.05382 0.04071 0.01804 ( 1)  0.429 +-  0.334
 446 P   0.14520 0.13572 0.13117 0.12209 0.11030 0.09692 0.08260 0.06769 0.05224 0.03927 0.01680 ( 1)  0.423 +-  0.329
 447 H   0.14922 0.13864 0.13307 0.12296 0.11023 0.09607 0.08119 0.06596 0.05045 0.03755 0.01465 ( 1)  0.414 +-  0.315
 448 K   0.12087 0.11822 0.11986 0.11702 0.11083 0.10201 0.09100 0.07799 0.06289 0.04941 0.02991 ( 1)  0.478 +-  0.401
 449 L   0.14065 0.13257 0.12928 0.12140 0.11064 0.09804 0.08424 0.06959 0.05413 0.04100 0.01846 ( 1)  0.431 +-  0.337
 450 R   0.01763 0.04813 0.07705 0.10020 0.11635 0.12504 0.12610 0.11944 0.10471 0.08899 0.07637 ( 7)  0.687 +-  0.527
 451 I   0.14296 0.13430 0.13047 0.12201 0.11070 0.09763 0.08347 0.06859 0.05305 0.03996 0.01686 ( 1)  0.425 +-  0.326
 452 K   0.12882 0.12405 0.12378 0.11894 0.11090 0.10052 0.08833 0.07460 0.05931 0.04594 0.02480 ( 1)  0.458 +-  0.373
 453 S   0.14564 0.13616 0.13159 0.12242 0.11050 0.09696 0.08249 0.06746 0.05193 0.03892 0.01592 ( 1)  0.420 +-  0.322
 454 Q   0.01064 0.03162 0.05441 0.07589 0.09438 0.10848 0.11685 0.11802 0.11006 0.09823 0.18142 (11)  0.987 +-  1.013
 455 A   0.14691 0.13691 0.13188 0.12236 0.11019 0.09651 0.08199 0.06698 0.05154 0.03861 0.01613 ( 1)  0.419 +-  0.325
 456 F   0.01596 0.04440 0.07223 0.09538 0.11244 0.12262 0.12545 0.12049 0.10705 0.09190 0.09205 ( 7)  0.730 +-  0.613
 457 S   0.00107 0.00927 0.02539 0.04725 0.07194 0.09617 0.11641 0.12886 0.12903 0.11966 0.25495 (11)  1.165 +-  1.050
 458 R   0.14094 0.13281 0.12948 0.12154 0.11070 0.09803 0.08417 0.06947 0.05398 0.04085 0.01804 ( 1)  0.430 +-  0.333
 459 V   0.11110 0.11067 0.11437 0.11383 0.10990 0.10312 0.09377 0.08191 0.06732 0.05389 0.04012 ( 3)  0.513 +-  0.469
 460 P   0.11575 0.11430 0.11705 0.11543 0.11043 0.10267 0.09251 0.08008 0.06523 0.05176 0.03481 ( 3)  0.495 +-  0.433
 461 Q   0.00001 0.00024 0.00127 0.00376 0.00833 0.01534 0.02465 0.03532 0.04507 0.05442 0.81159 (11)  2.648 +-  1.597
 462 G   0.11955 0.11722 0.11915 0.11663 0.11075 0.10220 0.09140 0.07854 0.06350 0.05001 0.03105 ( 1)  0.482 +-  0.408
 463 W   0.12024 0.11775 0.11955 0.11687 0.11082 0.10213 0.09121 0.07826 0.06318 0.04969 0.03030 ( 1)  0.479 +-  0.402
 464 E   0.15539 0.14284 0.13550 0.12374 0.10965 0.09447 0.07894 0.06342 0.04798 0.03531 0.01276 ( 1)  0.403 +-  0.306
 465 G   0.13160 0.12610 0.12515 0.11962 0.11093 0.10000 0.08741 0.07343 0.05806 0.04473 0.02298 ( 1)  0.451 +-  0.362
 466 G   0.13883 0.13126 0.12843 0.12102 0.11068 0.09842 0.08488 0.07036 0.05493 0.04177 0.01943 ( 1)  0.435 +-  0.343
 467 Q   0.01834 0.04978 0.07929 0.10255 0.11841 0.12649 0.12677 0.11928 0.10386 0.08776 0.06748 ( 7)  0.664 +-  0.473
 468 A   0.00005 0.00127 0.00579 0.01503 0.02930 0.04768 0.06797 0.08654 0.09799 0.10155 0.54682 (11)  1.978 +-  1.555
 469 P   0.01609 0.04476 0.07278 0.09606 0.11316 0.12331 0.12603 0.12091 0.10728 0.09197 0.08764 ( 7)  0.717 +-  0.574
 470 S   0.00005 0.00140 0.00628 0.01613 0.03113 0.05018 0.07087 0.08946 0.10045 0.10322 0.53083 (11)  1.945 +-  1.558

Positively selected sites

	Prob(w>1)  mean w

   324 C      0.584         2.085 +- 1.594
   404 G      0.669         2.327 +- 1.649
   461 Q      0.812         2.648 +- 1.597
   468 A      0.547         1.978 +- 1.555
   470 S      0.531         1.945 +- 1.558

