Supplemental results for CODEML (seqf: algn  treef: tree)


dN/dS (w) for site classes (K=3)

p:   0.98389  0.00000  0.01611
w:   0.00778  1.00000  9.16225

Naive Empirical Bayes (NEB) probabilities for 3 classes & postmean_w & P(w>1)
(amino acids refer to 1st sequence: aotNan_LOC105723390_XM_012461345)

   1 -   0.98389 0.00000 0.01611 ( 1)  0.155  0.016
   2 -   0.98389 0.00000 0.01611 ( 1)  0.155  0.016
   3 -   0.98389 0.00000 0.01611 ( 1)  0.155  0.016
   4 -   0.98389 0.00000 0.01611 ( 1)  0.155  0.016
   5 -   0.98389 0.00000 0.01611 ( 1)  0.155  0.016
   6 -   0.98389 0.00000 0.01611 ( 1)  0.155  0.016
   7 -   0.98389 0.00000 0.01611 ( 1)  0.155  0.016
   8 -   0.98389 0.00000 0.01611 ( 1)  0.155  0.016
   9 -   0.98389 0.00000 0.01611 ( 1)  0.155  0.016
  10 -   0.98389 0.00000 0.01611 ( 1)  0.155  0.016
  11 -   0.98389 0.00000 0.01611 ( 1)  0.155  0.016
  12 -   0.98389 0.00000 0.01611 ( 1)  0.155  0.016
  13 -   0.98389 0.00000 0.01611 ( 1)  0.155  0.016
  14 -   0.98389 0.00000 0.01611 ( 1)  0.155  0.016
  15 -   0.98389 0.00000 0.01611 ( 1)  0.155  0.016
  16 -   0.98389 0.00000 0.01611 ( 1)  0.155  0.016
  17 -   0.98389 0.00000 0.01611 ( 1)  0.155  0.016
  18 -   0.98389 0.00000 0.01611 ( 1)  0.155  0.016
  19 -   0.98389 0.00000 0.01611 ( 1)  0.155  0.016
  20 -   0.98389 0.00000 0.01611 ( 1)  0.155  0.016
  21 -   0.98389 0.00000 0.01611 ( 1)  0.155  0.016
  22 -   0.98389 0.00000 0.01611 ( 1)  0.155  0.016
  23 -   0.98389 0.00000 0.01611 ( 1)  0.155  0.016
  24 -   0.98389 0.00000 0.01611 ( 1)  0.155  0.016
  25 -   0.98389 0.00000 0.01611 ( 1)  0.155  0.016
  26 -   0.98389 0.00000 0.01611 ( 1)  0.155  0.016
  27 -   0.98389 0.00000 0.01611 ( 1)  0.155  0.016
  28 -   0.98389 0.00000 0.01611 ( 1)  0.155  0.016
  29 -   0.98389 0.00000 0.01611 ( 1)  0.155  0.016
  30 -   0.98389 0.00000 0.01611 ( 1)  0.155  0.016
  31 -   0.98389 0.00000 0.01611 ( 1)  0.155  0.016
  32 -   0.98389 0.00000 0.01611 ( 1)  0.155  0.016
  33 -   0.98389 0.00000 0.01611 ( 1)  0.155  0.016
  34 -   0.98389 0.00000 0.01611 ( 1)  0.155  0.016
  35 -   0.98389 0.00000 0.01611 ( 1)  0.155  0.016
  36 -   0.98389 0.00000 0.01611 ( 1)  0.155  0.016
  37 -   0.98389 0.00000 0.01611 ( 1)  0.155  0.016
  38 -   0.98389 0.00000 0.01611 ( 1)  0.155  0.016
  39 -   0.98389 0.00000 0.01611 ( 1)  0.155  0.016
  40 -   0.98389 0.00000 0.01611 ( 1)  0.155  0.016
  41 -   0.98389 0.00000 0.01611 ( 1)  0.155  0.016
  42 -   0.98389 0.00000 0.01611 ( 1)  0.155  0.016
  43 -   0.98389 0.00000 0.01611 ( 1)  0.155  0.016
  44 -   0.98389 0.00000 0.01611 ( 1)  0.155  0.016
  45 -   0.98389 0.00000 0.01611 ( 1)  0.155  0.016
  46 -   0.98389 0.00000 0.01611 ( 1)  0.155  0.016
  47 -   0.98389 0.00000 0.01611 ( 1)  0.155  0.016
  48 -   0.98389 0.00000 0.01611 ( 1)  0.155  0.016
  49 -   0.98389 0.00000 0.01611 ( 1)  0.155  0.016
  50 -   0.98389 0.00000 0.01611 ( 1)  0.155  0.016
  51 -   0.98389 0.00000 0.01611 ( 1)  0.155  0.016
  52 -   0.98389 0.00000 0.01611 ( 1)  0.155  0.016
  53 -   0.98389 0.00000 0.01611 ( 1)  0.155  0.016
  54 -   0.98389 0.00000 0.01611 ( 1)  0.155  0.016
  55 -   0.98389 0.00000 0.01611 ( 1)  0.155  0.016
  56 -   0.98389 0.00000 0.01611 ( 1)  0.155  0.016
  57 -   0.98389 0.00000 0.01611 ( 1)  0.155  0.016
  58 -   0.98389 0.00000 0.01611 ( 1)  0.155  0.016
  59 -   0.98389 0.00000 0.01611 ( 1)  0.155  0.016
  60 -   0.98389 0.00000 0.01611 ( 1)  0.155  0.016
  61 -   0.98389 0.00000 0.01611 ( 1)  0.155  0.016
  62 -   0.98389 0.00000 0.01611 ( 1)  0.155  0.016
  63 -   0.98389 0.00000 0.01611 ( 1)  0.155  0.016
  64 -   0.98389 0.00000 0.01611 ( 1)  0.155  0.016
  65 -   0.98389 0.00000 0.01611 ( 1)  0.155  0.016
  66 -   0.98389 0.00000 0.01611 ( 1)  0.155  0.016
  67 -   0.98389 0.00000 0.01611 ( 1)  0.155  0.016
  68 -   0.98389 0.00000 0.01611 ( 1)  0.155  0.016
  69 -   0.98389 0.00000 0.01611 ( 1)  0.155  0.016
  70 -   0.98389 0.00000 0.01611 ( 1)  0.155  0.016
  71 -   0.98389 0.00000 0.01611 ( 1)  0.155  0.016
  72 -   0.98389 0.00000 0.01611 ( 1)  0.155  0.016
  73 -   0.98389 0.00000 0.01611 ( 1)  0.155  0.016
  74 -   0.98389 0.00000 0.01611 ( 1)  0.155  0.016
  75 -   0.98389 0.00000 0.01611 ( 1)  0.155  0.016
  76 -   0.98389 0.00000 0.01611 ( 1)  0.155  0.016
  77 -   0.98389 0.00000 0.01611 ( 1)  0.155  0.016
  78 -   0.98389 0.00000 0.01611 ( 1)  0.155  0.016
  79 -   0.98389 0.00000 0.01611 ( 1)  0.155  0.016
  80 -   0.98389 0.00000 0.01611 ( 1)  0.155  0.016
  81 -   0.98389 0.00000 0.01611 ( 1)  0.155  0.016
  82 -   0.98389 0.00000 0.01611 ( 1)  0.155  0.016
  83 -   0.98389 0.00000 0.01611 ( 1)  0.155  0.016
  84 -   0.98389 0.00000 0.01611 ( 1)  0.155  0.016
  85 -   0.98389 0.00000 0.01611 ( 1)  0.155  0.016
  86 -   0.98389 0.00000 0.01611 ( 1)  0.155  0.016
  87 -   0.98389 0.00000 0.01611 ( 1)  0.155  0.016
  88 -   0.98389 0.00000 0.01611 ( 1)  0.155  0.016
  89 -   0.98389 0.00000 0.01611 ( 1)  0.155  0.016
  90 -   0.98389 0.00000 0.01611 ( 1)  0.155  0.016
  91 -   0.98389 0.00000 0.01611 ( 1)  0.155  0.016
  92 -   0.98389 0.00000 0.01611 ( 1)  0.155  0.016
  93 -   0.98389 0.00000 0.01611 ( 1)  0.155  0.016
  94 -   0.98389 0.00000 0.01611 ( 1)  0.155  0.016
  95 -   0.98389 0.00000 0.01611 ( 1)  0.155  0.016
  96 -   0.98389 0.00000 0.01611 ( 1)  0.155  0.016
  97 -   0.98389 0.00000 0.01611 ( 1)  0.155  0.016
  98 -   0.98389 0.00000 0.01611 ( 1)  0.155  0.016
  99 -   0.98389 0.00000 0.01611 ( 1)  0.155  0.016
 100 -   0.98389 0.00000 0.01611 ( 1)  0.155  0.016
 101 -   0.98389 0.00000 0.01611 ( 1)  0.155  0.016
 102 -   0.98389 0.00000 0.01611 ( 1)  0.155  0.016
 103 -   0.98389 0.00000 0.01611 ( 1)  0.155  0.016
 104 -   0.98389 0.00000 0.01611 ( 1)  0.155  0.016
 105 -   0.98389 0.00000 0.01611 ( 1)  0.155  0.016
 106 -   0.98389 0.00000 0.01611 ( 1)  0.155  0.016
 107 -   0.98389 0.00000 0.01611 ( 1)  0.155  0.016
 108 -   0.98389 0.00000 0.01611 ( 1)  0.155  0.016
 109 -   0.98389 0.00000 0.01611 ( 1)  0.155  0.016
 110 -   0.98389 0.00000 0.01611 ( 1)  0.155  0.016
 111 -   0.98389 0.00000 0.01611 ( 1)  0.155  0.016
 112 -   0.98389 0.00000 0.01611 ( 1)  0.155  0.016
 113 -   0.98389 0.00000 0.01611 ( 1)  0.155  0.016
 114 -   0.98389 0.00000 0.01611 ( 1)  0.155  0.016
 115 -   0.98389 0.00000 0.01611 ( 1)  0.155  0.016
 116 -   0.98389 0.00000 0.01611 ( 1)  0.155  0.016
 117 -   0.98389 0.00000 0.01611 ( 1)  0.155  0.016
 118 -   0.98389 0.00000 0.01611 ( 1)  0.155  0.016
 119 -   0.98389 0.00000 0.01611 ( 1)  0.155  0.016
 120 -   0.98389 0.00000 0.01611 ( 1)  0.155  0.016
 121 -   0.98389 0.00000 0.01611 ( 1)  0.155  0.016
 122 -   0.98389 0.00000 0.01611 ( 1)  0.155  0.016
 123 -   0.98389 0.00000 0.01611 ( 1)  0.155  0.016
 124 -   0.98389 0.00000 0.01611 ( 1)  0.155  0.016
 125 -   0.98389 0.00000 0.01611 ( 1)  0.155  0.016
 126 -   0.98389 0.00000 0.01611 ( 1)  0.155  0.016
 127 -   0.98389 0.00000 0.01611 ( 1)  0.155  0.016
 128 -   0.98389 0.00000 0.01611 ( 1)  0.155  0.016
 129 -   0.98389 0.00000 0.01611 ( 1)  0.155  0.016
 130 -   0.98389 0.00000 0.01611 ( 1)  0.155  0.016
 131 -   0.98389 0.00000 0.01611 ( 1)  0.155  0.016
 132 -   0.98389 0.00000 0.01611 ( 1)  0.155  0.016
 133 -   0.98389 0.00000 0.01611 ( 1)  0.155  0.016
 134 -   0.98389 0.00000 0.01611 ( 1)  0.155  0.016
 135 -   0.98389 0.00000 0.01611 ( 1)  0.155  0.016
 136 -   0.98389 0.00000 0.01611 ( 1)  0.155  0.016
 137 -   0.98389 0.00000 0.01611 ( 1)  0.155  0.016
 138 -   0.98389 0.00000 0.01611 ( 1)  0.155  0.016
 139 -   0.98389 0.00000 0.01611 ( 1)  0.155  0.016
 140 -   0.98389 0.00000 0.01611 ( 1)  0.155  0.016
 141 -   0.98389 0.00000 0.01611 ( 1)  0.155  0.016
 142 -   0.98389 0.00000 0.01611 ( 1)  0.155  0.016
 143 -   0.98389 0.00000 0.01611 ( 1)  0.155  0.016
 144 -   0.98389 0.00000 0.01611 ( 1)  0.155  0.016
 145 -   0.98389 0.00000 0.01611 ( 1)  0.155  0.016
 146 -   0.98389 0.00000 0.01611 ( 1)  0.155  0.016
 147 -   0.98389 0.00000 0.01611 ( 1)  0.155  0.016
 148 -   0.98389 0.00000 0.01611 ( 1)  0.155  0.016
 149 -   0.98389 0.00000 0.01611 ( 1)  0.155  0.016
 150 -   0.98389 0.00000 0.01611 ( 1)  0.155  0.016
 151 -   0.98389 0.00000 0.01611 ( 1)  0.155  0.016
 152 -   0.98389 0.00000 0.01611 ( 1)  0.155  0.016
 153 -   0.98389 0.00000 0.01611 ( 1)  0.155  0.016
 154 -   0.98389 0.00000 0.01611 ( 1)  0.155  0.016
 155 -   0.98389 0.00000 0.01611 ( 1)  0.155  0.016
 156 -   0.98389 0.00000 0.01611 ( 1)  0.155  0.016
 157 -   0.98389 0.00000 0.01611 ( 1)  0.155  0.016
 158 -   0.98389 0.00000 0.01611 ( 1)  0.155  0.016
 159 -   0.98389 0.00000 0.01611 ( 1)  0.155  0.016
 160 -   0.98389 0.00000 0.01611 ( 1)  0.155  0.016
 161 -   0.98389 0.00000 0.01611 ( 1)  0.155  0.016
 162 -   0.98389 0.00000 0.01611 ( 1)  0.155  0.016
 163 -   0.98389 0.00000 0.01611 ( 1)  0.155  0.016
 164 -   0.98389 0.00000 0.01611 ( 1)  0.155  0.016
 165 -   0.98389 0.00000 0.01611 ( 1)  0.155  0.016
 166 -   0.98389 0.00000 0.01611 ( 1)  0.155  0.016
 167 -   0.98389 0.00000 0.01611 ( 1)  0.155  0.016
 168 -   0.98389 0.00000 0.01611 ( 1)  0.155  0.016
 169 -   0.98389 0.00000 0.01611 ( 1)  0.155  0.016
 170 -   0.98389 0.00000 0.01611 ( 1)  0.155  0.016
 171 -   0.98389 0.00000 0.01611 ( 1)  0.155  0.016
 172 -   0.98389 0.00000 0.01611 ( 1)  0.155  0.016
 173 -   0.98389 0.00000 0.01611 ( 1)  0.155  0.016
 174 -   0.98389 0.00000 0.01611 ( 1)  0.155  0.016
 175 -   0.98389 0.00000 0.01611 ( 1)  0.155  0.016
 176 -   0.98389 0.00000 0.01611 ( 1)  0.155  0.016
 177 -   0.98389 0.00000 0.01611 ( 1)  0.155  0.016
 178 -   0.98389 0.00000 0.01611 ( 1)  0.155  0.016
 179 -   0.98389 0.00000 0.01611 ( 1)  0.155  0.016
 180 -   0.98389 0.00000 0.01611 ( 1)  0.155  0.016
 181 -   0.99710 0.00000 0.00290 ( 1)  0.034  0.003
 182 -   0.98389 0.00000 0.01611 ( 1)  0.155  0.016
 183 -   0.98389 0.00000 0.01611 ( 1)  0.155  0.016
 184 -   0.98389 0.00000 0.01611 ( 1)  0.155  0.016
 185 -   0.98389 0.00000 0.01611 ( 1)  0.155  0.016
 186 -   0.98389 0.00000 0.01611 ( 1)  0.155  0.016
 187 -   0.98389 0.00000 0.01611 ( 1)  0.155  0.016
 188 -   0.98389 0.00000 0.01611 ( 1)  0.155  0.016
 189 -   0.98389 0.00000 0.01611 ( 1)  0.155  0.016
 190 -   0.98389 0.00000 0.01611 ( 1)  0.155  0.016
 191 -   0.98389 0.00000 0.01611 ( 1)  0.155  0.016
 192 -   0.98389 0.00000 0.01611 ( 1)  0.155  0.016
 193 -   0.98389 0.00000 0.01611 ( 1)  0.155  0.016
 194 -   0.98389 0.00000 0.01611 ( 1)  0.155  0.016
 195 -   0.98389 0.00000 0.01611 ( 1)  0.155  0.016
 196 -   0.98389 0.00000 0.01611 ( 1)  0.155  0.016
 197 -   0.98389 0.00000 0.01611 ( 1)  0.155  0.016
 198 -   0.98389 0.00000 0.01611 ( 1)  0.155  0.016
 199 -   0.98389 0.00000 0.01611 ( 1)  0.155  0.016
 200 -   0.98389 0.00000 0.01611 ( 1)  0.155  0.016
 201 -   0.98389 0.00000 0.01611 ( 1)  0.155  0.016
 202 -   0.98389 0.00000 0.01611 ( 1)  0.155  0.016
 203 -   0.98389 0.00000 0.01611 ( 1)  0.155  0.016
 204 -   0.98389 0.00000 0.01611 ( 1)  0.155  0.016
 205 -   0.98389 0.00000 0.01611 ( 1)  0.155  0.016
 206 -   0.98389 0.00000 0.01611 ( 1)  0.155  0.016
 207 -   0.98389 0.00000 0.01611 ( 1)  0.155  0.016
 208 -   0.98389 0.00000 0.01611 ( 1)  0.155  0.016
 209 -   0.98389 0.00000 0.01611 ( 1)  0.155  0.016
 210 -   0.98389 0.00000 0.01611 ( 1)  0.155  0.016
 211 -   0.98389 0.00000 0.01611 ( 1)  0.155  0.016
 212 -   0.98389 0.00000 0.01611 ( 1)  0.155  0.016
 213 -   0.98389 0.00000 0.01611 ( 1)  0.155  0.016
 214 -   0.98389 0.00000 0.01611 ( 1)  0.155  0.016
 215 -   0.98389 0.00000 0.01611 ( 1)  0.155  0.016
 216 -   0.98389 0.00000 0.01611 ( 1)  0.155  0.016
 217 -   0.98389 0.00000 0.01611 ( 1)  0.155  0.016
 218 -   0.98389 0.00000 0.01611 ( 1)  0.155  0.016
 219 -   0.98389 0.00000 0.01611 ( 1)  0.155  0.016
 220 -   0.98389 0.00000 0.01611 ( 1)  0.155  0.016
 221 -   0.98389 0.00000 0.01611 ( 1)  0.155  0.016
 222 -   0.98389 0.00000 0.01611 ( 1)  0.155  0.016
 223 -   0.98389 0.00000 0.01611 ( 1)  0.155  0.016
 224 -   0.98389 0.00000 0.01611 ( 1)  0.155  0.016
 225 -   0.98389 0.00000 0.01611 ( 1)  0.155  0.016
 226 -   0.98389 0.00000 0.01611 ( 1)  0.155  0.016
 227 -   0.98389 0.00000 0.01611 ( 1)  0.155  0.016
 228 -   0.98389 0.00000 0.01611 ( 1)  0.155  0.016
 229 -   0.98389 0.00000 0.01611 ( 1)  0.155  0.016
 230 -   0.98389 0.00000 0.01611 ( 1)  0.155  0.016
 231 -   0.98389 0.00000 0.01611 ( 1)  0.155  0.016
 232 -   0.98389 0.00000 0.01611 ( 1)  0.155  0.016
 233 -   0.98389 0.00000 0.01611 ( 1)  0.155  0.016
 234 -   0.98928 0.00000 0.01072 ( 1)  0.106  0.011
 235 -   0.99647 0.00000 0.00353 ( 1)  0.040  0.004
 236 -   0.99713 0.00000 0.00287 ( 1)  0.034  0.003
 237 -   0.29358 0.00000 0.70642 ( 3)  6.475  0.706
 238 -   0.99694 0.00000 0.00306 ( 1)  0.036  0.003
 239 -   0.99636 0.00000 0.00364 ( 1)  0.041  0.004
 240 -   0.99745 0.00000 0.00255 ( 1)  0.031  0.003
 241 -   0.99779 0.00000 0.00221 ( 1)  0.028  0.002
 242 -   0.99694 0.00000 0.00306 ( 1)  0.036  0.003
 243 -   0.20092 0.00000 0.79908 ( 3)  7.323  0.799
 244 -   0.99413 0.00000 0.00587 ( 1)  0.061  0.006
 245 -   0.99179 0.00000 0.00821 ( 1)  0.083  0.008
 246 -   0.99687 0.00000 0.00313 ( 1)  0.036  0.003
 247 -   0.99413 0.00000 0.00587 ( 1)  0.061  0.006
 248 -   0.99290 0.00000 0.00710 ( 1)  0.073  0.007
 249 -   0.99413 0.00000 0.00587 ( 1)  0.061  0.006
 250 -   0.99165 0.00000 0.00835 ( 1)  0.084  0.008
 251 -   0.99651 0.00000 0.00349 ( 1)  0.040  0.003
 252 -   0.99413 0.00000 0.00587 ( 1)  0.061  0.006
 253 -   0.99689 0.00000 0.00311 ( 1)  0.036  0.003
 254 -   0.99718 0.00000 0.00282 ( 1)  0.034  0.003
 255 -   0.99636 0.00000 0.00364 ( 1)  0.041  0.004
 256 -   0.99716 0.00000 0.00284 ( 1)  0.034  0.003
 257 -   0.99602 0.00000 0.00398 ( 1)  0.044  0.004
 258 -   0.99290 0.00000 0.00710 ( 1)  0.073  0.007
 259 -   0.99655 0.00000 0.00345 ( 1)  0.039  0.003
 260 -   0.07078 0.00000 0.92922 ( 3)  8.514  0.929
 261 -   0.99689 0.00000 0.00311 ( 1)  0.036  0.003
 262 -   0.99745 0.00000 0.00255 ( 1)  0.031  0.003
 263 -   0.99651 0.00000 0.00349 ( 1)  0.040  0.003
 264 -   0.99771 0.00000 0.00229 ( 1)  0.029  0.002
 265 -   0.99734 0.00000 0.00266 ( 1)  0.032  0.003
 266 -   0.99694 0.00000 0.00306 ( 1)  0.036  0.003
 267 -   0.99745 0.00000 0.00255 ( 1)  0.031  0.003
 268 -   0.99716 0.00000 0.00284 ( 1)  0.034  0.003
 269 -   0.99694 0.00000 0.00306 ( 1)  0.036  0.003
 270 M   1.00000 0.00000 0.00000 ( 1)  0.008  0.000
 271 -   0.98389 0.00000 0.01611 ( 1)  0.155  0.016
 272 -   0.98389 0.00000 0.01611 ( 1)  0.155  0.016
 273 -   0.98389 0.00000 0.01611 ( 1)  0.155  0.016
 274 -   0.98389 0.00000 0.01611 ( 1)  0.155  0.016
 275 -   0.98389 0.00000 0.01611 ( 1)  0.155  0.016
 276 -   0.98389 0.00000 0.01611 ( 1)  0.155  0.016
 277 -   0.98389 0.00000 0.01611 ( 1)  0.155  0.016
 278 -   0.98389 0.00000 0.01611 ( 1)  0.155  0.016
 279 -   0.98389 0.00000 0.01611 ( 1)  0.155  0.016
 280 -   0.98389 0.00000 0.01611 ( 1)  0.155  0.016
 281 -   0.98389 0.00000 0.01611 ( 1)  0.155  0.016
 282 -   0.98389 0.00000 0.01611 ( 1)  0.155  0.016
 283 -   0.98389 0.00000 0.01611 ( 1)  0.155  0.016
 284 -   0.98389 0.00000 0.01611 ( 1)  0.155  0.016
 285 -   0.98389 0.00000 0.01611 ( 1)  0.155  0.016
 286 -   0.98389 0.00000 0.01611 ( 1)  0.155  0.016
 287 -   0.98389 0.00000 0.01611 ( 1)  0.155  0.016
 288 -   0.98389 0.00000 0.01611 ( 1)  0.155  0.016
 289 -   0.98389 0.00000 0.01611 ( 1)  0.155  0.016
 290 -   0.98389 0.00000 0.01611 ( 1)  0.155  0.016
 291 -   0.98389 0.00000 0.01611 ( 1)  0.155  0.016
 292 -   0.98389 0.00000 0.01611 ( 1)  0.155  0.016
 293 -   0.98389 0.00000 0.01611 ( 1)  0.155  0.016
 294 -   0.98389 0.00000 0.01611 ( 1)  0.155  0.016
 295 -   0.98389 0.00000 0.01611 ( 1)  0.155  0.016
 296 -   0.98389 0.00000 0.01611 ( 1)  0.155  0.016
 297 -   0.98389 0.00000 0.01611 ( 1)  0.155  0.016
 298 -   0.98389 0.00000 0.01611 ( 1)  0.155  0.016
 299 -   0.98389 0.00000 0.01611 ( 1)  0.155  0.016
 300 -   0.98389 0.00000 0.01611 ( 1)  0.155  0.016
 301 D   1.00000 0.00000 0.00000 ( 1)  0.008  0.000
 302 C   0.99999 0.00000 0.00001 ( 1)  0.008  0.000
 303 S   1.00000 0.00000 0.00000 ( 1)  0.008  0.000
 304 C   1.00000 0.00000 0.00000 ( 1)  0.008  0.000
 305 V   0.99999 0.00000 0.00001 ( 1)  0.008  0.000
 306 S   1.00000 0.00000 0.00000 ( 1)  0.008  0.000
 307 D   1.00000 0.00000 0.00000 ( 1)  0.008  0.000
 308 L   0.99995 0.00000 0.00005 ( 1)  0.008  0.000
 309 L   1.00000 0.00000 0.00000 ( 1)  0.008  0.000
 310 F   1.00000 0.00000 0.00000 ( 1)  0.008  0.000
 311 A   1.00000 0.00000 0.00000 ( 1)  0.008  0.000
 312 P   1.00000 0.00000 0.00000 ( 1)  0.008  0.000
 313 P   1.00000 0.00000 0.00000 ( 1)  0.008  0.000
 314 A   1.00000 0.00000 0.00000 ( 1)  0.008  0.000
 315 L   1.00000 0.00000 0.00000 ( 1)  0.008  0.000
 316 P   1.00000 0.00000 0.00000 ( 1)  0.008  0.000
 317 A   0.99996 0.00000 0.00004 ( 1)  0.008  0.000
 318 L   1.00000 0.00000 0.00000 ( 1)  0.008  0.000
 319 W   1.00000 0.00000 0.00000 ( 1)  0.008  0.000
 320 T   1.00000 0.00000 0.00000 ( 1)  0.008  0.000
 321 P   1.00000 0.00000 0.00000 ( 1)  0.008  0.000
 322 -   0.98389 0.00000 0.01611 ( 1)  0.155  0.016
 323 -   0.98389 0.00000 0.01611 ( 1)  0.155  0.016
 324 -   0.98389 0.00000 0.01611 ( 1)  0.155  0.016
 325 -   0.98389 0.00000 0.01611 ( 1)  0.155  0.016
 326 -   0.98389 0.00000 0.01611 ( 1)  0.155  0.016
 327 -   0.98389 0.00000 0.01611 ( 1)  0.155  0.016
 328 -   0.98389 0.00000 0.01611 ( 1)  0.155  0.016
 329 -   0.98389 0.00000 0.01611 ( 1)  0.155  0.016
 330 -   0.98389 0.00000 0.01611 ( 1)  0.155  0.016
 331 -   0.98389 0.00000 0.01611 ( 1)  0.155  0.016
 332 -   0.98389 0.00000 0.01611 ( 1)  0.155  0.016
 333 -   0.98389 0.00000 0.01611 ( 1)  0.155  0.016
 334 -   0.98389 0.00000 0.01611 ( 1)  0.155  0.016
 335 -   0.98389 0.00000 0.01611 ( 1)  0.155  0.016
 336 -   0.98389 0.00000 0.01611 ( 1)  0.155  0.016
 337 -   0.98389 0.00000 0.01611 ( 1)  0.155  0.016
 338 -   0.98389 0.00000 0.01611 ( 1)  0.155  0.016
 339 -   0.98389 0.00000 0.01611 ( 1)  0.155  0.016
 340 -   0.98389 0.00000 0.01611 ( 1)  0.155  0.016
 341 -   0.98389 0.00000 0.01611 ( 1)  0.155  0.016
 342 -   0.98389 0.00000 0.01611 ( 1)  0.155  0.016
 343 -   0.98389 0.00000 0.01611 ( 1)  0.155  0.016
 344 -   0.98389 0.00000 0.01611 ( 1)  0.155  0.016
 345 -   0.98389 0.00000 0.01611 ( 1)  0.155  0.016
 346 -   0.98389 0.00000 0.01611 ( 1)  0.155  0.016
 347 -   0.98389 0.00000 0.01611 ( 1)  0.155  0.016
 348 -   0.98389 0.00000 0.01611 ( 1)  0.155  0.016
 349 -   0.98389 0.00000 0.01611 ( 1)  0.155  0.016
 350 -   0.98389 0.00000 0.01611 ( 1)  0.155  0.016
 351 -   0.98389 0.00000 0.01611 ( 1)  0.155  0.016
 352 -   0.98389 0.00000 0.01611 ( 1)  0.155  0.016
 353 -   0.98389 0.00000 0.01611 ( 1)  0.155  0.016
 354 -   0.98389 0.00000 0.01611 ( 1)  0.155  0.016
 355 G   1.00000 0.00000 0.00000 ( 1)  0.008  0.000
 356 F   1.00000 0.00000 0.00000 ( 1)  0.008  0.000
 357 A   1.00000 0.00000 0.00000 ( 1)  0.008  0.000
 358 F   1.00000 0.00000 0.00000 ( 1)  0.008  0.000
 359 P   1.00000 0.00000 0.00000 ( 1)  0.008  0.000
 360 D   1.00000 0.00000 0.00000 ( 1)  0.008  0.000
 361 W   1.00000 0.00000 0.00000 ( 1)  0.008  0.000
 362 A   1.00000 0.00000 0.00000 ( 1)  0.008  0.000
 363 Y   1.00000 0.00000 0.00000 ( 1)  0.008  0.000
 364 K   1.00000 0.00000 0.00000 ( 1)  0.008  0.000
 365 P   0.99998 0.00000 0.00002 ( 1)  0.008  0.000
 366 E   1.00000 0.00000 0.00000 ( 1)  0.008  0.000
 367 S   1.00000 0.00000 0.00000 ( 1)  0.008  0.000
 368 S   1.00000 0.00000 0.00000 ( 1)  0.008  0.000
 369 P   0.99999 0.00000 0.00001 ( 1)  0.008  0.000
 370 G   1.00000 0.00000 0.00000 ( 1)  0.008  0.000
 371 S   1.00000 0.00000 0.00000 ( 1)  0.008  0.000
 372 R   1.00000 0.00000 0.00000 ( 1)  0.008  0.000
 373 Q   1.00000 0.00000 0.00000 ( 1)  0.008  0.000
 374 I   1.00000 0.00000 0.00000 ( 1)  0.008  0.000
 375 Q   1.00000 0.00000 0.00000 ( 1)  0.008  0.000
 376 L   1.00000 0.00000 0.00000 ( 1)  0.008  0.000
 377 W   1.00000 0.00000 0.00000 ( 1)  0.008  0.000
 378 H   1.00000 0.00000 0.00000 ( 1)  0.008  0.000
 379 F   1.00000 0.00000 0.00000 ( 1)  0.008  0.000
 380 I   1.00000 0.00000 0.00000 ( 1)  0.008  0.000
 381 L   1.00000 0.00000 0.00000 ( 1)  0.008  0.000
 382 E   1.00000 0.00000 0.00000 ( 1)  0.008  0.000
 383 L   1.00000 0.00000 0.00000 ( 1)  0.008  0.000
 384 L   1.00000 0.00000 0.00000 ( 1)  0.008  0.000
 385 Q   1.00000 0.00000 0.00000 ( 1)  0.008  0.000
 386 K   1.00000 0.00000 0.00000 ( 1)  0.008  0.000
 387 E   1.00000 0.00000 0.00000 ( 1)  0.008  0.000
 388 E   1.00000 0.00000 0.00000 ( 1)  0.008  0.000
 389 Y   1.00000 0.00000 0.00000 ( 1)  0.008  0.000
 390 Q   1.00000 0.00000 0.00000 ( 1)  0.008  0.000
 391 G   1.00000 0.00000 0.00000 ( 1)  0.008  0.000
 392 V   1.00000 0.00000 0.00000 ( 1)  0.008  0.000
 393 I   1.00000 0.00000 0.00000 ( 1)  0.008  0.000
 394 A   1.00000 0.00000 0.00000 ( 1)  0.008  0.000
 395 W   1.00000 0.00000 0.00000 ( 1)  0.008  0.000
 396 Q   1.00000 0.00000 0.00000 ( 1)  0.008  0.000
 397 G   1.00000 0.00000 0.00000 ( 1)  0.008  0.000
 398 D   1.00000 0.00000 0.00000 ( 1)  0.008  0.000
 399 Y   1.00000 0.00000 0.00000 ( 1)  0.008  0.000
 400 G   1.00000 0.00000 0.00000 ( 1)  0.008  0.000
 401 E   0.99997 0.00000 0.00003 ( 1)  0.008  0.000
 402 F   1.00000 0.00000 0.00000 ( 1)  0.008  0.000
 403 V   1.00000 0.00000 0.00000 ( 1)  0.008  0.000
 404 I   1.00000 0.00000 0.00000 ( 1)  0.008  0.000
 405 K   1.00000 0.00000 0.00000 ( 1)  0.008  0.000
 406 D   1.00000 0.00000 0.00000 ( 1)  0.008  0.000
 407 P   1.00000 0.00000 0.00000 ( 1)  0.008  0.000
 408 D   1.00000 0.00000 0.00000 ( 1)  0.008  0.000
 409 E   1.00000 0.00000 0.00000 ( 1)  0.008  0.000
 410 V   1.00000 0.00000 0.00000 ( 1)  0.008  0.000
 411 A   1.00000 0.00000 0.00000 ( 1)  0.008  0.000
 412 R   1.00000 0.00000 0.00000 ( 1)  0.008  0.000
 413 L   1.00000 0.00000 0.00000 ( 1)  0.008  0.000
 414 W   1.00000 0.00000 0.00000 ( 1)  0.008  0.000
 415 G   1.00000 0.00000 0.00000 ( 1)  0.008  0.000
 416 I   1.00000 0.00000 0.00000 ( 1)  0.008  0.000
 417 R   1.00000 0.00000 0.00000 ( 1)  0.008  0.000
 418 K   1.00000 0.00000 0.00000 ( 1)  0.008  0.000
 419 C   1.00000 0.00000 0.00000 ( 1)  0.008  0.000
 420 K   1.00000 0.00000 0.00000 ( 1)  0.008  0.000
 421 P   1.00000 0.00000 0.00000 ( 1)  0.008  0.000
 422 H   1.00000 0.00000 0.00000 ( 1)  0.008  0.000
 423 M   1.00000 0.00000 0.00000 ( 1)  0.008  0.000
 424 N   1.00000 0.00000 0.00000 ( 1)  0.008  0.000
 425 Y   1.00000 0.00000 0.00000 ( 1)  0.008  0.000
 426 D   1.00000 0.00000 0.00000 ( 1)  0.008  0.000
 427 K   1.00000 0.00000 0.00000 ( 1)  0.008  0.000
 428 L   1.00000 0.00000 0.00000 ( 1)  0.008  0.000
 429 S   1.00000 0.00000 0.00000 ( 1)  0.008  0.000
 430 R   1.00000 0.00000 0.00000 ( 1)  0.008  0.000
 431 A   1.00000 0.00000 0.00000 ( 1)  0.008  0.000
 432 L   1.00000 0.00000 0.00000 ( 1)  0.008  0.000
 433 R   0.99999 0.00000 0.00001 ( 1)  0.008  0.000
 434 Y   1.00000 0.00000 0.00000 ( 1)  0.008  0.000
 435 Y   1.00000 0.00000 0.00000 ( 1)  0.008  0.000
 436 Y   1.00000 0.00000 0.00000 ( 1)  0.008  0.000
 437 N   1.00000 0.00000 0.00000 ( 1)  0.008  0.000
 438 K   1.00000 0.00000 0.00000 ( 1)  0.008  0.000
 439 R   1.00000 0.00000 0.00000 ( 1)  0.008  0.000
 440 I   0.99999 0.00000 0.00001 ( 1)  0.008  0.000
 441 L   1.00000 0.00000 0.00000 ( 1)  0.008  0.000
 442 H   1.00000 0.00000 0.00000 ( 1)  0.008  0.000
 443 K   1.00000 0.00000 0.00000 ( 1)  0.008  0.000
 444 T   1.00000 0.00000 0.00000 ( 1)  0.008  0.000
 445 K   0.99997 0.00000 0.00003 ( 1)  0.008  0.000
 446 G   1.00000 0.00000 0.00000 ( 1)  0.008  0.000
 447 K   1.00000 0.00000 0.00000 ( 1)  0.008  0.000
 448 R   1.00000 0.00000 0.00000 ( 1)  0.008  0.000
 449 F   1.00000 0.00000 0.00000 ( 1)  0.008  0.000
 450 T   1.00000 0.00000 0.00000 ( 1)  0.008  0.000
 451 Y   1.00000 0.00000 0.00000 ( 1)  0.008  0.000
 452 K   1.00000 0.00000 0.00000 ( 1)  0.008  0.000
 453 F   1.00000 0.00000 0.00000 ( 1)  0.008  0.000
 454 N   1.00000 0.00000 0.00000 ( 1)  0.008  0.000
 455 F   1.00000 0.00000 0.00000 ( 1)  0.008  0.000

Positively selected sites

	Prob(w>1)  mean w

   237 -      0.706         6.475
   243 -      0.799         7.323
   260 -      0.929         8.514


lnL = -2221.606155

Bayes Empirical Bayes (BEB) probabilities for 3 classes (class) & postmean_w
(amino acids refer to 1st sequence: aotNan_LOC105723390_XM_012461345)

   1 -   0.93330 0.03335 0.03335 ( 1)  0.288 +-  1.231
   2 -   0.93330 0.03335 0.03335 ( 1)  0.288 +-  1.231
   3 -   0.93330 0.03335 0.03335 ( 1)  0.288 +-  1.231
   4 -   0.93330 0.03335 0.03335 ( 1)  0.288 +-  1.231
   5 -   0.93330 0.03335 0.03335 ( 1)  0.288 +-  1.231
   6 -   0.93330 0.03335 0.03335 ( 1)  0.288 +-  1.231
   7 -   0.93330 0.03335 0.03335 ( 1)  0.288 +-  1.231
   8 -   0.93330 0.03335 0.03335 ( 1)  0.288 +-  1.231
   9 -   0.93330 0.03335 0.03335 ( 1)  0.288 +-  1.231
  10 -   0.93330 0.03335 0.03335 ( 1)  0.288 +-  1.231
  11 -   0.93330 0.03335 0.03335 ( 1)  0.288 +-  1.231
  12 -   0.93330 0.03335 0.03335 ( 1)  0.288 +-  1.231
  13 -   0.93330 0.03335 0.03335 ( 1)  0.288 +-  1.231
  14 -   0.93330 0.03335 0.03335 ( 1)  0.288 +-  1.231
  15 -   0.93330 0.03335 0.03335 ( 1)  0.288 +-  1.231
  16 -   0.93330 0.03335 0.03335 ( 1)  0.288 +-  1.231
  17 -   0.93330 0.03335 0.03335 ( 1)  0.288 +-  1.231
  18 -   0.93330 0.03335 0.03335 ( 1)  0.288 +-  1.231
  19 -   0.93330 0.03335 0.03335 ( 1)  0.288 +-  1.231
  20 -   0.93330 0.03335 0.03335 ( 1)  0.288 +-  1.231
  21 -   0.93330 0.03335 0.03335 ( 1)  0.288 +-  1.231
  22 -   0.93330 0.03335 0.03335 ( 1)  0.288 +-  1.231
  23 -   0.93330 0.03335 0.03335 ( 1)  0.288 +-  1.231
  24 -   0.93330 0.03335 0.03335 ( 1)  0.288 +-  1.231
  25 -   0.93330 0.03335 0.03335 ( 1)  0.288 +-  1.231
  26 -   0.93330 0.03335 0.03335 ( 1)  0.288 +-  1.231
  27 -   0.93330 0.03335 0.03335 ( 1)  0.288 +-  1.231
  28 -   0.93330 0.03335 0.03335 ( 1)  0.288 +-  1.231
  29 -   0.93330 0.03335 0.03335 ( 1)  0.288 +-  1.231
  30 -   0.93330 0.03335 0.03335 ( 1)  0.288 +-  1.231
  31 -   0.93330 0.03335 0.03335 ( 1)  0.288 +-  1.231
  32 -   0.93330 0.03335 0.03335 ( 1)  0.288 +-  1.231
  33 -   0.93330 0.03335 0.03335 ( 1)  0.288 +-  1.231
  34 -   0.93330 0.03335 0.03335 ( 1)  0.288 +-  1.231
  35 -   0.93330 0.03335 0.03335 ( 1)  0.288 +-  1.231
  36 -   0.93330 0.03335 0.03335 ( 1)  0.288 +-  1.231
  37 -   0.93330 0.03335 0.03335 ( 1)  0.288 +-  1.231
  38 -   0.93330 0.03335 0.03335 ( 1)  0.288 +-  1.231
  39 -   0.93330 0.03335 0.03335 ( 1)  0.288 +-  1.231
  40 -   0.93330 0.03335 0.03335 ( 1)  0.288 +-  1.231
  41 -   0.93330 0.03335 0.03335 ( 1)  0.288 +-  1.231
  42 -   0.93330 0.03335 0.03335 ( 1)  0.288 +-  1.231
  43 -   0.93330 0.03335 0.03335 ( 1)  0.288 +-  1.231
  44 -   0.93330 0.03335 0.03335 ( 1)  0.288 +-  1.231
  45 -   0.93330 0.03335 0.03335 ( 1)  0.288 +-  1.231
  46 -   0.93330 0.03335 0.03335 ( 1)  0.288 +-  1.231
  47 -   0.93330 0.03335 0.03335 ( 1)  0.288 +-  1.231
  48 -   0.93330 0.03335 0.03335 ( 1)  0.288 +-  1.231
  49 -   0.93330 0.03335 0.03335 ( 1)  0.288 +-  1.231
  50 -   0.93330 0.03335 0.03335 ( 1)  0.288 +-  1.231
  51 -   0.93330 0.03335 0.03335 ( 1)  0.288 +-  1.231
  52 -   0.93330 0.03335 0.03335 ( 1)  0.288 +-  1.231
  53 -   0.93330 0.03335 0.03335 ( 1)  0.288 +-  1.231
  54 -   0.93330 0.03335 0.03335 ( 1)  0.288 +-  1.231
  55 -   0.93330 0.03335 0.03335 ( 1)  0.288 +-  1.231
  56 -   0.93330 0.03335 0.03335 ( 1)  0.288 +-  1.231
  57 -   0.93330 0.03335 0.03335 ( 1)  0.288 +-  1.231
  58 -   0.93330 0.03335 0.03335 ( 1)  0.288 +-  1.231
  59 -   0.93330 0.03335 0.03335 ( 1)  0.288 +-  1.231
  60 -   0.93330 0.03335 0.03335 ( 1)  0.288 +-  1.231
  61 -   0.93330 0.03335 0.03335 ( 1)  0.288 +-  1.231
  62 -   0.93330 0.03335 0.03335 ( 1)  0.288 +-  1.231
  63 -   0.93330 0.03335 0.03335 ( 1)  0.288 +-  1.231
  64 -   0.93330 0.03335 0.03335 ( 1)  0.288 +-  1.231
  65 -   0.93330 0.03335 0.03335 ( 1)  0.288 +-  1.231
  66 -   0.93330 0.03335 0.03335 ( 1)  0.288 +-  1.231
  67 -   0.93330 0.03335 0.03335 ( 1)  0.288 +-  1.231
  68 -   0.93330 0.03335 0.03335 ( 1)  0.288 +-  1.231
  69 -   0.93330 0.03335 0.03335 ( 1)  0.288 +-  1.231
  70 -   0.93330 0.03335 0.03335 ( 1)  0.288 +-  1.231
  71 -   0.93330 0.03335 0.03335 ( 1)  0.288 +-  1.231
  72 -   0.93330 0.03335 0.03335 ( 1)  0.288 +-  1.231
  73 -   0.93330 0.03335 0.03335 ( 1)  0.288 +-  1.231
  74 -   0.93330 0.03335 0.03335 ( 1)  0.288 +-  1.231
  75 -   0.93330 0.03335 0.03335 ( 1)  0.288 +-  1.231
  76 -   0.93330 0.03335 0.03335 ( 1)  0.288 +-  1.231
  77 -   0.93330 0.03335 0.03335 ( 1)  0.288 +-  1.231
  78 -   0.93330 0.03335 0.03335 ( 1)  0.288 +-  1.231
  79 -   0.93330 0.03335 0.03335 ( 1)  0.288 +-  1.231
  80 -   0.93330 0.03335 0.03335 ( 1)  0.288 +-  1.231
  81 -   0.93330 0.03335 0.03335 ( 1)  0.288 +-  1.231
  82 -   0.93330 0.03335 0.03335 ( 1)  0.288 +-  1.231
  83 -   0.93330 0.03335 0.03335 ( 1)  0.288 +-  1.231
  84 -   0.93330 0.03335 0.03335 ( 1)  0.288 +-  1.231
  85 -   0.93330 0.03335 0.03335 ( 1)  0.288 +-  1.231
  86 -   0.93330 0.03335 0.03335 ( 1)  0.288 +-  1.231
  87 -   0.93330 0.03335 0.03335 ( 1)  0.288 +-  1.231
  88 -   0.93330 0.03335 0.03335 ( 1)  0.288 +-  1.231
  89 -   0.93330 0.03335 0.03335 ( 1)  0.288 +-  1.231
  90 -   0.93330 0.03335 0.03335 ( 1)  0.288 +-  1.231
  91 -   0.93330 0.03335 0.03335 ( 1)  0.288 +-  1.231
  92 -   0.93330 0.03335 0.03335 ( 1)  0.288 +-  1.231
  93 -   0.93330 0.03335 0.03335 ( 1)  0.288 +-  1.231
  94 -   0.93330 0.03335 0.03335 ( 1)  0.288 +-  1.231
  95 -   0.93330 0.03335 0.03335 ( 1)  0.288 +-  1.231
  96 -   0.93330 0.03335 0.03335 ( 1)  0.288 +-  1.231
  97 -   0.93330 0.03335 0.03335 ( 1)  0.288 +-  1.231
  98 -   0.93330 0.03335 0.03335 ( 1)  0.288 +-  1.231
  99 -   0.93330 0.03335 0.03335 ( 1)  0.288 +-  1.231
 100 -   0.93330 0.03335 0.03335 ( 1)  0.288 +-  1.231
 101 -   0.93330 0.03335 0.03335 ( 1)  0.288 +-  1.231
 102 -   0.93330 0.03335 0.03335 ( 1)  0.288 +-  1.231
 103 -   0.93330 0.03335 0.03335 ( 1)  0.288 +-  1.231
 104 -   0.93330 0.03335 0.03335 ( 1)  0.288 +-  1.231
 105 -   0.93330 0.03335 0.03335 ( 1)  0.288 +-  1.231
 106 -   0.93330 0.03335 0.03335 ( 1)  0.288 +-  1.231
 107 -   0.93330 0.03335 0.03335 ( 1)  0.288 +-  1.231
 108 -   0.93330 0.03335 0.03335 ( 1)  0.288 +-  1.231
 109 -   0.93330 0.03335 0.03335 ( 1)  0.288 +-  1.231
 110 -   0.93330 0.03335 0.03335 ( 1)  0.288 +-  1.231
 111 -   0.93330 0.03335 0.03335 ( 1)  0.288 +-  1.231
 112 -   0.93330 0.03335 0.03335 ( 1)  0.288 +-  1.231
 113 -   0.93330 0.03335 0.03335 ( 1)  0.288 +-  1.231
 114 -   0.93330 0.03335 0.03335 ( 1)  0.288 +-  1.231
 115 -   0.93330 0.03335 0.03335 ( 1)  0.288 +-  1.231
 116 -   0.93330 0.03335 0.03335 ( 1)  0.288 +-  1.231
 117 -   0.93330 0.03335 0.03335 ( 1)  0.288 +-  1.231
 118 -   0.93330 0.03335 0.03335 ( 1)  0.288 +-  1.231
 119 -   0.93330 0.03335 0.03335 ( 1)  0.288 +-  1.231
 120 -   0.93330 0.03335 0.03335 ( 1)  0.288 +-  1.231
 121 -   0.93330 0.03335 0.03335 ( 1)  0.288 +-  1.231
 122 -   0.93330 0.03335 0.03335 ( 1)  0.288 +-  1.231
 123 -   0.93330 0.03335 0.03335 ( 1)  0.288 +-  1.231
 124 -   0.93330 0.03335 0.03335 ( 1)  0.288 +-  1.231
 125 -   0.93330 0.03335 0.03335 ( 1)  0.288 +-  1.231
 126 -   0.93330 0.03335 0.03335 ( 1)  0.288 +-  1.231
 127 -   0.93330 0.03335 0.03335 ( 1)  0.288 +-  1.231
 128 -   0.93330 0.03335 0.03335 ( 1)  0.288 +-  1.231
 129 -   0.93330 0.03335 0.03335 ( 1)  0.288 +-  1.231
 130 -   0.93330 0.03335 0.03335 ( 1)  0.288 +-  1.231
 131 -   0.93330 0.03335 0.03335 ( 1)  0.288 +-  1.231
 132 -   0.93330 0.03335 0.03335 ( 1)  0.288 +-  1.231
 133 -   0.93330 0.03335 0.03335 ( 1)  0.288 +-  1.231
 134 -   0.93330 0.03335 0.03335 ( 1)  0.288 +-  1.231
 135 -   0.93330 0.03335 0.03335 ( 1)  0.288 +-  1.231
 136 -   0.93330 0.03335 0.03335 ( 1)  0.288 +-  1.231
 137 -   0.93330 0.03335 0.03335 ( 1)  0.288 +-  1.231
 138 -   0.93330 0.03335 0.03335 ( 1)  0.288 +-  1.231
 139 -   0.93330 0.03335 0.03335 ( 1)  0.288 +-  1.231
 140 -   0.93330 0.03335 0.03335 ( 1)  0.288 +-  1.231
 141 -   0.93330 0.03335 0.03335 ( 1)  0.288 +-  1.231
 142 -   0.93330 0.03335 0.03335 ( 1)  0.288 +-  1.231
 143 -   0.93330 0.03335 0.03335 ( 1)  0.288 +-  1.231
 144 -   0.93330 0.03335 0.03335 ( 1)  0.288 +-  1.231
 145 -   0.93330 0.03335 0.03335 ( 1)  0.288 +-  1.231
 146 -   0.93330 0.03335 0.03335 ( 1)  0.288 +-  1.231
 147 -   0.93330 0.03335 0.03335 ( 1)  0.288 +-  1.231
 148 -   0.93330 0.03335 0.03335 ( 1)  0.288 +-  1.231
 149 -   0.93330 0.03335 0.03335 ( 1)  0.288 +-  1.231
 150 -   0.93330 0.03335 0.03335 ( 1)  0.288 +-  1.231
 151 -   0.93330 0.03335 0.03335 ( 1)  0.288 +-  1.231
 152 -   0.93330 0.03335 0.03335 ( 1)  0.288 +-  1.231
 153 -   0.93330 0.03335 0.03335 ( 1)  0.288 +-  1.231
 154 -   0.93330 0.03335 0.03335 ( 1)  0.288 +-  1.231
 155 -   0.93330 0.03335 0.03335 ( 1)  0.288 +-  1.231
 156 -   0.93330 0.03335 0.03335 ( 1)  0.288 +-  1.231
 157 -   0.93330 0.03335 0.03335 ( 1)  0.288 +-  1.231
 158 -   0.93330 0.03335 0.03335 ( 1)  0.288 +-  1.231
 159 -   0.93330 0.03335 0.03335 ( 1)  0.288 +-  1.231
 160 -   0.93330 0.03335 0.03335 ( 1)  0.288 +-  1.231
 161 -   0.93330 0.03335 0.03335 ( 1)  0.288 +-  1.231
 162 -   0.93330 0.03335 0.03335 ( 1)  0.288 +-  1.231
 163 -   0.93330 0.03335 0.03335 ( 1)  0.288 +-  1.231
 164 -   0.93330 0.03335 0.03335 ( 1)  0.288 +-  1.231
 165 -   0.93330 0.03335 0.03335 ( 1)  0.288 +-  1.231
 166 -   0.93330 0.03335 0.03335 ( 1)  0.288 +-  1.231
 167 -   0.93330 0.03335 0.03335 ( 1)  0.288 +-  1.231
 168 -   0.93330 0.03335 0.03335 ( 1)  0.288 +-  1.231
 169 -   0.93330 0.03335 0.03335 ( 1)  0.288 +-  1.231
 170 -   0.93330 0.03335 0.03335 ( 1)  0.288 +-  1.231
 171 -   0.93330 0.03335 0.03335 ( 1)  0.288 +-  1.231
 172 -   0.93330 0.03335 0.03335 ( 1)  0.288 +-  1.231
 173 -   0.93330 0.03335 0.03335 ( 1)  0.288 +-  1.231
 174 -   0.93330 0.03335 0.03335 ( 1)  0.288 +-  1.231
 175 -   0.93330 0.03335 0.03335 ( 1)  0.288 +-  1.231
 176 -   0.93330 0.03335 0.03335 ( 1)  0.288 +-  1.231
 177 -   0.93330 0.03335 0.03335 ( 1)  0.288 +-  1.231
 178 -   0.93330 0.03335 0.03335 ( 1)  0.288 +-  1.231
 179 -   0.93330 0.03335 0.03335 ( 1)  0.288 +-  1.231
 180 -   0.93330 0.03335 0.03335 ( 1)  0.288 +-  1.231
 181 -   0.96334 0.02614 0.01052 ( 1)  0.127 +-  0.596
 182 -   0.93330 0.03335 0.03335 ( 1)  0.288 +-  1.231
 183 -   0.93330 0.03335 0.03335 ( 1)  0.288 +-  1.231
 184 -   0.93330 0.03335 0.03335 ( 1)  0.288 +-  1.231
 185 -   0.93330 0.03335 0.03335 ( 1)  0.288 +-  1.231
 186 -   0.93330 0.03335 0.03335 ( 1)  0.288 +-  1.231
 187 -   0.93330 0.03335 0.03335 ( 1)  0.288 +-  1.231
 188 -   0.93330 0.03335 0.03335 ( 1)  0.288 +-  1.231
 189 -   0.93330 0.03335 0.03335 ( 1)  0.288 +-  1.231
 190 -   0.93330 0.03335 0.03335 ( 1)  0.288 +-  1.231
 191 -   0.93330 0.03335 0.03335 ( 1)  0.288 +-  1.231
 192 -   0.93330 0.03335 0.03335 ( 1)  0.288 +-  1.231
 193 -   0.93330 0.03335 0.03335 ( 1)  0.288 +-  1.231
 194 -   0.93330 0.03335 0.03335 ( 1)  0.288 +-  1.231
 195 -   0.93330 0.03335 0.03335 ( 1)  0.288 +-  1.231
 196 -   0.93330 0.03335 0.03335 ( 1)  0.288 +-  1.231
 197 -   0.93330 0.03335 0.03335 ( 1)  0.288 +-  1.231
 198 -   0.93330 0.03335 0.03335 ( 1)  0.288 +-  1.231
 199 -   0.93330 0.03335 0.03335 ( 1)  0.288 +-  1.231
 200 -   0.93330 0.03335 0.03335 ( 1)  0.288 +-  1.231
 201 -   0.93330 0.03335 0.03335 ( 1)  0.288 +-  1.231
 202 -   0.93330 0.03335 0.03335 ( 1)  0.288 +-  1.231
 203 -   0.93330 0.03335 0.03335 ( 1)  0.288 +-  1.231
 204 -   0.93330 0.03335 0.03335 ( 1)  0.288 +-  1.231
 205 -   0.93330 0.03335 0.03335 ( 1)  0.288 +-  1.231
 206 -   0.93330 0.03335 0.03335 ( 1)  0.288 +-  1.231
 207 -   0.93330 0.03335 0.03335 ( 1)  0.288 +-  1.231
 208 -   0.93330 0.03335 0.03335 ( 1)  0.288 +-  1.231
 209 -   0.93330 0.03335 0.03335 ( 1)  0.288 +-  1.231
 210 -   0.93330 0.03335 0.03335 ( 1)  0.288 +-  1.231
 211 -   0.93330 0.03335 0.03335 ( 1)  0.288 +-  1.231
 212 -   0.93330 0.03335 0.03335 ( 1)  0.288 +-  1.231
 213 -   0.93330 0.03335 0.03335 ( 1)  0.288 +-  1.231
 214 -   0.93330 0.03335 0.03335 ( 1)  0.288 +-  1.231
 215 -   0.93330 0.03335 0.03335 ( 1)  0.288 +-  1.231
 216 -   0.93330 0.03335 0.03335 ( 1)  0.288 +-  1.231
 217 -   0.93330 0.03335 0.03335 ( 1)  0.288 +-  1.231
 218 -   0.93330 0.03335 0.03335 ( 1)  0.288 +-  1.231
 219 -   0.93330 0.03335 0.03335 ( 1)  0.288 +-  1.231
 220 -   0.93330 0.03335 0.03335 ( 1)  0.288 +-  1.231
 221 -   0.93330 0.03335 0.03335 ( 1)  0.288 +-  1.231
 222 -   0.93330 0.03335 0.03335 ( 1)  0.288 +-  1.231
 223 -   0.93330 0.03335 0.03335 ( 1)  0.288 +-  1.231
 224 -   0.93330 0.03335 0.03335 ( 1)  0.288 +-  1.231
 225 -   0.93330 0.03335 0.03335 ( 1)  0.288 +-  1.231
 226 -   0.93330 0.03335 0.03335 ( 1)  0.288 +-  1.231
 227 -   0.93330 0.03335 0.03335 ( 1)  0.288 +-  1.231
 228 -   0.93330 0.03335 0.03335 ( 1)  0.288 +-  1.231
 229 -   0.93330 0.03335 0.03335 ( 1)  0.288 +-  1.231
 230 -   0.93330 0.03335 0.03335 ( 1)  0.288 +-  1.231
 231 -   0.93330 0.03335 0.03335 ( 1)  0.288 +-  1.231
 232 -   0.93330 0.03335 0.03335 ( 1)  0.288 +-  1.231
 233 -   0.93330 0.03335 0.03335 ( 1)  0.288 +-  1.231
 234 -   0.94226 0.03217 0.02557 ( 1)  0.230 +-  1.036
 235 -   0.96269 0.02588 0.01143 ( 1)  0.133 +-  0.641
 236 -   0.96351 0.02604 0.01045 ( 1)  0.126 +-  0.594
 237 -   0.41677 0.22173 0.36150 ( 1)  2.491 +-  3.276
 238 -   0.96297 0.02620 0.01084 ( 1)  0.129 +-  0.609
 239 -   0.96092 0.02698 0.01210 ( 1)  0.137 +-  0.654
 240 -   0.96518 0.02526 0.00956 ( 1)  0.120 +-  0.563
 241 -   0.96566 0.02530 0.00904 ( 1)  0.117 +-  0.536
 242 -   0.96297 0.02620 0.01084 ( 1)  0.129 +-  0.609
 243 -   0.34789 0.20425 0.44786 ( 3)  3.083 +-  3.508
 244 -   0.95360 0.02944 0.01696 ( 1)  0.170 +-  0.802
 245 -   0.94724 0.03125 0.02151 ( 1)  0.201 +-  0.927
 246 -   0.96468 0.02494 0.01038 ( 1)  0.126 +-  0.608
 247 -   0.95360 0.02944 0.01696 ( 1)  0.170 +-  0.802
 248 -   0.94942 0.03086 0.01972 ( 1)  0.188 +-  0.873
 249 -   0.95360 0.02944 0.01696 ( 1)  0.170 +-  0.802
 250 -   0.94683 0.03136 0.02180 ( 1)  0.203 +-  0.934
 251 -   0.96206 0.02634 0.01159 ( 1)  0.134 +-  0.641
 252 -   0.95360 0.02944 0.01696 ( 1)  0.170 +-  0.802
 253 -   0.96276 0.02629 0.01095 ( 1)  0.129 +-  0.612
 254 -   0.96304 0.02639 0.01058 ( 1)  0.127 +-  0.592
 255 -   0.96092 0.02698 0.01210 ( 1)  0.137 +-  0.654
 256 -   0.96283 0.02650 0.01067 ( 1)  0.127 +-  0.594
 257 -   0.96111 0.02666 0.01223 ( 1)  0.139 +-  0.672
 258 -   0.94942 0.03086 0.01972 ( 1)  0.188 +-  0.873
 259 -   0.96227 0.02625 0.01148 ( 1)  0.133 +-  0.637
 260 -   0.21665 0.14852 0.63484 ( 3)  4.403 +-  3.701
 261 -   0.96276 0.02629 0.01095 ( 1)  0.129 +-  0.612
 262 -   0.96518 0.02526 0.00956 ( 1)  0.120 +-  0.563
 263 -   0.96206 0.02634 0.01159 ( 1)  0.134 +-  0.641
 264 -   0.96528 0.02547 0.00925 ( 1)  0.118 +-  0.544
 265 -   0.96347 0.02627 0.01026 ( 1)  0.124 +-  0.579
 266 -   0.96297 0.02620 0.01084 ( 1)  0.129 +-  0.609
 267 -   0.96518 0.02526 0.00956 ( 1)  0.120 +-  0.563
 268 -   0.96283 0.02650 0.01067 ( 1)  0.127 +-  0.594
 269 -   0.96297 0.02620 0.01084 ( 1)  0.129 +-  0.609
 270 M   0.99782 0.00213 0.00005 ( 1)  0.052 +-  0.045
 271 -   0.93330 0.03335 0.03335 ( 1)  0.288 +-  1.231
 272 -   0.93330 0.03335 0.03335 ( 1)  0.288 +-  1.231
 273 -   0.93330 0.03335 0.03335 ( 1)  0.288 +-  1.231
 274 -   0.93330 0.03335 0.03335 ( 1)  0.288 +-  1.231
 275 -   0.93330 0.03335 0.03335 ( 1)  0.288 +-  1.231
 276 -   0.93330 0.03335 0.03335 ( 1)  0.288 +-  1.231
 277 -   0.93330 0.03335 0.03335 ( 1)  0.288 +-  1.231
 278 -   0.93330 0.03335 0.03335 ( 1)  0.288 +-  1.231
 279 -   0.93330 0.03335 0.03335 ( 1)  0.288 +-  1.231
 280 -   0.93330 0.03335 0.03335 ( 1)  0.288 +-  1.231
 281 -   0.93330 0.03335 0.03335 ( 1)  0.288 +-  1.231
 282 -   0.93330 0.03335 0.03335 ( 1)  0.288 +-  1.231
 283 -   0.93330 0.03335 0.03335 ( 1)  0.288 +-  1.231
 284 -   0.93330 0.03335 0.03335 ( 1)  0.288 +-  1.231
 285 -   0.93330 0.03335 0.03335 ( 1)  0.288 +-  1.231
 286 -   0.93330 0.03335 0.03335 ( 1)  0.288 +-  1.231
 287 -   0.93330 0.03335 0.03335 ( 1)  0.288 +-  1.231
 288 -   0.93330 0.03335 0.03335 ( 1)  0.288 +-  1.231
 289 -   0.93330 0.03335 0.03335 ( 1)  0.288 +-  1.231
 290 -   0.93330 0.03335 0.03335 ( 1)  0.288 +-  1.231
 291 -   0.93330 0.03335 0.03335 ( 1)  0.288 +-  1.231
 292 -   0.93330 0.03335 0.03335 ( 1)  0.288 +-  1.231
 293 -   0.93330 0.03335 0.03335 ( 1)  0.288 +-  1.231
 294 -   0.93330 0.03335 0.03335 ( 1)  0.288 +-  1.231
 295 -   0.93330 0.03335 0.03335 ( 1)  0.288 +-  1.231
 296 -   0.93330 0.03335 0.03335 ( 1)  0.288 +-  1.231
 297 -   0.93330 0.03335 0.03335 ( 1)  0.288 +-  1.231
 298 -   0.93330 0.03335 0.03335 ( 1)  0.288 +-  1.231
 299 -   0.93330 0.03335 0.03335 ( 1)  0.288 +-  1.231
 300 -   0.93330 0.03335 0.03335 ( 1)  0.288 +-  1.231
 301 D   0.99870 0.00128 0.00002 ( 1)  0.051 +-  0.035
 302 C   0.98282 0.01561 0.00157 ( 1)  0.068 +-  0.158
 303 S   0.99751 0.00243 0.00006 ( 1)  0.052 +-  0.048
 304 C   0.99567 0.00419 0.00014 ( 1)  0.054 +-  0.064
 305 V   0.93174 0.06496 0.00330 ( 1)  0.118 +-  0.257
 306 S   0.99615 0.00373 0.00011 ( 1)  0.054 +-  0.061
 307 D   0.99783 0.00212 0.00005 ( 1)  0.052 +-  0.045
 308 L   0.97990 0.01784 0.00226 ( 1)  0.073 +-  0.194
 309 L   0.99636 0.00353 0.00011 ( 1)  0.054 +-  0.059
 310 F   0.99677 0.00314 0.00009 ( 1)  0.053 +-  0.055
 311 A   0.93344 0.06354 0.00301 ( 1)  0.116 +-  0.251
 312 P   0.99543 0.00442 0.00015 ( 1)  0.054 +-  0.067
 313 P   0.99643 0.00346 0.00010 ( 1)  0.053 +-  0.058
 314 A   0.99635 0.00354 0.00011 ( 1)  0.054 +-  0.059
 315 L   0.98880 0.01046 0.00074 ( 1)  0.061 +-  0.116
 316 P   0.99543 0.00442 0.00015 ( 1)  0.054 +-  0.067
 317 A   0.98016 0.01766 0.00218 ( 1)  0.072 +-  0.188
 318 L   0.99636 0.00353 0.00011 ( 1)  0.054 +-  0.059
 319 W   0.98989 0.00954 0.00057 ( 1)  0.060 +-  0.104
 320 T   0.99631 0.00359 0.00011 ( 1)  0.054 +-  0.059
 321 P   0.99714 0.00279 0.00007 ( 1)  0.053 +-  0.052
 322 -   0.93330 0.03335 0.03335 ( 1)  0.288 +-  1.231
 323 -   0.93330 0.03335 0.03335 ( 1)  0.288 +-  1.231
 324 -   0.93330 0.03335 0.03335 ( 1)  0.288 +-  1.231
 325 -   0.93330 0.03335 0.03335 ( 1)  0.288 +-  1.231
 326 -   0.93330 0.03335 0.03335 ( 1)  0.288 +-  1.231
 327 -   0.93330 0.03335 0.03335 ( 1)  0.288 +-  1.231
 328 -   0.93330 0.03335 0.03335 ( 1)  0.288 +-  1.231
 329 -   0.93330 0.03335 0.03335 ( 1)  0.288 +-  1.231
 330 -   0.93330 0.03335 0.03335 ( 1)  0.288 +-  1.231
 331 -   0.93330 0.03335 0.03335 ( 1)  0.288 +-  1.231
 332 -   0.93330 0.03335 0.03335 ( 1)  0.288 +-  1.231
 333 -   0.93330 0.03335 0.03335 ( 1)  0.288 +-  1.231
 334 -   0.93330 0.03335 0.03335 ( 1)  0.288 +-  1.231
 335 -   0.93330 0.03335 0.03335 ( 1)  0.288 +-  1.231
 336 -   0.93330 0.03335 0.03335 ( 1)  0.288 +-  1.231
 337 -   0.93330 0.03335 0.03335 ( 1)  0.288 +-  1.231
 338 -   0.93330 0.03335 0.03335 ( 1)  0.288 +-  1.231
 339 -   0.93330 0.03335 0.03335 ( 1)  0.288 +-  1.231
 340 -   0.93330 0.03335 0.03335 ( 1)  0.288 +-  1.231
 341 -   0.93330 0.03335 0.03335 ( 1)  0.288 +-  1.231
 342 -   0.93330 0.03335 0.03335 ( 1)  0.288 +-  1.231
 343 -   0.93330 0.03335 0.03335 ( 1)  0.288 +-  1.231
 344 -   0.93330 0.03335 0.03335 ( 1)  0.288 +-  1.231
 345 -   0.93330 0.03335 0.03335 ( 1)  0.288 +-  1.231
 346 -   0.93330 0.03335 0.03335 ( 1)  0.288 +-  1.231
 347 -   0.93330 0.03335 0.03335 ( 1)  0.288 +-  1.231
 348 -   0.93330 0.03335 0.03335 ( 1)  0.288 +-  1.231
 349 -   0.93330 0.03335 0.03335 ( 1)  0.288 +-  1.231
 350 -   0.93330 0.03335 0.03335 ( 1)  0.288 +-  1.231
 351 -   0.93330 0.03335 0.03335 ( 1)  0.288 +-  1.231
 352 -   0.93330 0.03335 0.03335 ( 1)  0.288 +-  1.231
 353 -   0.93330 0.03335 0.03335 ( 1)  0.288 +-  1.231
 354 -   0.93330 0.03335 0.03335 ( 1)  0.288 +-  1.231
 355 G   0.99791 0.00204 0.00004 ( 1)  0.052 +-  0.044
 356 F   0.98484 0.01395 0.00122 ( 1)  0.066 +-  0.140
 357 A   0.99777 0.00218 0.00005 ( 1)  0.052 +-  0.046
 358 F   0.99794 0.00201 0.00004 ( 1)  0.052 +-  0.044
 359 P   0.99665 0.00326 0.00009 ( 1)  0.053 +-  0.056
 360 D   0.99194 0.00765 0.00041 ( 1)  0.058 +-  0.092
 361 W   0.99213 0.00750 0.00037 ( 1)  0.058 +-  0.090
 362 A   0.99774 0.00221 0.00005 ( 1)  0.052 +-  0.046
 363 Y   0.99784 0.00211 0.00005 ( 1)  0.052 +-  0.045
 364 K   0.99812 0.00184 0.00004 ( 1)  0.052 +-  0.042
 365 P   0.98613 0.01272 0.00115 ( 1)  0.065 +-  0.141
 366 E   0.99804 0.00192 0.00004 ( 1)  0.052 +-  0.043
 367 S   0.99350 0.00622 0.00028 ( 1)  0.056 +-  0.081
 368 S   0.99747 0.00247 0.00006 ( 1)  0.052 +-  0.049
 369 P   0.98401 0.01461 0.00138 ( 1)  0.067 +-  0.149
 370 G   0.99851 0.00146 0.00003 ( 1)  0.051 +-  0.037
 371 S   0.99596 0.00391 0.00012 ( 1)  0.054 +-  0.062
 372 R   0.99771 0.00224 0.00005 ( 1)  0.052 +-  0.046
 373 Q   0.99388 0.00587 0.00025 ( 1)  0.056 +-  0.078
 374 I   0.99785 0.00210 0.00005 ( 1)  0.052 +-  0.045
 375 Q   0.99388 0.00587 0.00025 ( 1)  0.056 +-  0.078
 376 L   0.99164 0.00794 0.00043 ( 1)  0.058 +-  0.094
 377 W   0.99213 0.00750 0.00037 ( 1)  0.058 +-  0.090
 378 H   0.99863 0.00134 0.00003 ( 1)  0.051 +-  0.036
 379 F   0.98484 0.01395 0.00122 ( 1)  0.066 +-  0.140
 380 I   0.99799 0.00196 0.00004 ( 1)  0.052 +-  0.043
 381 L   0.99164 0.00794 0.00043 ( 1)  0.058 +-  0.094
 382 E   0.99804 0.00192 0.00004 ( 1)  0.052 +-  0.043
 383 L   0.99164 0.00794 0.00043 ( 1)  0.058 +-  0.094
 384 L   0.99164 0.00794 0.00043 ( 1)  0.058 +-  0.094
 385 Q   0.99388 0.00587 0.00025 ( 1)  0.056 +-  0.078
 386 K   0.99812 0.00184 0.00004 ( 1)  0.052 +-  0.042
 387 E   0.99765 0.00229 0.00006 ( 1)  0.052 +-  0.047
 388 E   0.99804 0.00192 0.00004 ( 1)  0.052 +-  0.043
 389 Y   0.99850 0.00147 0.00003 ( 1)  0.051 +-  0.037
 390 Q   0.99388 0.00587 0.00025 ( 1)  0.056 +-  0.078
 391 G   0.99671 0.00320 0.00009 ( 1)  0.053 +-  0.056
 392 V   0.99745 0.00248 0.00006 ( 1)  0.052 +-  0.049
 393 I   0.99571 0.00414 0.00014 ( 1)  0.054 +-  0.064
 394 A   0.99755 0.00240 0.00006 ( 1)  0.052 +-  0.048
 395 W   0.99213 0.00750 0.00037 ( 1)  0.058 +-  0.090
 396 Q   0.99388 0.00587 0.00025 ( 1)  0.056 +-  0.078
 397 G   0.99761 0.00233 0.00005 ( 1)  0.052 +-  0.047
 398 D   0.99870 0.00128 0.00002 ( 1)  0.051 +-  0.035
 399 Y   0.99740 0.00253 0.00006 ( 1)  0.053 +-  0.049
 400 G   0.99692 0.00300 0.00008 ( 1)  0.053 +-  0.054
 401 E   0.98087 0.01715 0.00198 ( 1)  0.071 +-  0.178
 402 F   0.99750 0.00244 0.00006 ( 1)  0.052 +-  0.049
 403 V   0.99772 0.00223 0.00005 ( 1)  0.052 +-  0.046
 404 I   0.99799 0.00196 0.00004 ( 1)  0.052 +-  0.043
 405 K   0.99624 0.00363 0.00012 ( 1)  0.054 +-  0.060
 406 D   0.99870 0.00128 0.00002 ( 1)  0.051 +-  0.035
 407 P   0.99000 0.00941 0.00059 ( 1)  0.060 +-  0.106
 408 D   0.99658 0.00332 0.00010 ( 1)  0.053 +-  0.057
 409 E   0.99804 0.00192 0.00004 ( 1)  0.052 +-  0.043
 410 V   0.99695 0.00297 0.00008 ( 1)  0.053 +-  0.054
 411 A   0.99777 0.00218 0.00005 ( 1)  0.052 +-  0.046
 412 R   0.99726 0.00267 0.00007 ( 1)  0.053 +-  0.051
 413 L   0.99487 0.00493 0.00020 ( 1)  0.055 +-  0.071
 414 W   0.99213 0.00750 0.00037 ( 1)  0.058 +-  0.090
 415 G   0.99813 0.00183 0.00004 ( 1)  0.052 +-  0.042
 416 I   0.99304 0.00664 0.00032 ( 1)  0.057 +-  0.085
 417 R   0.99845 0.00152 0.00003 ( 1)  0.051 +-  0.038
 418 K   0.99199 0.00758 0.00043 ( 1)  0.058 +-  0.094
 419 C   0.99836 0.00161 0.00003 ( 1)  0.052 +-  0.039
 420 K   0.99812 0.00184 0.00004 ( 1)  0.052 +-  0.042
 421 P   0.99768 0.00226 0.00005 ( 1)  0.052 +-  0.047
 422 H   0.99863 0.00134 0.00003 ( 1)  0.051 +-  0.036
 423 M   0.99782 0.00213 0.00005 ( 1)  0.052 +-  0.045
 424 N   0.98971 0.00968 0.00061 ( 1)  0.060 +-  0.107
 425 Y   0.99837 0.00160 0.00003 ( 1)  0.052 +-  0.039
 426 D   0.99870 0.00128 0.00002 ( 1)  0.051 +-  0.035
 427 K   0.99776 0.00219 0.00005 ( 1)  0.052 +-  0.046
 428 L   0.99164 0.00794 0.00043 ( 1)  0.058 +-  0.094
 429 S   0.99848 0.00149 0.00003 ( 1)  0.051 +-  0.037
 430 R   0.99760 0.00234 0.00006 ( 1)  0.052 +-  0.047
 431 A   0.99777 0.00218 0.00005 ( 1)  0.052 +-  0.046
 432 L   0.99164 0.00794 0.00043 ( 1)  0.058 +-  0.094
 433 R   0.98472 0.01404 0.00124 ( 1)  0.066 +-  0.142
 434 Y   0.99850 0.00147 0.00003 ( 1)  0.051 +-  0.037
 435 Y   0.99850 0.00147 0.00003 ( 1)  0.051 +-  0.037
 436 Y   0.99725 0.00268 0.00007 ( 1)  0.053 +-  0.051
 437 N   0.99879 0.00119 0.00002 ( 1)  0.051 +-  0.034
 438 K   0.99787 0.00208 0.00005 ( 1)  0.052 +-  0.045
 439 R   0.99760 0.00234 0.00006 ( 1)  0.052 +-  0.047
 440 I   0.98481 0.01397 0.00122 ( 1)  0.066 +-  0.141
 441 L   0.99708 0.00284 0.00008 ( 1)  0.053 +-  0.053
 442 H   0.99845 0.00151 0.00003 ( 1)  0.051 +-  0.038
 443 K   0.99812 0.00184 0.00004 ( 1)  0.052 +-  0.042
 444 T   0.99759 0.00236 0.00006 ( 1)  0.052 +-  0.048
 445 K   0.98011 0.01774 0.00215 ( 1)  0.072 +-  0.186
 446 G   0.99794 0.00201 0.00005 ( 1)  0.052 +-  0.044
 447 K   0.99812 0.00184 0.00004 ( 1)  0.052 +-  0.042
 448 R   0.99771 0.00224 0.00005 ( 1)  0.052 +-  0.046
 449 F   0.99794 0.00201 0.00004 ( 1)  0.052 +-  0.044
 450 T   0.99759 0.00236 0.00006 ( 1)  0.052 +-  0.048
 451 Y   0.99850 0.00147 0.00003 ( 1)  0.051 +-  0.037
 452 K   0.99812 0.00184 0.00004 ( 1)  0.052 +-  0.042
 453 F   0.99794 0.00201 0.00004 ( 1)  0.052 +-  0.044
 454 N   0.99879 0.00119 0.00002 ( 1)  0.051 +-  0.034
 455 F   0.99634 0.00355 0.00011 ( 1)  0.054 +-  0.059

Positively selected sites

	Prob(w>1)  mean w

   260 -      0.635         4.403 +- 3.701

