Supplemental results for CODEML (seqf: algn  treef: tree)


dN/dS (w) for site classes (K=4)

p:   0.25000  0.25000  0.25000  0.25000
w:   0.00000  0.00000  0.00000  1.00000

Naive Empirical Bayes (NEB) probabilities for 4 classes & postmean_w
(amino acids refer to 1st sequence: aotNan_LOC105723390_XM_012461345)

   1 S   0.31765 0.31765 0.31765 0.04706 ( 3)  0.047
   2 K   0.27755 0.27755 0.27755 0.16734 ( 3)  0.167
   3 V   0.32230 0.32230 0.32230 0.03309 ( 3)  0.033
   4 V   0.31988 0.31988 0.31988 0.04036 ( 3)  0.040
   5 L   0.29913 0.29913 0.29913 0.10260 ( 1)  0.103
   6 V   0.32517 0.32517 0.32517 0.02449 ( 1)  0.024
   7 N   0.28751 0.28751 0.28751 0.13747 ( 3)  0.137
   8 Y   0.31164 0.31164 0.31164 0.06509 ( 1)  0.065
   9 P   0.31183 0.31183 0.31183 0.06452 ( 1)  0.065
  10 L   0.31334 0.31334 0.31334 0.05999 ( 1)  0.060
  11 L   0.31186 0.31186 0.31186 0.06443 ( 1)  0.064
  12 D   0.31338 0.31338 0.31338 0.05985 ( 3)  0.060
  13 V   0.00000 0.00000 0.00000 1.00000 ( 4)  1.000
  14 A   0.31534 0.31534 0.31534 0.05398 ( 3)  0.054
  15 A   0.28418 0.28418 0.28418 0.14747 ( 3)  0.147
  16 A   0.29571 0.29571 0.29571 0.11288 ( 3)  0.113
  17 A   0.32226 0.32226 0.32226 0.03322 ( 3)  0.033
  18 A   0.00000 0.00000 0.00000 1.00000 ( 4)  1.000
  19 G   0.31544 0.31544 0.31544 0.05369 ( 3)  0.054
  20 S   0.32543 0.32543 0.32543 0.02372 ( 3)  0.024
  21 P   0.28129 0.28129 0.28129 0.15613 ( 1)  0.156
  22 L   0.00000 0.00000 0.00000 1.00000 ( 4)  1.000
  23 L   0.29006 0.29006 0.29006 0.12981 ( 3)  0.130
  24 L   0.31334 0.31334 0.31334 0.05999 ( 1)  0.060
  25 T   0.32639 0.32639 0.32639 0.02082 ( 3)  0.021
  26 P   0.32082 0.32082 0.32082 0.03755 ( 3)  0.038
  27 S   0.29356 0.29356 0.29356 0.11933 ( 3)  0.119
  28 P   0.31763 0.31763 0.31763 0.04712 ( 3)  0.047
  29 F   0.30136 0.30136 0.30136 0.09593 ( 3)  0.096
  30 A   0.00000 0.00000 0.00000 1.00000 ( 4)  1.000
  31 G   0.30839 0.30839 0.30839 0.07483 ( 3)  0.075
  32 A   0.32182 0.32182 0.32182 0.03455 ( 3)  0.035
  33 P   0.28692 0.28692 0.28692 0.13923 ( 1)  0.139
  34 G   0.30839 0.30839 0.30839 0.07483 ( 3)  0.075
  35 P   0.28129 0.28129 0.28129 0.15613 ( 1)  0.156
  36 D   0.00000 0.00000 0.00000 1.00000 ( 4)  1.000
  37 A   0.29571 0.29571 0.29571 0.11288 ( 3)  0.113
  38 P   0.00000 0.00000 0.00000 1.00000 ( 4)  1.000
  39 P   0.31778 0.31778 0.31778 0.04666 ( 1)  0.047
  40 L   0.32509 0.32509 0.32509 0.02474 ( 3)  0.025
  41 T   0.32639 0.32639 0.32639 0.02082 ( 3)  0.021
  42 P   0.29336 0.29336 0.29336 0.11992 ( 3)  0.120
  43 E   0.31207 0.31207 0.31207 0.06379 ( 3)  0.064
  44 -   0.25000 0.25000 0.25000 0.25000 ( 3)  0.250
  45 -   0.25000 0.25000 0.25000 0.25000 ( 3)  0.250
  46 -   0.25000 0.25000 0.25000 0.25000 ( 1)  0.250
  47 -   0.25000 0.25000 0.25000 0.25000 ( 3)  0.250
  48 -   0.25000 0.25000 0.25000 0.25000 ( 1)  0.250
  49 -   0.25000 0.25000 0.25000 0.25000 ( 3)  0.250
  50 -   0.25000 0.25000 0.25000 0.25000 ( 1)  0.250
  51 -   0.25000 0.25000 0.25000 0.25000 ( 1)  0.250
  52 -   0.25000 0.25000 0.25000 0.25000 ( 3)  0.250
  53 -   0.25000 0.25000 0.25000 0.25000 ( 1)  0.250
  54 -   0.25000 0.25000 0.25000 0.25000 ( 3)  0.250
  55 -   0.25000 0.25000 0.25000 0.25000 ( 3)  0.250
  56 -   0.25000 0.25000 0.25000 0.25000 ( 3)  0.250
  57 -   0.25000 0.25000 0.25000 0.25000 ( 3)  0.250
  58 -   0.25000 0.25000 0.25000 0.25000 ( 1)  0.250
  59 -   0.25000 0.25000 0.25000 0.25000 ( 1)  0.250
  60 -   0.25000 0.25000 0.25000 0.25000 ( 1)  0.250
  61 -   0.25000 0.25000 0.25000 0.25000 ( 3)  0.250
  62 -   0.25000 0.25000 0.25000 0.25000 ( 1)  0.250
  63 -   0.25000 0.25000 0.25000 0.25000 ( 1)  0.250
  64 -   0.25000 0.25000 0.25000 0.25000 ( 1)  0.250
  65 -   0.25000 0.25000 0.25000 0.25000 ( 1)  0.250
  66 -   0.25000 0.25000 0.25000 0.25000 ( 3)  0.250
  67 -   0.25000 0.25000 0.25000 0.25000 ( 3)  0.250
  68 -   0.25000 0.25000 0.25000 0.25000 ( 3)  0.250
  69 -   0.25000 0.25000 0.25000 0.25000 ( 1)  0.250
  70 -   0.25000 0.25000 0.25000 0.25000 ( 3)  0.250
  71 -   0.25000 0.25000 0.25000 0.25000 ( 1)  0.250
  72 -   0.25000 0.25000 0.25000 0.25000 ( 1)  0.250
  73 -   0.25000 0.25000 0.25000 0.25000 ( 1)  0.250
  74 -   0.25000 0.25000 0.25000 0.25000 ( 3)  0.250
  75 -   0.25000 0.25000 0.25000 0.25000 ( 1)  0.250
  76 -   0.25000 0.25000 0.25000 0.25000 ( 1)  0.250
  77 -   0.25000 0.25000 0.25000 0.25000 ( 1)  0.250
  78 -   0.25000 0.25000 0.25000 0.25000 ( 1)  0.250
  79 -   0.25000 0.25000 0.25000 0.25000 ( 1)  0.250
  80 -   0.25000 0.25000 0.25000 0.25000 ( 1)  0.250
  81 -   0.25000 0.25000 0.25000 0.25000 ( 3)  0.250
  82 -   0.25000 0.25000 0.25000 0.25000 ( 1)  0.250
  83 -   0.25000 0.25000 0.25000 0.25000 ( 1)  0.250
  84 -   0.25000 0.25000 0.25000 0.25000 ( 1)  0.250
  85 -   0.25000 0.25000 0.25000 0.25000 ( 3)  0.250
  86 -   0.25000 0.25000 0.25000 0.25000 ( 3)  0.250
  87 -   0.25000 0.25000 0.25000 0.25000 ( 1)  0.250
  88 -   0.25000 0.25000 0.25000 0.25000 ( 3)  0.250
  89 -   0.25000 0.25000 0.25000 0.25000 ( 3)  0.250
  90 -   0.25000 0.25000 0.25000 0.25000 ( 3)  0.250
  91 -   0.25000 0.25000 0.25000 0.25000 ( 3)  0.250
  92 -   0.25000 0.25000 0.25000 0.25000 ( 1)  0.250
  93 -   0.25000 0.25000 0.25000 0.25000 ( 1)  0.250
  94 -   0.25000 0.25000 0.25000 0.25000 ( 3)  0.250
  95 -   0.25000 0.25000 0.25000 0.25000 ( 1)  0.250
  96 -   0.25000 0.25000 0.25000 0.25000 ( 3)  0.250
  97 -   0.25000 0.25000 0.25000 0.25000 ( 1)  0.250
  98 -   0.25000 0.25000 0.25000 0.25000 ( 4)  0.250
  99 -   0.25000 0.25000 0.25000 0.25000 ( 1)  0.250
 100 -   0.25000 0.25000 0.25000 0.25000 ( 1)  0.250
 101 -   0.25000 0.25000 0.25000 0.25000 ( 1)  0.250
 102 -   0.25000 0.25000 0.25000 0.25000 ( 3)  0.250
 103 -   0.25000 0.25000 0.25000 0.25000 ( 3)  0.250
 104 -   0.25000 0.25000 0.25000 0.25000 ( 1)  0.250
 105 -   0.25000 0.25000 0.25000 0.25000 ( 3)  0.250
 106 -   0.25000 0.25000 0.25000 0.25000 ( 1)  0.250
 107 -   0.25000 0.25000 0.25000 0.25000 ( 1)  0.250
 108 -   0.25000 0.25000 0.25000 0.25000 ( 3)  0.250
 109 -   0.25000 0.25000 0.25000 0.25000 ( 1)  0.250
 110 -   0.25000 0.25000 0.25000 0.25000 ( 1)  0.250
 111 -   0.25000 0.25000 0.25000 0.25000 ( 3)  0.250
 112 -   0.25000 0.25000 0.25000 0.25000 ( 1)  0.250
 113 -   0.25000 0.25000 0.25000 0.25000 ( 1)  0.250
 114 -   0.25000 0.25000 0.25000 0.25000 ( 3)  0.250
 115 -   0.25000 0.25000 0.25000 0.25000 ( 1)  0.250
 116 -   0.25000 0.25000 0.25000 0.25000 ( 3)  0.250
 117 -   0.25000 0.25000 0.25000 0.25000 ( 1)  0.250
 118 -   0.25000 0.25000 0.25000 0.25000 ( 1)  0.250
 119 -   0.25000 0.25000 0.25000 0.25000 ( 3)  0.250
 120 -   0.25000 0.25000 0.25000 0.25000 ( 3)  0.250
 121 -   0.25000 0.25000 0.25000 0.25000 ( 1)  0.250
 122 -   0.25000 0.25000 0.25000 0.25000 ( 3)  0.250
 123 -   0.25000 0.25000 0.25000 0.25000 ( 1)  0.250
 124 -   0.25000 0.25000 0.25000 0.25000 ( 1)  0.250
 125 -   0.25000 0.25000 0.25000 0.25000 ( 3)  0.250
 126 -   0.25000 0.25000 0.25000 0.25000 ( 1)  0.250
 127 -   0.25000 0.25000 0.25000 0.25000 ( 1)  0.250
 128 -   0.25000 0.25000 0.25000 0.25000 ( 1)  0.250
 129 -   0.25000 0.25000 0.25000 0.25000 ( 1)  0.250
 130 -   0.25000 0.25000 0.25000 0.25000 ( 1)  0.250
 131 -   0.25000 0.25000 0.25000 0.25000 ( 3)  0.250
 132 -   0.25000 0.25000 0.25000 0.25000 ( 1)  0.250
 133 -   0.25000 0.25000 0.25000 0.25000 ( 4)  0.250
 134 -   0.25000 0.25000 0.25000 0.25000 ( 1)  0.250
 135 -   0.25000 0.25000 0.25000 0.25000 ( 1)  0.250
 136 -   0.25000 0.25000 0.25000 0.25000 ( 3)  0.250
 137 -   0.25000 0.25000 0.25000 0.25000 ( 1)  0.250
 138 -   0.25000 0.25000 0.25000 0.25000 ( 4)  0.250
 139 -   0.25000 0.25000 0.25000 0.25000 ( 1)  0.250
 140 -   0.25000 0.25000 0.25000 0.25000 ( 1)  0.250
 141 -   0.25000 0.25000 0.25000 0.25000 ( 1)  0.250
 142 -   0.25000 0.25000 0.25000 0.25000 ( 1)  0.250
 143 -   0.25000 0.25000 0.25000 0.25000 ( 3)  0.250
 144 T   0.32639 0.32639 0.32639 0.02082 ( 3)  0.021
 145 L   0.30942 0.30942 0.30942 0.07173 ( 1)  0.072
 146 Q   0.29778 0.29778 0.29778 0.10667 ( 1)  0.107
 147 T   0.32484 0.32484 0.32484 0.02547 ( 3)  0.025
 148 L   0.31188 0.31188 0.31188 0.06437 ( 1)  0.064
 149 F   0.31817 0.31817 0.31817 0.04548 ( 3)  0.045
 150 S   0.29751 0.29751 0.29751 0.10746 ( 1)  0.107
 151 A   0.31918 0.31918 0.31918 0.04245 ( 1)  0.042
 152 P   0.28011 0.28011 0.28011 0.15968 ( 1)  0.160
 153 R   0.31263 0.31263 0.31263 0.06210 ( 1)  0.062
 154 L   0.31188 0.31188 0.31188 0.06437 ( 1)  0.064
 155 G   0.27568 0.27568 0.27568 0.17296 ( 3)  0.173
 156 E   0.31059 0.31059 0.31059 0.06824 ( 3)  0.068
 157 P   0.28814 0.28814 0.28814 0.13559 ( 1)  0.136
 158 G   0.30686 0.30686 0.30686 0.07942 ( 3)  0.079
 159 A   0.00000 0.00000 0.00000 1.00000 ( 4)  1.000
 160 R   0.30348 0.30348 0.30348 0.08955 ( 1)  0.090
 161 T   0.29366 0.29366 0.29366 0.11903 ( 3)  0.119
 162 P   0.00000 0.00000 0.00000 1.00000 ( 4)  1.000
 163 L   0.31174 0.31174 0.31174 0.06477 ( 1)  0.065
 164 F   0.31654 0.31654 0.31654 0.05037 ( 3)  0.050
 165 T   0.00000 0.00000 0.00000 1.00000 ( 4)  1.000
 166 S   0.00000 0.00000 0.00000 1.00000 ( 4)  1.000
 167 E   0.31059 0.31059 0.31059 0.06824 ( 3)  0.068
 168 T   0.29941 0.29941 0.29941 0.10178 ( 3)  0.102
 169 D   0.30584 0.30584 0.30584 0.08247 ( 3)  0.082
 170 K   0.27648 0.27648 0.27648 0.17055 ( 3)  0.171
 171 P   0.00000 0.00000 0.00000 1.00000 ( 4)  1.000
 172 R   0.28426 0.28426 0.28426 0.14721 ( 3)  0.147
 173 L   0.30877 0.30877 0.30877 0.07370 ( 1)  0.074
 174 D   0.31836 0.31836 0.31836 0.04492 ( 1)  0.045
 175 S   0.31566 0.31566 0.31566 0.05303 ( 3)  0.053
 176 P   0.00000 0.00000 0.00000 1.00000 ( 4)  1.000
 177 F   0.31817 0.31817 0.31817 0.04548 ( 3)  0.045
 178 P   0.29991 0.29991 0.29991 0.10027 ( 1)  0.100
 179 F   0.31817 0.31817 0.31817 0.04548 ( 3)  0.045
 180 L   0.31188 0.31188 0.31188 0.06437 ( 1)  0.064
 181 G   0.00000 0.00000 0.00000 1.00000 ( 4)  1.000
 182 S   0.29751 0.29751 0.29751 0.10746 ( 1)  0.107
 183 G   0.28713 0.28713 0.28713 0.13862 ( 3)  0.139
 184 A   0.32141 0.32141 0.32141 0.03577 ( 3)  0.036
 185 T   0.00000 0.00000 0.00000 1.00000 ( 4)  1.000
 186 G   0.00000 0.00000 0.00000 1.00000 ( 4)  1.000
 187 Y   0.28915 0.28915 0.28915 0.13254 ( 1)  0.133
 188 S   0.32445 0.32445 0.32445 0.02665 ( 3)  0.027
 189 K   0.30481 0.30481 0.30481 0.08558 ( 3)  0.086
 190 P   0.31957 0.31957 0.31957 0.04130 ( 3)  0.041
 191 P   0.00000 0.00000 0.00000 1.00000 ( 4)  1.000
 192 G   0.31555 0.31555 0.31555 0.05334 ( 3)  0.053
 193 L   0.31188 0.31188 0.31188 0.06437 ( 1)  0.064
 194 L   0.31188 0.31188 0.31188 0.06437 ( 1)  0.064
 195 G   0.28713 0.28713 0.28713 0.13862 ( 3)  0.139
 196 P   0.29191 0.29191 0.29191 0.12427 ( 3)  0.124
 197 Y   0.28915 0.28915 0.28915 0.13254 ( 1)  0.133
 198 G   0.31394 0.31394 0.31394 0.05818 ( 3)  0.058
 199 R   0.31360 0.31360 0.31360 0.05921 ( 3)  0.059
 200 A   0.32141 0.32141 0.32141 0.03577 ( 3)  0.036
 201 F   0.31817 0.31817 0.31817 0.04548 ( 3)  0.045
 202 P   0.29221 0.29221 0.29221 0.12336 ( 1)  0.123
 203 E   0.31059 0.31059 0.31059 0.06824 ( 3)  0.068
 204 Y   0.31050 0.31050 0.31050 0.06849 ( 1)  0.068
 205 P   0.31957 0.31957 0.31957 0.04130 ( 3)  0.041
 206 W   0.29854 0.29854 0.29854 0.10437 ( 1)  0.104
 207 N   0.31384 0.31384 0.31384 0.05848 ( 3)  0.058
 208 F   0.29028 0.29028 0.29028 0.12915 ( 3)  0.129
 209 N   0.31384 0.31384 0.31384 0.05848 ( 3)  0.058
 210 P   0.30567 0.30567 0.30567 0.08298 ( 1)  0.083
 211 Y   0.31050 0.31050 0.31050 0.06849 ( 1)  0.068
 212 L   0.32233 0.32233 0.32233 0.03301 ( 1)  0.033
 213 T   0.31682 0.31682 0.31682 0.04953 ( 3)  0.050
 214 G   0.31394 0.31394 0.31394 0.05818 ( 3)  0.058
 215 P   0.31957 0.31957 0.31957 0.04130 ( 3)  0.041
 216 F   0.31817 0.31817 0.31817 0.04548 ( 3)  0.045
 217 P   0.31957 0.31957 0.31957 0.04130 ( 3)  0.041
 218 K   0.30481 0.30481 0.30481 0.08558 ( 3)  0.086
 219 L   0.31188 0.31188 0.31188 0.06437 ( 1)  0.064
 220 P   0.30290 0.30290 0.30290 0.09130 ( 3)  0.091
 221 P   0.31207 0.31207 0.31207 0.06378 ( 1)  0.064
 222 S   0.29751 0.29751 0.29751 0.10746 ( 1)  0.107
 223 L   0.32219 0.32219 0.32219 0.03344 ( 1)  0.033
 224 Y   0.31026 0.31026 0.31026 0.06923 ( 1)  0.069
 225 P   0.31860 0.31860 0.31860 0.04421 ( 1)  0.044
 226 P   0.30034 0.30034 0.30034 0.09898 ( 1)  0.099
 227 H   0.31327 0.31327 0.31327 0.06018 ( 3)  0.060
 228 F   0.31817 0.31817 0.31817 0.04548 ( 3)  0.045
 229 Y   0.30669 0.30669 0.30669 0.07993 ( 1)  0.080
 230 P   0.31797 0.31797 0.31797 0.04608 ( 1)  0.046
 231 N   0.31384 0.31384 0.31384 0.05848 ( 3)  0.058
 232 P   0.29375 0.29375 0.29375 0.11874 ( 3)  0.119
 233 L   0.31118 0.31118 0.31118 0.06646 ( 1)  0.066
 234 A   0.32258 0.32258 0.32258 0.03227 ( 3)  0.032
 235 S   0.00000 0.00000 0.00000 1.00000 ( 4)  1.000
 236 S   0.32543 0.32543 0.32543 0.02372 ( 3)  0.024
 237 L   0.31118 0.31118 0.31118 0.06646 ( 1)  0.066
 238 G   0.00000 0.00000 0.00000 1.00000 ( 4)  1.000
 239 H   0.31512 0.31512 0.31512 0.05465 ( 1)  0.055
 240 L   0.31188 0.31188 0.31188 0.06437 ( 1)  0.064
 241 P   0.31957 0.31957 0.31957 0.04130 ( 3)  0.041
 242 S   0.30904 0.30904 0.30904 0.07289 ( 1)  0.073
 243 A   0.00000 0.00000 0.00000 1.00000 ( 4)  1.000
 244 G   0.30686 0.30686 0.30686 0.07942 ( 3)  0.079
 245 A   0.28202 0.28202 0.28202 0.15395 ( 3)  0.154
 246 G   0.00000 0.00000 0.00000 1.00000 ( 4)  1.000
 247 G   0.27568 0.27568 0.27568 0.17296 ( 3)  0.173
 248 G   0.31555 0.31555 0.31555 0.05334 ( 3)  0.053
 249 P   0.31957 0.31957 0.31957 0.04130 ( 3)  0.041
 250 T   0.28618 0.28618 0.28618 0.14147 ( 3)  0.141
 251 A   0.32018 0.32018 0.32018 0.03945 ( 3)  0.039
 252 M   0.00000 0.00000 0.00000 1.00000 ( 4)  1.000
 253 P   0.31949 0.31949 0.31949 0.04153 ( 1)  0.042
 254 L   0.31188 0.31188 0.31188 0.06437 ( 1)  0.064
 255 L   0.30961 0.30961 0.30961 0.07117 ( 3)  0.071
 256 A   0.31437 0.31437 0.31437 0.05689 ( 3)  0.057
 257 S   0.00000 0.00000 0.00000 1.00000 ( 4)  1.000
 258 T   0.28855 0.28855 0.28855 0.13436 ( 3)  0.134
 259 G   0.30686 0.30686 0.30686 0.07942 ( 3)  0.079
 260 E   0.31059 0.31059 0.31059 0.06824 ( 3)  0.068
 261 S   0.00000 0.00000 0.00000 1.00000 ( 4)  1.000
 262 L   0.31188 0.31188 0.31188 0.06437 ( 1)  0.064
 263 G   0.00000 0.00000 0.00000 1.00000 ( 4)  1.000
 264 P   0.31183 0.31183 0.31183 0.06450 ( 1)  0.065
 265 E   0.31059 0.31059 0.31059 0.06824 ( 3)  0.068
 266 R   0.30532 0.30532 0.30532 0.08403 ( 3)  0.084
 267 P   0.31824 0.31824 0.31824 0.04528 ( 3)  0.045
 268 S   0.00000 0.00000 0.00000 1.00000 ( 4)  1.000
 269 G   0.31555 0.31555 0.31555 0.05334 ( 3)  0.053
 270 L   0.31188 0.31188 0.31188 0.06437 ( 1)  0.064
 271 A   0.28430 0.28430 0.28430 0.14710 ( 3)  0.147
 272 A   0.31218 0.31218 0.31218 0.06346 ( 3)  0.063
 273 A   0.32141 0.32141 0.32141 0.03577 ( 3)  0.036
 274 P   0.31292 0.31292 0.31292 0.06124 ( 3)  0.061
 275 R   0.31232 0.31232 0.31232 0.06305 ( 1)  0.063
 276 L   0.30877 0.30877 0.30877 0.07370 ( 1)  0.074
 277 A   0.29398 0.29398 0.29398 0.11806 ( 1)  0.118
 278 L   0.31089 0.31089 0.31089 0.06732 ( 1)  0.067
 279 P   0.30246 0.30246 0.30246 0.09262 ( 1)  0.093
 280 G   0.30686 0.30686 0.30686 0.07942 ( 3)  0.079
 281 A   0.00000 0.00000 0.00000 1.00000 ( 4)  1.000
 282 G   0.30686 0.30686 0.30686 0.07942 ( 3)  0.079
 283 G   0.28912 0.28912 0.28912 0.13263 ( 3)  0.133
 284 P   0.00000 0.00000 0.00000 1.00000 ( 4)  1.000
 285 E   0.31059 0.31059 0.31059 0.06824 ( 3)  0.068
 286 A   0.29613 0.29613 0.29613 0.11160 ( 3)  0.112
 287 A   0.00000 0.00000 0.00000 1.00000 ( 4)  1.000
 288 L   0.30434 0.30434 0.30434 0.08698 ( 3)  0.087
 289 G   0.28713 0.28713 0.28713 0.13862 ( 3)  0.139
 290 G   0.30598 0.30598 0.30598 0.08205 ( 3)  0.082
 291 K   0.30481 0.30481 0.30481 0.08558 ( 3)  0.086
 292 E   0.31059 0.31059 0.31059 0.06824 ( 3)  0.068
 293 D   0.31836 0.31836 0.31836 0.04492 ( 1)  0.045
 294 S   0.31630 0.31630 0.31630 0.05111 ( 3)  0.051
 295 D   0.31836 0.31836 0.31836 0.04492 ( 1)  0.045
 296 S   0.31625 0.31625 0.31625 0.05125 ( 3)  0.051
 297 E   0.31059 0.31059 0.31059 0.06824 ( 3)  0.068
 298 L   0.31155 0.31155 0.31155 0.06536 ( 1)  0.065
 299 E   0.31059 0.31059 0.31059 0.06824 ( 3)  0.068
 300 I   0.31824 0.31824 0.31824 0.04528 ( 1)  0.045
 301 T   0.32549 0.32549 0.32549 0.02354 ( 3)  0.024
 302 D   0.31818 0.31818 0.31818 0.04546 ( 3)  0.045
 303 V   0.32527 0.32527 0.32527 0.02420 ( 1)  0.024
 304 S   0.31276 0.31276 0.31276 0.06172 ( 1)  0.062
 305 G   0.31555 0.31555 0.31555 0.05334 ( 3)  0.053
 306 C   0.31399 0.31399 0.31399 0.05802 ( 1)  0.058
 307 S   0.31630 0.31630 0.31630 0.05111 ( 3)  0.051
 308 S   0.29751 0.29751 0.29751 0.10746 ( 1)  0.107
 309 D   0.31836 0.31836 0.31836 0.04492 ( 1)  0.045
 310 S   0.30173 0.30173 0.30173 0.09481 ( 3)  0.095
 311 E   0.31059 0.31059 0.31059 0.06824 ( 3)  0.068
 312 G   0.31394 0.31394 0.31394 0.05818 ( 3)  0.058
 313 D   0.29370 0.29370 0.29370 0.11889 ( 1)  0.119
 314 E   0.31059 0.31059 0.31059 0.06824 ( 3)  0.068
 315 G   0.00000 0.00000 0.00000 1.00000 ( 4)  1.000
 316 L   0.32354 0.32354 0.32354 0.02938 ( 1)  0.029
 317 P   0.00000 0.00000 0.00000 1.00000 ( 4)  1.000
 318 V   0.00000 0.00000 0.00000 1.00000 ( 4)  1.000
 319 P   0.31957 0.31957 0.31957 0.04130 ( 3)  0.041
 320 P   0.31957 0.31957 0.31957 0.04130 ( 3)  0.041
 321 K   0.30481 0.30481 0.30481 0.08558 ( 3)  0.086
 322 A   0.30445 0.30445 0.30445 0.08666 ( 3)  0.087
 323 K   0.30481 0.30481 0.30481 0.08558 ( 3)  0.086
 324 A   0.30945 0.30945 0.30945 0.07166 ( 1)  0.072
 325 G   0.31555 0.31555 0.31555 0.05334 ( 3)  0.053
 326 K   0.27648 0.27648 0.27648 0.17055 ( 3)  0.171
 327 G   0.00000 0.00000 0.00000 1.00000 ( 4)  1.000
 328 G   0.30598 0.30598 0.30598 0.08205 ( 3)  0.082
 329 T   0.00000 0.00000 0.00000 1.00000 ( 4)  1.000
 330 G   0.31358 0.31358 0.31358 0.05927 ( 3)  0.059
 331 S   0.31765 0.31765 0.31765 0.04706 ( 3)  0.047
 332 -   0.25000 0.25000 0.25000 0.25000 ( 3)  0.250
 333 -   0.25000 0.25000 0.25000 0.25000 ( 3)  0.250
 334 -   0.25000 0.25000 0.25000 0.25000 ( 1)  0.250
 335 -   0.25000 0.25000 0.25000 0.25000 ( 3)  0.250
 336 -   0.25000 0.25000 0.25000 0.25000 ( 1)  0.250
 337 -   0.25000 0.25000 0.25000 0.25000 ( 3)  0.250
 338 -   0.25000 0.25000 0.25000 0.25000 ( 1)  0.250
 339 -   0.25000 0.25000 0.25000 0.25000 ( 1)  0.250
 340 -   0.25000 0.25000 0.25000 0.25000 ( 3)  0.250
 341 -   0.25000 0.25000 0.25000 0.25000 ( 1)  0.250
 342 -   0.25000 0.25000 0.25000 0.25000 ( 3)  0.250
 343 -   0.25000 0.25000 0.25000 0.25000 ( 3)  0.250
 344 -   0.25000 0.25000 0.25000 0.25000 ( 3)  0.250
 345 -   0.25000 0.25000 0.25000 0.25000 ( 3)  0.250
 346 -   0.25000 0.25000 0.25000 0.25000 ( 1)  0.250
 347 -   0.25000 0.25000 0.25000 0.25000 ( 1)  0.250
 348 -   0.25000 0.25000 0.25000 0.25000 ( 1)  0.250
 349 -   0.25000 0.25000 0.25000 0.25000 ( 3)  0.250
 350 -   0.25000 0.25000 0.25000 0.25000 ( 3)  0.250
 351 -   0.25000 0.25000 0.25000 0.25000 ( 1)  0.250
 352 -   0.25000 0.25000 0.25000 0.25000 ( 3)  0.250
 353 -   0.25000 0.25000 0.25000 0.25000 ( 1)  0.250
 354 -   0.25000 0.25000 0.25000 0.25000 ( 3)  0.250
 355 -   0.25000 0.25000 0.25000 0.25000 ( 3)  0.250
 356 -   0.25000 0.25000 0.25000 0.25000 ( 3)  0.250
 357 -   0.25000 0.25000 0.25000 0.25000 ( 3)  0.250
 358 -   0.25000 0.25000 0.25000 0.25000 ( 3)  0.250
 359 -   0.25000 0.25000 0.25000 0.25000 ( 4)  0.250
 360 -   0.25000 0.25000 0.25000 0.25000 ( 3)  0.250
 361 -   0.25000 0.25000 0.25000 0.25000 ( 4)  0.250
 362 -   0.25000 0.25000 0.25000 0.25000 ( 3)  0.250
 363 -   0.25000 0.25000 0.25000 0.25000 ( 1)  0.250
 364 -   0.25000 0.25000 0.25000 0.25000 ( 1)  0.250
 365 -   0.25000 0.25000 0.25000 0.25000 ( 1)  0.250
 366 -   0.25000 0.25000 0.25000 0.25000 ( 1)  0.250
 367 -   0.25000 0.25000 0.25000 0.25000 ( 3)  0.250
 368 -   0.25000 0.25000 0.25000 0.25000 ( 1)  0.250
 369 -   0.25000 0.25000 0.25000 0.25000 ( 3)  0.250
 370 -   0.25000 0.25000 0.25000 0.25000 ( 1)  0.250
 371 -   0.25000 0.25000 0.25000 0.25000 ( 1)  0.250
 372 -   0.25000 0.25000 0.25000 0.25000 ( 1)  0.250
 373 -   0.25000 0.25000 0.25000 0.25000 ( 3)  0.250
 374 -   0.25000 0.25000 0.25000 0.25000 ( 3)  0.250
 375 -   0.25000 0.25000 0.25000 0.25000 ( 1)  0.250
 376 -   0.25000 0.25000 0.25000 0.25000 ( 3)  0.250
 377 -   0.25000 0.25000 0.25000 0.25000 ( 3)  0.250
 378 -   0.25000 0.25000 0.25000 0.25000 ( 3)  0.250
 379 -   0.25000 0.25000 0.25000 0.25000 ( 3)  0.250
 380 -   0.25000 0.25000 0.25000 0.25000 ( 1)  0.250
 381 -   0.25000 0.25000 0.25000 0.25000 ( 1)  0.250
 382 -   0.25000 0.25000 0.25000 0.25000 ( 3)  0.250
 383 -   0.25000 0.25000 0.25000 0.25000 ( 1)  0.250
 384 -   0.25000 0.25000 0.25000 0.25000 ( 1)  0.250
 385 -   0.25000 0.25000 0.25000 0.25000 ( 1)  0.250
 386 -   0.25000 0.25000 0.25000 0.25000 ( 4)  0.250
 387 -   0.25000 0.25000 0.25000 0.25000 ( 1)  0.250
 388 -   0.25000 0.25000 0.25000 0.25000 ( 1)  0.250
 389 -   0.25000 0.25000 0.25000 0.25000 ( 3)  0.250
 390 -   0.25000 0.25000 0.25000 0.25000 ( 3)  0.250
 391 -   0.25000 0.25000 0.25000 0.25000 ( 3)  0.250
 392 -   0.25000 0.25000 0.25000 0.25000 ( 1)  0.250
 393 -   0.25000 0.25000 0.25000 0.25000 ( 1)  0.250
 394 -   0.25000 0.25000 0.25000 0.25000 ( 1)  0.250
 395 -   0.25000 0.25000 0.25000 0.25000 ( 1)  0.250
 396 -   0.25000 0.25000 0.25000 0.25000 ( 3)  0.250
 397 -   0.25000 0.25000 0.25000 0.25000 ( 1)  0.250
 398 -   0.25000 0.25000 0.25000 0.25000 ( 4)  0.250
 399 -   0.25000 0.25000 0.25000 0.25000 ( 3)  0.250
 400 -   0.25000 0.25000 0.25000 0.25000 ( 4)  0.250
 401 -   0.25000 0.25000 0.25000 0.25000 ( 1)  0.250
 402 -   0.25000 0.25000 0.25000 0.25000 ( 3)  0.250
 403 -   0.25000 0.25000 0.25000 0.25000 ( 1)  0.250
 404 -   0.25000 0.25000 0.25000 0.25000 ( 3)  0.250
 405 -   0.25000 0.25000 0.25000 0.25000 ( 1)  0.250
 406 -   0.25000 0.25000 0.25000 0.25000 ( 1)  0.250
 407 -   0.25000 0.25000 0.25000 0.25000 ( 3)  0.250
 408 -   0.25000 0.25000 0.25000 0.25000 ( 3)  0.250
 409 -   0.25000 0.25000 0.25000 0.25000 ( 1)  0.250
 410 -   0.25000 0.25000 0.25000 0.25000 ( 3)  0.250
 411 -   0.25000 0.25000 0.25000 0.25000 ( 1)  0.250
 412 -   0.25000 0.25000 0.25000 0.25000 ( 1)  0.250
 413 -   0.25000 0.25000 0.25000 0.25000 ( 3)  0.250
 414 -   0.25000 0.25000 0.25000 0.25000 ( 1)  0.250
 415 -   0.25000 0.25000 0.25000 0.25000 ( 1)  0.250
 416 -   0.25000 0.25000 0.25000 0.25000 ( 1)  0.250
 417 -   0.25000 0.25000 0.25000 0.25000 ( 1)  0.250
 418 -   0.25000 0.25000 0.25000 0.25000 ( 1)  0.250
 419 -   0.25000 0.25000 0.25000 0.25000 ( 3)  0.250
 420 -   0.25000 0.25000 0.25000 0.25000 ( 1)  0.250
 421 -   0.25000 0.25000 0.25000 0.25000 ( 4)  0.250
 422 -   0.25000 0.25000 0.25000 0.25000 ( 4)  0.250
 423 -   0.25000 0.25000 0.25000 0.25000 ( 1)  0.250
 424 -   0.25000 0.25000 0.25000 0.25000 ( 3)  0.250
 425 -   0.25000 0.25000 0.25000 0.25000 ( 1)  0.250
 426 -   0.25000 0.25000 0.25000 0.25000 ( 4)  0.250
 427 -   0.25000 0.25000 0.25000 0.25000 ( 1)  0.250
 428 -   0.25000 0.25000 0.25000 0.25000 ( 1)  0.250
 429 -   0.25000 0.25000 0.25000 0.25000 ( 1)  0.250
 430 -   0.25000 0.25000 0.25000 0.25000 ( 1)  0.250
 431 -   0.25000 0.25000 0.25000 0.25000 ( 3)  0.250
 432 -   0.25000 0.25000 0.25000 0.25000 ( 1)  0.250
 433 -   0.25000 0.25000 0.25000 0.25000 ( 1)  0.250
 434 -   0.25000 0.25000 0.25000 0.25000 ( 1)  0.250
 435 -   0.25000 0.25000 0.25000 0.25000 ( 3)  0.250
 436 -   0.25000 0.25000 0.25000 0.25000 ( 4)  0.250
 437 -   0.25000 0.25000 0.25000 0.25000 ( 4)  0.250
 438 -   0.25000 0.25000 0.25000 0.25000 ( 1)  0.250
 439 -   0.25000 0.25000 0.25000 0.25000 ( 3)  0.250
 440 -   0.27287 0.27287 0.27287 0.18139 ( 1)  0.181
 441 -   0.28036 0.28036 0.28036 0.15891 ( 3)  0.159
 442 -   0.26214 0.26214 0.26214 0.21359 ( 1)  0.214
 443 -   0.28036 0.28036 0.28036 0.15891 ( 3)  0.159
 444 -   0.26461 0.26461 0.26461 0.20618 ( 1)  0.206
 445 -   0.28216 0.28216 0.28216 0.15353 ( 1)  0.154
 446 -   0.27462 0.27462 0.27462 0.17613 ( 1)  0.176
 447 -   0.00000 0.00000 0.00000 1.00000 ( 4)  1.000
 448 -   0.00000 0.00000 0.00000 1.00000 ( 4)  1.000
 449 -   0.26461 0.26461 0.26461 0.20618 ( 1)  0.206
 450 -   0.00000 0.00000 0.00000 1.00000 ( 4)  1.000
 451 -   0.25826 0.25826 0.25826 0.22523 ( 1)  0.225
 452 -   0.28216 0.28216 0.28216 0.15353 ( 1)  0.154
 453 -   0.28036 0.28036 0.28036 0.15891 ( 3)  0.159
 454 -   0.26502 0.26502 0.26502 0.20494 ( 1)  0.205
 455 -   0.25826 0.25826 0.25826 0.22523 ( 1)  0.225
 456 -   0.26514 0.26514 0.26514 0.20457 ( 3)  0.205
 457 -   0.27462 0.27462 0.27462 0.17613 ( 1)  0.176
 458 -   0.26502 0.26502 0.26502 0.20494 ( 1)  0.205
 459 -   0.27594 0.27594 0.27594 0.17217 ( 3)  0.172
 460 -   0.28216 0.28216 0.28216 0.15353 ( 1)  0.154
 461 -   0.27287 0.27287 0.27287 0.18139 ( 1)  0.181
 462 -   0.26214 0.26214 0.26214 0.21359 ( 1)  0.214
 463 -   0.00000 0.00000 0.00000 1.00000 ( 4)  1.000
 464 -   0.26665 0.26665 0.26665 0.20005 ( 1)  0.200
 465 -   0.26827 0.26827 0.26827 0.19520 ( 3)  0.195
 466 -   0.26665 0.26665 0.26665 0.20005 ( 1)  0.200
 467 -   0.00000 0.00000 0.00000 1.00000 ( 4)  1.000
 468 -   0.27051 0.27051 0.27051 0.18846 ( 3)  0.188
 469 -   0.27594 0.27594 0.27594 0.17217 ( 3)  0.172
 470 -   0.25826 0.25826 0.25826 0.22523 ( 1)  0.225
 471 -   0.26665 0.26665 0.26665 0.20005 ( 1)  0.200
 472 -   0.26485 0.26485 0.26485 0.20546 ( 1)  0.205
 473 -   0.00000 0.00000 0.00000 1.00000 ( 4)  1.000
 474 -   0.27462 0.27462 0.27462 0.17613 ( 1)  0.176
 475 -   0.27287 0.27287 0.27287 0.18139 ( 1)  0.181
 476 -   0.26502 0.26502 0.26502 0.20494 ( 1)  0.205
 477 -   0.26214 0.26214 0.26214 0.21359 ( 1)  0.214
 478 -   0.25483 0.25483 0.25483 0.23550 ( 3)  0.235
 479 -   0.26665 0.26665 0.26665 0.20005 ( 1)  0.200
 480 -   0.26827 0.26827 0.26827 0.19520 ( 3)  0.195
 481 -   0.26854 0.26854 0.26854 0.19438 ( 1)  0.194
 482 -   0.27594 0.27594 0.27594 0.17217 ( 3)  0.172
 483 -   0.26502 0.26502 0.26502 0.20494 ( 1)  0.205
 484 -   0.27594 0.27594 0.27594 0.17217 ( 3)  0.172
 485 -   0.00000 0.00000 0.00000 1.00000 ( 4)  1.000
 486 -   0.27432 0.27432 0.27432 0.17703 ( 3)  0.177
 487 -   0.27594 0.27594 0.27594 0.17217 ( 3)  0.172
 488 -   0.26214 0.26214 0.26214 0.21359 ( 1)  0.214
 489 -   0.00000 0.00000 0.00000 1.00000 ( 4)  1.000
 490 -   0.27594 0.27594 0.27594 0.17217 ( 3)  0.172
 491 -   0.26502 0.26502 0.26502 0.20494 ( 1)  0.205
 492 -   0.26665 0.26665 0.26665 0.20005 ( 1)  0.200
 493 -   0.26672 0.26672 0.26672 0.19984 ( 1)  0.200
 494 -   0.27462 0.27462 0.27462 0.17613 ( 1)  0.176
 495 -   0.00000 0.00000 0.00000 1.00000 ( 4)  1.000
 496 -   0.27053 0.27053 0.27053 0.18841 ( 3)  0.188
 497 -   0.26502 0.26502 0.26502 0.20494 ( 1)  0.205
 498 -   0.00000 0.00000 0.00000 1.00000 ( 4)  1.000
 499 -   0.27287 0.27287 0.27287 0.18139 ( 1)  0.181
 500 -   0.00000 0.00000 0.00000 1.00000 ( 4)  1.000
 501 -   0.26827 0.26827 0.26827 0.19520 ( 3)  0.195
 502 -   0.27107 0.27107 0.27107 0.18678 ( 1)  0.187
 503 -   0.26827 0.26827 0.26827 0.19520 ( 3)  0.195
 504 -   0.28167 0.28167 0.28167 0.15498 ( 1)  0.155
 505 -   0.26665 0.26665 0.26665 0.20005 ( 1)  0.200
 506 -   0.26854 0.26854 0.26854 0.19438 ( 1)  0.194
 507 -   0.27107 0.27107 0.27107 0.18678 ( 1)  0.187
 508 -   0.27462 0.27462 0.27462 0.17613 ( 1)  0.176
 509 -   0.26122 0.26122 0.26122 0.21635 ( 3)  0.216
 510 -   0.27559 0.27559 0.27559 0.17322 ( 3)  0.173
 511 -   0.00000 0.00000 0.00000 1.00000 ( 4)  1.000
 512 -   0.26854 0.26854 0.26854 0.19438 ( 1)  0.194
 513 -   0.26854 0.26854 0.26854 0.19438 ( 1)  0.194
 514 -   0.26036 0.26036 0.26036 0.21892 ( 1)  0.219
 515 -   0.27126 0.27126 0.27126 0.18623 ( 1)  0.186
 516 -   0.26530 0.26530 0.26530 0.20411 ( 1)  0.204
 517 -   0.00000 0.00000 0.00000 1.00000 ( 4)  1.000
 518 -   0.27432 0.27432 0.27432 0.17703 ( 3)  0.177
 519 -   0.26502 0.26502 0.26502 0.20494 ( 1)  0.205
 520 -   0.25755 0.25755 0.25755 0.22734 ( 3)  0.227
 521 -   0.25956 0.25956 0.25956 0.22132 ( 1)  0.221
 522 -   0.27007 0.27007 0.27007 0.18980 ( 1)  0.190
 523 -   0.27594 0.27594 0.27594 0.17218 ( 1)  0.172
 524 -   0.25956 0.25956 0.25956 0.22132 ( 1)  0.221
 525 -   0.27126 0.27126 0.27126 0.18623 ( 1)  0.186
 526 -   0.26298 0.26298 0.26298 0.21107 ( 3)  0.211
 527 -   0.25885 0.25885 0.25885 0.22344 ( 3)  0.223
 528 -   0.26298 0.26298 0.26298 0.21107 ( 3)  0.211
 529 -   0.27107 0.27107 0.27107 0.18678 ( 1)  0.187
 530 -   0.26036 0.26036 0.26036 0.21892 ( 1)  0.219
 531 -   0.00000 0.00000 0.00000 1.00000 ( 4)  1.000
 532 -   0.26854 0.26854 0.26854 0.19438 ( 1)  0.194
 533 -   0.27126 0.27126 0.27126 0.18623 ( 1)  0.186
 534 -   0.27390 0.27390 0.27390 0.17830 ( 1)  0.178
 535 -   0.26854 0.26854 0.26854 0.19438 ( 1)  0.194
 536 -   0.00000 0.00000 0.00000 1.00000 ( 4)  1.000
 537 -   0.00000 0.00000 0.00000 1.00000 ( 4)  1.000
 538 -   0.00000 0.00000 0.00000 1.00000 ( 4)  1.000
 539 -   0.00000 0.00000 0.00000 1.00000 ( 4)  1.000
 540 -   0.27462 0.27462 0.27462 0.17613 ( 1)  0.176
 541 -   0.25826 0.25826 0.25826 0.22523 ( 1)  0.225
 542 -   0.26854 0.26854 0.26854 0.19438 ( 1)  0.194
 543 -   0.25746 0.25746 0.25746 0.22762 ( 1)  0.228
 544 -   0.26854 0.26854 0.26854 0.19438 ( 1)  0.194
 545 -   0.26672 0.26672 0.26672 0.19984 ( 1)  0.200
 546 -   0.25885 0.25885 0.25885 0.22344 ( 3)  0.223
 547 -   0.26785 0.26785 0.26785 0.19644 ( 3)  0.196
 548 -   0.26827 0.26827 0.26827 0.19520 ( 3)  0.195
 549 -   0.00000 0.00000 0.00000 1.00000 ( 4)  1.000
 550 -   0.00000 0.00000 0.00000 1.00000 ( 4)  1.000
 551 -   0.25885 0.25885 0.25885 0.22344 ( 3)  0.223
 552 -   0.26298 0.26298 0.26298 0.21107 ( 3)  0.211
 553 -   0.27051 0.27051 0.27051 0.18846 ( 3)  0.188
 554 -   0.00000 0.00000 0.00000 1.00000 ( 4)  1.000
 555 -   0.25885 0.25885 0.25885 0.22344 ( 3)  0.223
 556 -   0.26827 0.26827 0.26827 0.19520 ( 3)  0.195
 557 -   0.27293 0.27293 0.27293 0.18121 ( 3)  0.181
 558 -   0.00000 0.00000 0.00000 1.00000 ( 4)  1.000
 559 -   0.25695 0.25695 0.25695 0.22915 ( 1)  0.229
 560 -   0.27596 0.27596 0.27596 0.17213 ( 3)  0.172
 561 -   0.00000 0.00000 0.00000 1.00000 ( 4)  1.000


lnL = -3517.791797

