Supplemental results for CODEML (seqf: algn  treef: tree)


dN/dS (w) for site classes (K=3)

p:   0.81118  0.16503  0.02379
w:   0.03817  1.00000  4.54010

Naive Empirical Bayes (NEB) probabilities for 3 classes & postmean_w & P(w>1)
(amino acids refer to 1st sequence: aotNan_LOC105723390_XM_012461345)

   1 S   0.96856 0.03143 0.00001 ( 1)  0.068  0.000
   2 K   0.88636 0.11090 0.00274 ( 1)  0.157  0.003
   3 V   0.97780 0.02219 0.00001 ( 1)  0.060  0.000
   4 V   0.97298 0.02702 0.00001 ( 1)  0.064  0.000
   5 L   0.93204 0.06768 0.00028 ( 1)  0.105  0.000
   6 V   0.98345 0.01654 0.00000 ( 1)  0.054  0.000
   7 N   0.90810 0.09088 0.00102 ( 1)  0.130  0.001
   8 Y   0.95684 0.04313 0.00003 ( 1)  0.080  0.000
   9 P   0.95691 0.04303 0.00006 ( 1)  0.080  0.000
  10 L   0.96011 0.03985 0.00003 ( 1)  0.077  0.000
  11 L   0.95712 0.04283 0.00006 ( 1)  0.080  0.000
  12 D   0.96003 0.03994 0.00003 ( 1)  0.077  0.000
  13 V   0.55245 0.44673 0.00082 ( 1)  0.472  0.001
  14 A   0.96387 0.03609 0.00004 ( 1)  0.073  0.000
  15 A   0.90080 0.09753 0.00166 ( 1)  0.139  0.002
  16 A   0.92485 0.07460 0.00055 ( 1)  0.112  0.001
  17 A   0.97743 0.02256 0.00001 ( 1)  0.060  0.000
  18 A   0.50667 0.49227 0.00106 ( 1)  0.516  0.001
  19 G   0.96402 0.03595 0.00002 ( 1)  0.073  0.000
  20 S   0.98387 0.01613 0.00000 ( 1)  0.054  0.000
  21 P   0.89446 0.10337 0.00217 ( 1)  0.147  0.002
  22 L   0.64485 0.35490 0.00024 ( 1)  0.381  0.000
  23 L   0.91334 0.08586 0.00080 ( 1)  0.124  0.001
  24 L   0.96011 0.03985 0.00003 ( 1)  0.077  0.000
  25 T   0.98578 0.01422 0.00000 ( 1)  0.052  0.000
  26 P   0.97457 0.02542 0.00002 ( 1)  0.063  0.000
  27 S   0.92072 0.07870 0.00058 ( 1)  0.116  0.001
  28 P   0.96822 0.03175 0.00002 ( 1)  0.069  0.000
  29 F   0.93623 0.06359 0.00018 ( 1)  0.100  0.000
  30 A   0.00034 0.61465 0.38501 ( 2)  2.363  0.385
  31 G   0.95023 0.04968 0.00009 ( 1)  0.086  0.000
  32 A   0.97654 0.02345 0.00001 ( 1)  0.061  0.000
  33 P   0.90667 0.09193 0.00140 ( 1)  0.133  0.001
  34 G   0.95023 0.04968 0.00009 ( 1)  0.086  0.000
  35 P   0.89446 0.10337 0.00217 ( 1)  0.147  0.002
  36 D   0.32448 0.65845 0.01708 ( 2)  0.748  0.017
  37 A   0.92485 0.07460 0.00055 ( 1)  0.112  0.001
  38 P   0.30063 0.67345 0.02592 ( 2)  0.803  0.026
  39 P   0.96875 0.03122 0.00002 ( 1)  0.068  0.000
  40 L   0.98319 0.01681 0.00000 ( 1)  0.054  0.000
  41 T   0.98578 0.01422 0.00000 ( 1)  0.052  0.000
  42 P   0.92002 0.07928 0.00070 ( 1)  0.118  0.001
  43 E   0.95748 0.04248 0.00004 ( 1)  0.079  0.000
  44 -   0.81118 0.16503 0.02379 ( 1)  0.304  0.024
  45 -   0.81118 0.16503 0.02379 ( 1)  0.304  0.024
  46 -   0.81118 0.16503 0.02379 ( 1)  0.304  0.024
  47 -   0.81118 0.16503 0.02379 ( 1)  0.304  0.024
  48 -   0.81118 0.16503 0.02379 ( 1)  0.304  0.024
  49 -   0.81118 0.16503 0.02379 ( 1)  0.304  0.024
  50 -   0.81118 0.16503 0.02379 ( 1)  0.304  0.024
  51 -   0.81118 0.16503 0.02379 ( 1)  0.304  0.024
  52 -   0.81118 0.16503 0.02379 ( 1)  0.304  0.024
  53 -   0.81118 0.16503 0.02379 ( 1)  0.304  0.024
  54 -   0.81118 0.16503 0.02379 ( 1)  0.304  0.024
  55 -   0.81118 0.16503 0.02379 ( 1)  0.304  0.024
  56 -   0.81118 0.16503 0.02379 ( 1)  0.304  0.024
  57 -   0.81118 0.16503 0.02379 ( 1)  0.304  0.024
  58 -   0.81118 0.16503 0.02379 ( 1)  0.304  0.024
  59 -   0.81118 0.16503 0.02379 ( 1)  0.304  0.024
  60 -   0.81118 0.16503 0.02379 ( 1)  0.304  0.024
  61 -   0.81118 0.16503 0.02379 ( 1)  0.304  0.024
  62 -   0.81118 0.16503 0.02379 ( 1)  0.304  0.024
  63 -   0.81118 0.16503 0.02379 ( 1)  0.304  0.024
  64 -   0.81118 0.16503 0.02379 ( 1)  0.304  0.024
  65 -   0.81118 0.16503 0.02379 ( 1)  0.304  0.024
  66 -   0.81118 0.16503 0.02379 ( 1)  0.304  0.024
  67 -   0.81118 0.16503 0.02379 ( 1)  0.304  0.024
  68 -   0.81118 0.16503 0.02379 ( 1)  0.304  0.024
  69 -   0.81118 0.16503 0.02379 ( 1)  0.304  0.024
  70 -   0.81118 0.16503 0.02379 ( 1)  0.304  0.024
  71 -   0.81118 0.16503 0.02379 ( 1)  0.304  0.024
  72 -   0.81118 0.16503 0.02379 ( 1)  0.304  0.024
  73 -   0.81118 0.16503 0.02379 ( 1)  0.304  0.024
  74 -   0.81118 0.16503 0.02379 ( 1)  0.304  0.024
  75 -   0.81118 0.16503 0.02379 ( 1)  0.304  0.024
  76 -   0.81118 0.16503 0.02379 ( 1)  0.304  0.024
  77 -   0.81118 0.16503 0.02379 ( 1)  0.304  0.024
  78 -   0.81118 0.16503 0.02379 ( 1)  0.304  0.024
  79 -   0.81118 0.16503 0.02379 ( 1)  0.304  0.024
  80 -   0.81118 0.16503 0.02379 ( 1)  0.304  0.024
  81 -   0.81118 0.16503 0.02379 ( 1)  0.304  0.024
  82 -   0.81118 0.16503 0.02379 ( 1)  0.304  0.024
  83 -   0.81118 0.16503 0.02379 ( 1)  0.304  0.024
  84 -   0.81118 0.16503 0.02379 ( 1)  0.304  0.024
  85 -   0.81118 0.16503 0.02379 ( 1)  0.304  0.024
  86 -   0.81118 0.16503 0.02379 ( 1)  0.304  0.024
  87 -   0.81118 0.16503 0.02379 ( 1)  0.304  0.024
  88 -   0.81118 0.16503 0.02379 ( 1)  0.304  0.024
  89 -   0.81118 0.16503 0.02379 ( 1)  0.304  0.024
  90 -   0.81118 0.16503 0.02379 ( 1)  0.304  0.024
  91 -   0.81118 0.16503 0.02379 ( 1)  0.304  0.024
  92 -   0.81118 0.16503 0.02379 ( 1)  0.304  0.024
  93 -   0.81118 0.16503 0.02379 ( 1)  0.304  0.024
  94 -   0.81118 0.16503 0.02379 ( 1)  0.304  0.024
  95 -   0.81118 0.16503 0.02379 ( 1)  0.304  0.024
  96 -   0.81118 0.16503 0.02379 ( 1)  0.304  0.024
  97 -   0.81118 0.16503 0.02379 ( 1)  0.304  0.024
  98 -   0.81118 0.16503 0.02379 ( 1)  0.304  0.024
  99 -   0.81118 0.16503 0.02379 ( 1)  0.304  0.024
 100 -   0.81118 0.16503 0.02379 ( 1)  0.304  0.024
 101 -   0.81118 0.16503 0.02379 ( 1)  0.304  0.024
 102 -   0.81118 0.16503 0.02379 ( 1)  0.304  0.024
 103 -   0.81118 0.16503 0.02379 ( 1)  0.304  0.024
 104 -   0.81118 0.16503 0.02379 ( 1)  0.304  0.024
 105 -   0.81118 0.16503 0.02379 ( 1)  0.304  0.024
 106 -   0.81118 0.16503 0.02379 ( 1)  0.304  0.024
 107 -   0.81118 0.16503 0.02379 ( 1)  0.304  0.024
 108 -   0.81118 0.16503 0.02379 ( 1)  0.304  0.024
 109 -   0.81118 0.16503 0.02379 ( 1)  0.304  0.024
 110 -   0.81118 0.16503 0.02379 ( 1)  0.304  0.024
 111 -   0.81118 0.16503 0.02379 ( 1)  0.304  0.024
 112 -   0.81118 0.16503 0.02379 ( 1)  0.304  0.024
 113 -   0.81118 0.16503 0.02379 ( 1)  0.304  0.024
 114 -   0.81118 0.16503 0.02379 ( 1)  0.304  0.024
 115 -   0.81118 0.16503 0.02379 ( 1)  0.304  0.024
 116 -   0.81118 0.16503 0.02379 ( 1)  0.304  0.024
 117 -   0.81118 0.16503 0.02379 ( 1)  0.304  0.024
 118 -   0.81118 0.16503 0.02379 ( 1)  0.304  0.024
 119 -   0.81118 0.16503 0.02379 ( 1)  0.304  0.024
 120 -   0.81118 0.16503 0.02379 ( 1)  0.304  0.024
 121 -   0.81118 0.16503 0.02379 ( 1)  0.304  0.024
 122 -   0.81118 0.16503 0.02379 ( 1)  0.304  0.024
 123 -   0.81118 0.16503 0.02379 ( 1)  0.304  0.024
 124 -   0.81118 0.16503 0.02379 ( 1)  0.304  0.024
 125 -   0.81118 0.16503 0.02379 ( 1)  0.304  0.024
 126 -   0.81118 0.16503 0.02379 ( 1)  0.304  0.024
 127 -   0.81118 0.16503 0.02379 ( 1)  0.304  0.024
 128 -   0.81118 0.16503 0.02379 ( 1)  0.304  0.024
 129 -   0.81118 0.16503 0.02379 ( 1)  0.304  0.024
 130 -   0.81118 0.16503 0.02379 ( 1)  0.304  0.024
 131 -   0.81118 0.16503 0.02379 ( 1)  0.304  0.024
 132 -   0.81118 0.16503 0.02379 ( 1)  0.304  0.024
 133 -   0.81118 0.16503 0.02379 ( 1)  0.304  0.024
 134 -   0.81118 0.16503 0.02379 ( 1)  0.304  0.024
 135 -   0.81118 0.16503 0.02379 ( 1)  0.304  0.024
 136 -   0.81118 0.16503 0.02379 ( 1)  0.304  0.024
 137 -   0.81118 0.16503 0.02379 ( 1)  0.304  0.024
 138 -   0.81118 0.16503 0.02379 ( 1)  0.304  0.024
 139 -   0.81118 0.16503 0.02379 ( 1)  0.304  0.024
 140 -   0.81118 0.16503 0.02379 ( 1)  0.304  0.024
 141 -   0.81118 0.16503 0.02379 ( 1)  0.304  0.024
 142 -   0.81118 0.16503 0.02379 ( 1)  0.304  0.024
 143 -   0.81118 0.16503 0.02379 ( 1)  0.304  0.024
 144 T   0.98578 0.01422 0.00000 ( 1)  0.052  0.000
 145 L   0.95253 0.04740 0.00007 ( 1)  0.084  0.000
 146 Q   0.92887 0.07074 0.00039 ( 1)  0.108  0.000
 147 T   0.98286 0.01714 0.00000 ( 1)  0.055  0.000
 148 L   0.95747 0.04249 0.00004 ( 1)  0.079  0.000
 149 F   0.96988 0.03012 0.00001 ( 1)  0.067  0.000
 150 S   0.92903 0.07065 0.00033 ( 1)  0.108  0.000
 151 A   0.97147 0.02850 0.00003 ( 1)  0.066  0.000
 152 P   0.89204 0.10555 0.00241 ( 1)  0.151  0.002
 153 R   0.95875 0.04120 0.00005 ( 1)  0.078  0.000
 154 L   0.95747 0.04249 0.00004 ( 1)  0.079  0.000
 155 G   0.88215 0.11447 0.00338 ( 1)  0.163  0.003
 156 E   0.95479 0.04515 0.00005 ( 1)  0.082  0.000
 157 P   0.90931 0.08939 0.00130 ( 1)  0.130  0.001
 158 G   0.94744 0.05245 0.00012 ( 1)  0.089  0.000
 159 A   0.04901 0.93196 0.01904 ( 2)  1.020  0.019
 160 R   0.94074 0.05906 0.00020 ( 1)  0.096  0.000
 161 T   0.92121 0.07813 0.00066 ( 1)  0.116  0.001
 162 P   0.55259 0.44593 0.00148 ( 1)  0.474  0.001
 163 L   0.95722 0.04274 0.00005 ( 1)  0.079  0.000
 164 F   0.96662 0.03337 0.00001 ( 1)  0.070  0.000
 165 T   0.00228 0.97990 0.01782 ( 2)  1.061  0.018
 166 S   0.35004 0.64220 0.00777 ( 2)  0.691  0.008
 167 E   0.95479 0.04515 0.00005 ( 1)  0.082  0.000
 168 T   0.93280 0.06684 0.00036 ( 1)  0.104  0.000
 169 D   0.94559 0.05425 0.00016 ( 1)  0.091  0.000
 170 K   0.88412 0.11288 0.00300 ( 1)  0.160  0.003
 171 P   0.43996 0.55650 0.00355 ( 2)  0.589  0.004
 172 R   0.90112 0.09726 0.00162 ( 1)  0.139  0.002
 173 L   0.95141 0.04850 0.00008 ( 1)  0.085  0.000
 174 D   0.97003 0.02996 0.00001 ( 1)  0.067  0.000
 175 S   0.96487 0.03512 0.00002 ( 1)  0.072  0.000
 176 P   0.29027 0.68135 0.02837 ( 2)  0.821  0.028
 177 F   0.96988 0.03012 0.00001 ( 1)  0.067  0.000
 178 P   0.93351 0.06615 0.00034 ( 1)  0.103  0.000
 179 F   0.96988 0.03012 0.00001 ( 1)  0.067  0.000
 180 L   0.95747 0.04249 0.00004 ( 1)  0.079  0.000
 181 G   0.50713 0.49105 0.00182 ( 1)  0.519  0.002
 182 S   0.92903 0.07065 0.00033 ( 1)  0.108  0.000
 183 G   0.90733 0.09149 0.00118 ( 1)  0.131  0.001
 184 A   0.97592 0.02406 0.00001 ( 1)  0.061  0.000
 185 T   0.07795 0.92045 0.00161 ( 2)  0.931  0.002
 186 G   0.49651 0.50125 0.00224 ( 2)  0.530  0.002
 187 Y   0.91186 0.08727 0.00087 ( 1)  0.126  0.001
 188 S   0.98210 0.01790 0.00000 ( 1)  0.055  0.000
 189 K   0.94358 0.05631 0.00011 ( 1)  0.093  0.000
 190 P   0.97229 0.02769 0.00002 ( 1)  0.065  0.000
 191 P   0.33316 0.65016 0.01669 ( 2)  0.739  0.017
 192 G   0.96451 0.03546 0.00003 ( 1)  0.072  0.000
 193 L   0.95747 0.04249 0.00004 ( 1)  0.079  0.000
 194 L   0.95747 0.04249 0.00004 ( 1)  0.079  0.000
 195 G   0.90733 0.09149 0.00118 ( 1)  0.131  0.001
 196 P   0.91724 0.08194 0.00082 ( 1)  0.121  0.001
 197 Y   0.91186 0.08727 0.00087 ( 1)  0.126  0.001
 198 G   0.96131 0.03866 0.00003 ( 1)  0.076  0.000
 199 R   0.96066 0.03930 0.00004 ( 1)  0.076  0.000
 200 A   0.97592 0.02406 0.00001 ( 1)  0.061  0.000
 201 F   0.96988 0.03012 0.00001 ( 1)  0.067  0.000
 202 P   0.91786 0.08134 0.00079 ( 1)  0.120  0.001
 203 E   0.95479 0.04515 0.00005 ( 1)  0.082  0.000
 204 Y   0.95484 0.04512 0.00004 ( 1)  0.082  0.000
 205 P   0.97229 0.02769 0.00002 ( 1)  0.065  0.000
 206 W   0.93093 0.06878 0.00028 ( 1)  0.106  0.000
 207 N   0.96134 0.03864 0.00002 ( 1)  0.075  0.000
 208 F   0.91422 0.08505 0.00074 ( 1)  0.123  0.001
 209 N   0.96134 0.03864 0.00002 ( 1)  0.075  0.000
 210 P   0.94494 0.05488 0.00018 ( 1)  0.092  0.000
 211 Y   0.95484 0.04512 0.00004 ( 1)  0.082  0.000
 212 L   0.97798 0.02201 0.00000 ( 1)  0.059  0.000
 213 T   0.96721 0.03277 0.00002 ( 1)  0.070  0.000
 214 G   0.96131 0.03866 0.00003 ( 1)  0.076  0.000
 215 P   0.97229 0.02769 0.00002 ( 1)  0.065  0.000
 216 F   0.96988 0.03012 0.00001 ( 1)  0.067  0.000
 217 P   0.97229 0.02769 0.00002 ( 1)  0.065  0.000
 218 K   0.94358 0.05631 0.00011 ( 1)  0.093  0.000
 219 L   0.95747 0.04249 0.00004 ( 1)  0.079  0.000
 220 P   0.93964 0.06005 0.00032 ( 1)  0.097  0.000
 221 P   0.95754 0.04241 0.00005 ( 1)  0.079  0.000
 222 S   0.92903 0.07065 0.00033 ( 1)  0.108  0.000
 223 L   0.97763 0.02237 0.00000 ( 1)  0.060  0.000
 224 Y   0.95436 0.04560 0.00004 ( 1)  0.082  0.000
 225 P   0.97037 0.02961 0.00002 ( 1)  0.067  0.000
 226 P   0.93418 0.06549 0.00033 ( 1)  0.103  0.000
 227 H   0.96009 0.03987 0.00004 ( 1)  0.077  0.000
 228 F   0.96988 0.03012 0.00001 ( 1)  0.067  0.000
 229 Y   0.94745 0.05246 0.00008 ( 1)  0.089  0.000
 230 P   0.96916 0.03081 0.00002 ( 1)  0.068  0.000
 231 N   0.96134 0.03864 0.00002 ( 1)  0.075  0.000
 232 P   0.92106 0.07825 0.00069 ( 1)  0.117  0.001
 233 L   0.95608 0.04386 0.00006 ( 1)  0.081  0.000
 234 A   0.97805 0.02194 0.00001 ( 1)  0.059  0.000
 235 S   0.01622 0.88311 0.10067 ( 2)  1.341  0.101
 236 S   0.98387 0.01613 0.00000 ( 1)  0.054  0.000
 237 L   0.95608 0.04386 0.00006 ( 1)  0.081  0.000
 238 G   0.50514 0.49302 0.00185 ( 1)  0.521  0.002
 239 H   0.96361 0.03636 0.00002 ( 1)  0.073  0.000
 240 L   0.95747 0.04249 0.00004 ( 1)  0.079  0.000
 241 P   0.97229 0.02769 0.00002 ( 1)  0.065  0.000
 242 S   0.95186 0.04807 0.00007 ( 1)  0.085  0.000
 243 A   0.00884 0.69457 0.29659 ( 2)  2.041  0.297
 244 G   0.94744 0.05245 0.00012 ( 1)  0.089  0.000
 245 A   0.89628 0.10169 0.00204 ( 1)  0.145  0.002
 246 G   0.39583 0.59727 0.00690 ( 2)  0.644  0.007
 247 G   0.88215 0.11447 0.00338 ( 1)  0.163  0.003
 248 G   0.96451 0.03546 0.00003 ( 1)  0.072  0.000
 249 P   0.97229 0.02769 0.00002 ( 1)  0.065  0.000
 250 T   0.90557 0.09323 0.00121 ( 1)  0.133  0.001
 251 A   0.97352 0.02646 0.00002 ( 1)  0.064  0.000
 252 M   0.00000 0.06136 0.93864 ( 3)  4.323  0.939
 253 P   0.97214 0.02784 0.00002 ( 1)  0.065  0.000
 254 L   0.95747 0.04249 0.00004 ( 1)  0.079  0.000
 255 L   0.95301 0.04693 0.00007 ( 1)  0.084  0.000
 256 A   0.96207 0.03789 0.00004 ( 1)  0.075  0.000
 257 S   0.46595 0.53150 0.00255 ( 2)  0.561  0.003
 258 T   0.91057 0.08846 0.00098 ( 1)  0.128  0.001
 259 G   0.94744 0.05245 0.00012 ( 1)  0.089  0.000
 260 E   0.95479 0.04515 0.00005 ( 1)  0.082  0.000
 261 S   0.03080 0.94512 0.02408 ( 2)  1.056  0.024
 262 L   0.95747 0.04249 0.00004 ( 1)  0.079  0.000
 263 G   0.50846 0.48979 0.00176 ( 1)  0.517  0.002
 264 P   0.95678 0.04314 0.00008 ( 1)  0.080  0.000
 265 E   0.95479 0.04515 0.00005 ( 1)  0.082  0.000
 266 R   0.94420 0.05566 0.00014 ( 1)  0.092  0.000
 267 P   0.96969 0.03028 0.00002 ( 1)  0.067  0.000
 268 S   0.01649 0.89041 0.09311 ( 2)  1.314  0.093
 269 G   0.96451 0.03546 0.00003 ( 1)  0.072  0.000
 270 L   0.95747 0.04249 0.00004 ( 1)  0.079  0.000
 271 A   0.90123 0.09708 0.00169 ( 1)  0.139  0.002
 272 A   0.95786 0.04208 0.00006 ( 1)  0.079  0.000
 273 A   0.97592 0.02406 0.00001 ( 1)  0.061  0.000
 274 P   0.95925 0.04064 0.00011 ( 1)  0.078  0.000
 275 R   0.95811 0.04183 0.00006 ( 1)  0.079  0.000
 276 L   0.95141 0.04850 0.00008 ( 1)  0.085  0.000
 277 A   0.92140 0.07789 0.00071 ( 1)  0.116  0.001
 278 L   0.95551 0.04444 0.00005 ( 1)  0.081  0.000
 279 P   0.93841 0.06131 0.00028 ( 1)  0.098  0.000
 280 G   0.94744 0.05245 0.00012 ( 1)  0.089  0.000
 281 A   0.01446 0.83624 0.14930 ( 2)  1.515  0.149
 282 G   0.94744 0.05245 0.00012 ( 1)  0.089  0.000
 283 G   0.91154 0.08748 0.00098 ( 1)  0.127  0.001
 284 P   0.00025 0.43769 0.56206 ( 3)  2.990  0.562
 285 E   0.95479 0.04515 0.00005 ( 1)  0.082  0.000
 286 A   0.92596 0.07350 0.00054 ( 1)  0.111  0.001
 287 A   0.55674 0.44194 0.00132 ( 1)  0.469  0.001
 288 L   0.94273 0.05710 0.00017 ( 1)  0.094  0.000
 289 G   0.90733 0.09149 0.00118 ( 1)  0.131  0.001
 290 G   0.94572 0.05414 0.00013 ( 1)  0.091  0.000
 291 K   0.94358 0.05631 0.00011 ( 1)  0.093  0.000
 292 E   0.95479 0.04515 0.00005 ( 1)  0.082  0.000
 293 D   0.97003 0.02996 0.00001 ( 1)  0.067  0.000
 294 S   0.96613 0.03386 0.00001 ( 1)  0.071  0.000
 295 D   0.97003 0.02996 0.00001 ( 1)  0.067  0.000
 296 S   0.96612 0.03387 0.00002 ( 1)  0.071  0.000
 297 E   0.95479 0.04515 0.00005 ( 1)  0.082  0.000
 298 L   0.95681 0.04314 0.00005 ( 1)  0.080  0.000
 299 E   0.95479 0.04515 0.00005 ( 1)  0.082  0.000
 300 I   0.96996 0.03003 0.00001 ( 1)  0.067  0.000
 301 T   0.98413 0.01587 0.00000 ( 1)  0.053  0.000
 302 D   0.96968 0.03030 0.00001 ( 1)  0.067  0.000
 303 V   0.98369 0.01631 0.00000 ( 1)  0.054  0.000
 304 S   0.95907 0.04090 0.00003 ( 1)  0.078  0.000
 305 G   0.96451 0.03546 0.00003 ( 1)  0.072  0.000
 306 C   0.96163 0.03834 0.00002 ( 1)  0.075  0.000
 307 S   0.96613 0.03386 0.00001 ( 1)  0.071  0.000
 308 S   0.92903 0.07065 0.00033 ( 1)  0.108  0.000
 309 D   0.97003 0.02996 0.00001 ( 1)  0.067  0.000
 310 S   0.93737 0.06246 0.00017 ( 1)  0.099  0.000
 311 E   0.95479 0.04515 0.00005 ( 1)  0.082  0.000
 312 G   0.96131 0.03866 0.00003 ( 1)  0.076  0.000
 313 D   0.92102 0.07842 0.00056 ( 1)  0.116  0.001
 314 E   0.95479 0.04515 0.00005 ( 1)  0.082  0.000
 315 G   0.42659 0.56730 0.00611 ( 2)  0.611  0.006
 316 L   0.98031 0.01968 0.00000 ( 1)  0.057  0.000
 317 P   0.02213 0.89926 0.07862 ( 2)  1.257  0.079
 318 V   0.50871 0.48975 0.00155 ( 1)  0.516  0.002
 319 P   0.97229 0.02769 0.00002 ( 1)  0.065  0.000
 320 P   0.97229 0.02769 0.00002 ( 1)  0.065  0.000
 321 K   0.94358 0.05631 0.00011 ( 1)  0.093  0.000
 322 A   0.94260 0.05697 0.00043 ( 1)  0.095  0.000
 323 K   0.94358 0.05631 0.00011 ( 1)  0.093  0.000
 324 A   0.95244 0.04742 0.00014 ( 1)  0.084  0.000
 325 G   0.96451 0.03546 0.00003 ( 1)  0.072  0.000
 326 K   0.88412 0.11288 0.00300 ( 1)  0.160  0.003
 327 G   0.40241 0.59124 0.00634 ( 2)  0.635  0.006
 328 G   0.94572 0.05414 0.00013 ( 1)  0.091  0.000
 329 T   0.05054 0.94204 0.00742 ( 2)  0.978  0.007
 330 G   0.96058 0.03938 0.00004 ( 1)  0.076  0.000
 331 S   0.96856 0.03143 0.00001 ( 1)  0.068  0.000
 332 -   0.81118 0.16503 0.02379 ( 1)  0.304  0.024
 333 -   0.81118 0.16503 0.02379 ( 1)  0.304  0.024
 334 -   0.81118 0.16503 0.02379 ( 1)  0.304  0.024
 335 -   0.81118 0.16503 0.02379 ( 1)  0.304  0.024
 336 -   0.81118 0.16503 0.02379 ( 1)  0.304  0.024
 337 -   0.81118 0.16503 0.02379 ( 1)  0.304  0.024
 338 -   0.81118 0.16503 0.02379 ( 1)  0.304  0.024
 339 -   0.81118 0.16503 0.02379 ( 1)  0.304  0.024
 340 -   0.81118 0.16503 0.02379 ( 1)  0.304  0.024
 341 -   0.81118 0.16503 0.02379 ( 1)  0.304  0.024
 342 -   0.81118 0.16503 0.02379 ( 1)  0.304  0.024
 343 -   0.81118 0.16503 0.02379 ( 1)  0.304  0.024
 344 -   0.81118 0.16503 0.02379 ( 1)  0.304  0.024
 345 -   0.81118 0.16503 0.02379 ( 1)  0.304  0.024
 346 -   0.81118 0.16503 0.02379 ( 1)  0.304  0.024
 347 -   0.81118 0.16503 0.02379 ( 1)  0.304  0.024
 348 -   0.81118 0.16503 0.02379 ( 1)  0.304  0.024
 349 -   0.81118 0.16503 0.02379 ( 1)  0.304  0.024
 350 -   0.81118 0.16503 0.02379 ( 1)  0.304  0.024
 351 -   0.81118 0.16503 0.02379 ( 1)  0.304  0.024
 352 -   0.81118 0.16503 0.02379 ( 1)  0.304  0.024
 353 -   0.81118 0.16503 0.02379 ( 1)  0.304  0.024
 354 -   0.81118 0.16503 0.02379 ( 1)  0.304  0.024
 355 -   0.81118 0.16503 0.02379 ( 1)  0.304  0.024
 356 -   0.81118 0.16503 0.02379 ( 1)  0.304  0.024
 357 -   0.81118 0.16503 0.02379 ( 1)  0.304  0.024
 358 -   0.81118 0.16503 0.02379 ( 1)  0.304  0.024
 359 -   0.81118 0.16503 0.02379 ( 1)  0.304  0.024
 360 -   0.81118 0.16503 0.02379 ( 1)  0.304  0.024
 361 -   0.81118 0.16503 0.02379 ( 1)  0.304  0.024
 362 -   0.81118 0.16503 0.02379 ( 1)  0.304  0.024
 363 -   0.81118 0.16503 0.02379 ( 1)  0.304  0.024
 364 -   0.81118 0.16503 0.02379 ( 1)  0.304  0.024
 365 -   0.81118 0.16503 0.02379 ( 1)  0.304  0.024
 366 -   0.81118 0.16503 0.02379 ( 1)  0.304  0.024
 367 -   0.81118 0.16503 0.02379 ( 1)  0.304  0.024
 368 -   0.81118 0.16503 0.02379 ( 1)  0.304  0.024
 369 -   0.81118 0.16503 0.02379 ( 1)  0.304  0.024
 370 -   0.81118 0.16503 0.02379 ( 1)  0.304  0.024
 371 -   0.81118 0.16503 0.02379 ( 1)  0.304  0.024
 372 -   0.81118 0.16503 0.02379 ( 1)  0.304  0.024
 373 -   0.81118 0.16503 0.02379 ( 1)  0.304  0.024
 374 -   0.81118 0.16503 0.02379 ( 1)  0.304  0.024
 375 -   0.81118 0.16503 0.02379 ( 1)  0.304  0.024
 376 -   0.81118 0.16503 0.02379 ( 1)  0.304  0.024
 377 -   0.81118 0.16503 0.02379 ( 1)  0.304  0.024
 378 -   0.81118 0.16503 0.02379 ( 1)  0.304  0.024
 379 -   0.81118 0.16503 0.02379 ( 1)  0.304  0.024
 380 -   0.81118 0.16503 0.02379 ( 1)  0.304  0.024
 381 -   0.81118 0.16503 0.02379 ( 1)  0.304  0.024
 382 -   0.81118 0.16503 0.02379 ( 1)  0.304  0.024
 383 -   0.81118 0.16503 0.02379 ( 1)  0.304  0.024
 384 -   0.81118 0.16503 0.02379 ( 1)  0.304  0.024
 385 -   0.81118 0.16503 0.02379 ( 1)  0.304  0.024
 386 -   0.81118 0.16503 0.02379 ( 1)  0.304  0.024
 387 -   0.81118 0.16503 0.02379 ( 1)  0.304  0.024
 388 -   0.81118 0.16503 0.02379 ( 1)  0.304  0.024
 389 -   0.81118 0.16503 0.02379 ( 1)  0.304  0.024
 390 -   0.81118 0.16503 0.02379 ( 1)  0.304  0.024
 391 -   0.81118 0.16503 0.02379 ( 1)  0.304  0.024
 392 -   0.81118 0.16503 0.02379 ( 1)  0.304  0.024
 393 -   0.81118 0.16503 0.02379 ( 1)  0.304  0.024
 394 -   0.81118 0.16503 0.02379 ( 1)  0.304  0.024
 395 -   0.81118 0.16503 0.02379 ( 1)  0.304  0.024
 396 -   0.81118 0.16503 0.02379 ( 1)  0.304  0.024
 397 -   0.81118 0.16503 0.02379 ( 1)  0.304  0.024
 398 -   0.81118 0.16503 0.02379 ( 1)  0.304  0.024
 399 -   0.81118 0.16503 0.02379 ( 1)  0.304  0.024
 400 -   0.81118 0.16503 0.02379 ( 1)  0.304  0.024
 401 -   0.81118 0.16503 0.02379 ( 1)  0.304  0.024
 402 -   0.81118 0.16503 0.02379 ( 1)  0.304  0.024
 403 -   0.81118 0.16503 0.02379 ( 1)  0.304  0.024
 404 -   0.81118 0.16503 0.02379 ( 1)  0.304  0.024
 405 -   0.81118 0.16503 0.02379 ( 1)  0.304  0.024
 406 -   0.81118 0.16503 0.02379 ( 1)  0.304  0.024
 407 -   0.81118 0.16503 0.02379 ( 1)  0.304  0.024
 408 -   0.81118 0.16503 0.02379 ( 1)  0.304  0.024
 409 -   0.81118 0.16503 0.02379 ( 1)  0.304  0.024
 410 -   0.81118 0.16503 0.02379 ( 1)  0.304  0.024
 411 -   0.81118 0.16503 0.02379 ( 1)  0.304  0.024
 412 -   0.81118 0.16503 0.02379 ( 1)  0.304  0.024
 413 -   0.81118 0.16503 0.02379 ( 1)  0.304  0.024
 414 -   0.81118 0.16503 0.02379 ( 1)  0.304  0.024
 415 -   0.81118 0.16503 0.02379 ( 1)  0.304  0.024
 416 -   0.81118 0.16503 0.02379 ( 1)  0.304  0.024
 417 -   0.81118 0.16503 0.02379 ( 1)  0.304  0.024
 418 -   0.81118 0.16503 0.02379 ( 1)  0.304  0.024
 419 -   0.81118 0.16503 0.02379 ( 1)  0.304  0.024
 420 -   0.81118 0.16503 0.02379 ( 1)  0.304  0.024
 421 -   0.81118 0.16503 0.02379 ( 1)  0.304  0.024
 422 -   0.81118 0.16503 0.02379 ( 1)  0.304  0.024
 423 -   0.81118 0.16503 0.02379 ( 1)  0.304  0.024
 424 -   0.81118 0.16503 0.02379 ( 1)  0.304  0.024
 425 -   0.81118 0.16503 0.02379 ( 1)  0.304  0.024
 426 -   0.81118 0.16503 0.02379 ( 1)  0.304  0.024
 427 -   0.81118 0.16503 0.02379 ( 1)  0.304  0.024
 428 -   0.81118 0.16503 0.02379 ( 1)  0.304  0.024
 429 -   0.81118 0.16503 0.02379 ( 1)  0.304  0.024
 430 -   0.81118 0.16503 0.02379 ( 1)  0.304  0.024
 431 -   0.81118 0.16503 0.02379 ( 1)  0.304  0.024
 432 -   0.81118 0.16503 0.02379 ( 1)  0.304  0.024
 433 -   0.81118 0.16503 0.02379 ( 1)  0.304  0.024
 434 -   0.81118 0.16503 0.02379 ( 1)  0.304  0.024
 435 -   0.81118 0.16503 0.02379 ( 1)  0.304  0.024
 436 -   0.81118 0.16503 0.02379 ( 1)  0.304  0.024
 437 -   0.81118 0.16503 0.02379 ( 1)  0.304  0.024
 438 -   0.81118 0.16503 0.02379 ( 1)  0.304  0.024
 439 -   0.81118 0.16503 0.02379 ( 1)  0.304  0.024
 440 -   0.87306 0.12117 0.00577 ( 1)  0.181  0.006
 441 -   0.88852 0.10621 0.00526 ( 1)  0.164  0.005
 442 -   0.84527 0.14201 0.01272 ( 1)  0.232  0.013
 443 -   0.88852 0.10621 0.00526 ( 1)  0.164  0.005
 444 -   0.85310 0.13736 0.00955 ( 1)  0.213  0.010
 445 -   0.89262 0.10269 0.00469 ( 1)  0.158  0.005
 446 -   0.87378 0.11746 0.00876 ( 1)  0.191  0.009
 447 -   0.18884 0.67475 0.13641 ( 2)  1.301  0.136
 448 -   0.15107 0.64353 0.20539 ( 2)  1.582  0.205
 449 -   0.85310 0.13736 0.00955 ( 1)  0.213  0.010
 450 -   0.21321 0.67250 0.11429 ( 2)  1.200  0.114
 451 -   0.83548 0.14956 0.01497 ( 1)  0.249  0.015
 452 -   0.89262 0.10269 0.00469 ( 1)  0.158  0.005
 453 -   0.88852 0.10621 0.00526 ( 1)  0.164  0.005
 454 -   0.85423 0.13665 0.00913 ( 1)  0.211  0.009
 455 -   0.83548 0.14956 0.01497 ( 1)  0.249  0.015
 456 -   0.85414 0.13626 0.00960 ( 1)  0.212  0.010
 457 -   0.87378 0.11746 0.00876 ( 1)  0.191  0.009
 458 -   0.85423 0.13665 0.00913 ( 1)  0.211  0.009
 459 -   0.87659 0.11484 0.00857 ( 1)  0.187  0.009
 460 -   0.89262 0.10269 0.00469 ( 1)  0.158  0.005
 461 -   0.87306 0.12117 0.00577 ( 1)  0.181  0.006
 462 -   0.84527 0.14201 0.01272 ( 1)  0.232  0.013
 463 -   0.08841 0.54471 0.36688 ( 2)  2.214  0.367
 464 -   0.85755 0.13345 0.00900 ( 1)  0.207  0.009
 465 -   0.86086 0.13011 0.00903 ( 1)  0.204  0.009
 466 -   0.85755 0.13345 0.00900 ( 1)  0.207  0.009
 467 -   0.15143 0.62925 0.21931 ( 2)  1.631  0.219
 468 -   0.86674 0.12579 0.00747 ( 1)  0.193  0.007
 469 -   0.87659 0.11484 0.00857 ( 1)  0.187  0.009
 470 -   0.83548 0.14956 0.01497 ( 1)  0.249  0.015
 471 -   0.85755 0.13345 0.00900 ( 1)  0.207  0.009
 472 -   0.85203 0.13673 0.01124 ( 1)  0.220  0.011
 473 -   0.18884 0.67475 0.13641 ( 2)  1.301  0.136
 474 -   0.87378 0.11746 0.00876 ( 1)  0.191  0.009
 475 -   0.87306 0.12117 0.00577 ( 1)  0.181  0.006
 476 -   0.85423 0.13665 0.00913 ( 1)  0.211  0.009
 477 -   0.84527 0.14201 0.01272 ( 1)  0.232  0.013
 478 -   0.82619 0.15614 0.01766 ( 1)  0.268  0.018
 479 -   0.85755 0.13345 0.00900 ( 1)  0.207  0.009
 480 -   0.86086 0.13011 0.00903 ( 1)  0.204  0.009
 481 -   0.86277 0.12965 0.00757 ( 1)  0.197  0.008
 482 -   0.87659 0.11484 0.00857 ( 1)  0.187  0.009
 483 -   0.85423 0.13665 0.00913 ( 1)  0.211  0.009
 484 -   0.87659 0.11484 0.00857 ( 1)  0.187  0.009
 485 -   0.17942 0.66795 0.15263 ( 2)  1.368  0.153
 486 -   0.87621 0.11829 0.00550 ( 1)  0.177  0.005
 487 -   0.87659 0.11484 0.00857 ( 1)  0.187  0.009
 488 -   0.84527 0.14201 0.01272 ( 1)  0.232  0.013
 489 -   0.16341 0.65966 0.17692 ( 2)  1.469  0.177
 490 -   0.87659 0.11484 0.00857 ( 1)  0.187  0.009
 491 -   0.85423 0.13665 0.00913 ( 1)  0.211  0.009
 492 -   0.85755 0.13345 0.00900 ( 1)  0.207  0.009
 493 -   0.85694 0.13311 0.00995 ( 1)  0.211  0.010
 494 -   0.87378 0.11746 0.00876 ( 1)  0.191  0.009
 495 -   0.21018 0.67278 0.11704 ( 2)  1.212  0.117
 496 -   0.86528 0.12556 0.00916 ( 1)  0.200  0.009
 497 -   0.85423 0.13665 0.00913 ( 1)  0.211  0.009
 498 -   0.18884 0.67475 0.13641 ( 2)  1.301  0.136
 499 -   0.87306 0.12117 0.00577 ( 1)  0.181  0.006
 500 -   0.16341 0.65966 0.17692 ( 2)  1.469  0.177
 501 -   0.86086 0.13011 0.00903 ( 1)  0.204  0.009
 502 -   0.86789 0.12457 0.00755 ( 1)  0.192  0.008
 503 -   0.86086 0.13011 0.00903 ( 1)  0.204  0.009
 504 -   0.89134 0.10361 0.00505 ( 1)  0.161  0.005
 505 -   0.85755 0.13345 0.00900 ( 1)  0.207  0.009
 506 -   0.86277 0.12965 0.00757 ( 1)  0.197  0.008
 507 -   0.86789 0.12457 0.00755 ( 1)  0.192  0.008
 508 -   0.87378 0.11746 0.00876 ( 1)  0.191  0.009
 509 -   0.84443 0.14404 0.01154 ( 1)  0.229  0.012
 510 -   0.87828 0.11563 0.00610 ( 1)  0.177  0.006
 511 -   0.12999 0.61116 0.25885 ( 2)  1.791  0.259
 512 -   0.86277 0.12965 0.00757 ( 1)  0.197  0.008
 513 -   0.86277 0.12965 0.00757 ( 1)  0.197  0.008
 514 -   0.84204 0.14559 0.01236 ( 1)  0.234  0.012
 515 -   0.86646 0.12405 0.00949 ( 1)  0.200  0.009
 516 -   0.85466 0.13598 0.00936 ( 1)  0.211  0.009
 517 -   0.16341 0.65966 0.17692 ( 2)  1.469  0.177
 518 -   0.87621 0.11829 0.00550 ( 1)  0.177  0.005
 519 -   0.85423 0.13665 0.00913 ( 1)  0.211  0.009
 520 -   0.83443 0.15104 0.01453 ( 1)  0.249  0.015
 521 -   0.83993 0.14713 0.01293 ( 1)  0.238  0.013
 522 -   0.86368 0.12640 0.00992 ( 1)  0.204  0.010
 523 -   0.87927 0.11497 0.00576 ( 1)  0.175  0.006
 524 -   0.83993 0.14713 0.01293 ( 1)  0.238  0.013
 525 -   0.86646 0.12405 0.00949 ( 1)  0.200  0.009
 526 -   0.84731 0.14036 0.01233 ( 1)  0.229  0.012
 527 -   0.83708 0.14840 0.01452 ( 1)  0.246  0.015
 528 -   0.84731 0.14036 0.01233 ( 1)  0.229  0.012
 529 -   0.86789 0.12457 0.00755 ( 1)  0.192  0.008
 530 -   0.84204 0.14559 0.01236 ( 1)  0.234  0.012
 531 -   0.19074 0.67046 0.13881 ( 2)  1.308  0.139
 532 -   0.86277 0.12965 0.00757 ( 1)  0.197  0.008
 533 -   0.86646 0.12405 0.00949 ( 1)  0.200  0.009
 534 -   0.87579 0.11912 0.00509 ( 1)  0.176  0.005
 535 -   0.86277 0.12965 0.00757 ( 1)  0.197  0.008
 536 -   0.21608 0.67095 0.11297 ( 2)  1.192  0.113
 537 -   0.20700 0.67391 0.11909 ( 2)  1.222  0.119
 538 -   0.16341 0.65966 0.17692 ( 2)  1.469  0.177
 539 -   0.00587 0.55075 0.44338 ( 2)  2.564  0.443
 540 -   0.87378 0.11746 0.00876 ( 1)  0.191  0.009
 541 -   0.83548 0.14956 0.01497 ( 1)  0.249  0.015
 542 -   0.86277 0.12965 0.00757 ( 1)  0.197  0.008
 543 -   0.83395 0.15128 0.01477 ( 1)  0.250  0.015
 544 -   0.86277 0.12965 0.00757 ( 1)  0.197  0.008
 545 -   0.85694 0.13311 0.00995 ( 1)  0.211  0.010
 546 -   0.83708 0.14840 0.01452 ( 1)  0.246  0.015
 547 -   0.86139 0.13105 0.00756 ( 1)  0.198  0.008
 548 -   0.86086 0.13011 0.00903 ( 1)  0.204  0.009
 549 -   0.12999 0.61116 0.25885 ( 2)  1.791  0.259
 550 -   0.17942 0.66795 0.15263 ( 2)  1.368  0.153
 551 -   0.83708 0.14840 0.01452 ( 1)  0.246  0.015
 552 -   0.84731 0.14036 0.01233 ( 1)  0.229  0.012
 553 -   0.86674 0.12579 0.00747 ( 1)  0.193  0.007
 554 -   0.17942 0.66795 0.15263 ( 2)  1.368  0.153
 555 -   0.83708 0.14840 0.01452 ( 1)  0.246  0.015
 556 -   0.86086 0.13011 0.00903 ( 1)  0.204  0.009
 557 -   0.87145 0.12093 0.00761 ( 1)  0.189  0.008
 558 -   0.14190 0.63202 0.22608 ( 2)  1.664  0.226
 559 -   0.83233 0.15212 0.01554 ( 1)  0.254  0.016
 560 -   0.88051 0.11507 0.00442 ( 1)  0.169  0.004
 561 -   0.00587 0.55075 0.44338 ( 2)  2.564  0.443

Positively selected sites

	Prob(w>1)  mean w

   252 M      0.939         4.323
   284 P      0.562         2.990


lnL = -3515.213701

Bayes Empirical Bayes (BEB) probabilities for 3 classes (class) & postmean_w
(amino acids refer to 1st sequence: aotNan_LOC105723390_XM_012461345)

   1 S   0.97566 0.02344 0.00090 ( 1)  0.074 +-  0.152
   2 K   0.90661 0.08228 0.01111 ( 1)  0.155 +-  0.383
   3 V   0.98285 0.01661 0.00054 ( 1)  0.067 +-  0.127
   4 V   0.97911 0.02018 0.00071 ( 1)  0.070 +-  0.141
   5 L   0.94612 0.05026 0.00362 ( 1)  0.105 +-  0.241
   6 V   0.98725 0.01242 0.00033 ( 1)  0.062 +-  0.109
   7 N   0.92582 0.06744 0.00674 ( 1)  0.129 +-  0.305
   8 Y   0.96638 0.03209 0.00153 ( 1)  0.083 +-  0.181
   9 P   0.96633 0.03203 0.00164 ( 1)  0.084 +-  0.183
  10 L   0.96894 0.02968 0.00138 ( 1)  0.081 +-  0.174
  11 L   0.96654 0.03187 0.00159 ( 1)  0.083 +-  0.182
  12 D   0.96888 0.02974 0.00138 ( 1)  0.081 +-  0.174
  13 V   0.67681 0.30270 0.02049 ( 1)  0.375 +-  0.493
  14 A   0.97185 0.02690 0.00125 ( 1)  0.078 +-  0.167
  15 A   0.91934 0.07237 0.00829 ( 1)  0.138 +-  0.336
  16 A   0.93999 0.05538 0.00463 ( 1)  0.112 +-  0.264
  17 A   0.98251 0.01689 0.00060 ( 1)  0.067 +-  0.129
  18 A   0.63502 0.33967 0.02532 ( 1)  0.419 +-  0.516
  19 G   0.97204 0.02679 0.00117 ( 1)  0.078 +-  0.165
  20 S   0.98759 0.01210 0.00031 ( 1)  0.062 +-  0.108
  21 P   0.91374 0.07669 0.00957 ( 1)  0.146 +-  0.359
  22 L   0.75559 0.23222 0.01220 ( 1)  0.291 +-  0.435
  23 L   0.93032 0.06372 0.00595 ( 1)  0.123 +-  0.290
  24 L   0.96894 0.02968 0.00138 ( 1)  0.081 +-  0.174
  25 T   0.98906 0.01069 0.00026 ( 1)  0.061 +-  0.101
  26 P   0.98028 0.01901 0.00072 ( 1)  0.069 +-  0.138
  27 S   0.93658 0.05841 0.00500 ( 1)  0.116 +-  0.272
  28 P   0.97530 0.02370 0.00101 ( 1)  0.074 +-  0.155
  29 F   0.94964 0.04723 0.00314 ( 1)  0.101 +-  0.230
  30 A   0.00084 0.45835 0.54081 ( 3)  2.547 +-  1.916
  31 G   0.96099 0.03695 0.00207 ( 1)  0.089 +-  0.199
  32 A   0.98182 0.01755 0.00063 ( 1)  0.068 +-  0.132
  33 P   0.92439 0.06822 0.00740 ( 1)  0.132 +-  0.321
  34 G   0.96099 0.03695 0.00207 ( 1)  0.089 +-  0.199
  35 P   0.91374 0.07669 0.00957 ( 1)  0.146 +-  0.359
  36 D   0.43831 0.48440 0.07729 ( 2)  0.697 +-  0.756
  37 A   0.93999 0.05538 0.00463 ( 1)  0.112 +-  0.264
  38 P   0.40850 0.49825 0.09325 ( 2)  0.765 +-  0.846
  39 P   0.97572 0.02330 0.00097 ( 1)  0.074 +-  0.154
  40 L   0.98705 0.01261 0.00034 ( 1)  0.063 +-  0.110
  41 T   0.98906 0.01069 0.00026 ( 1)  0.061 +-  0.101
  42 P   0.93590 0.05885 0.00525 ( 1)  0.117 +-  0.278
  43 E   0.96685 0.03162 0.00153 ( 1)  0.083 +-  0.180
  44 -   0.83283 0.12193 0.04523 ( 1)  0.334 +-  0.912
  45 -   0.83283 0.12193 0.04523 ( 1)  0.334 +-  0.912
  46 -   0.83283 0.12193 0.04523 ( 1)  0.334 +-  0.912
  47 -   0.83283 0.12193 0.04523 ( 1)  0.334 +-  0.912
  48 -   0.83283 0.12193 0.04523 ( 1)  0.334 +-  0.912
  49 -   0.83283 0.12193 0.04523 ( 1)  0.334 +-  0.912
  50 -   0.83283 0.12193 0.04523 ( 1)  0.334 +-  0.912
  51 -   0.83283 0.12193 0.04523 ( 1)  0.334 +-  0.912
  52 -   0.83283 0.12193 0.04523 ( 1)  0.334 +-  0.912
  53 -   0.83283 0.12193 0.04523 ( 1)  0.334 +-  0.912
  54 -   0.83283 0.12193 0.04523 ( 1)  0.334 +-  0.912
  55 -   0.83283 0.12193 0.04523 ( 1)  0.334 +-  0.912
  56 -   0.83283 0.12193 0.04523 ( 1)  0.334 +-  0.912
  57 -   0.83283 0.12193 0.04523 ( 1)  0.334 +-  0.912
  58 -   0.83283 0.12193 0.04523 ( 1)  0.334 +-  0.912
  59 -   0.83283 0.12193 0.04523 ( 1)  0.334 +-  0.912
  60 -   0.83283 0.12193 0.04523 ( 1)  0.334 +-  0.912
  61 -   0.83283 0.12193 0.04523 ( 1)  0.334 +-  0.912
  62 -   0.83283 0.12193 0.04523 ( 1)  0.334 +-  0.912
  63 -   0.83283 0.12193 0.04523 ( 1)  0.334 +-  0.912
  64 -   0.83283 0.12193 0.04523 ( 1)  0.334 +-  0.912
  65 -   0.83283 0.12193 0.04523 ( 1)  0.334 +-  0.912
  66 -   0.83283 0.12193 0.04523 ( 1)  0.334 +-  0.912
  67 -   0.83283 0.12193 0.04523 ( 1)  0.334 +-  0.912
  68 -   0.83283 0.12193 0.04523 ( 1)  0.334 +-  0.912
  69 -   0.83283 0.12193 0.04523 ( 1)  0.334 +-  0.912
  70 -   0.83283 0.12193 0.04523 ( 1)  0.334 +-  0.912
  71 -   0.83283 0.12193 0.04523 ( 1)  0.334 +-  0.912
  72 -   0.83283 0.12193 0.04523 ( 1)  0.334 +-  0.912
  73 -   0.83283 0.12193 0.04523 ( 1)  0.334 +-  0.912
  74 -   0.83283 0.12193 0.04523 ( 1)  0.334 +-  0.912
  75 -   0.83283 0.12193 0.04523 ( 1)  0.334 +-  0.912
  76 -   0.83283 0.12193 0.04523 ( 1)  0.334 +-  0.912
  77 -   0.83283 0.12193 0.04523 ( 1)  0.334 +-  0.912
  78 -   0.83283 0.12193 0.04523 ( 1)  0.334 +-  0.912
  79 -   0.83283 0.12193 0.04523 ( 1)  0.334 +-  0.912
  80 -   0.83283 0.12193 0.04523 ( 1)  0.334 +-  0.912
  81 -   0.83283 0.12193 0.04523 ( 1)  0.334 +-  0.912
  82 -   0.83283 0.12193 0.04523 ( 1)  0.334 +-  0.912
  83 -   0.83283 0.12193 0.04523 ( 1)  0.334 +-  0.912
  84 -   0.83283 0.12193 0.04523 ( 1)  0.334 +-  0.912
  85 -   0.83283 0.12193 0.04523 ( 1)  0.334 +-  0.912
  86 -   0.83283 0.12193 0.04523 ( 1)  0.334 +-  0.912
  87 -   0.83283 0.12193 0.04523 ( 1)  0.334 +-  0.912
  88 -   0.83283 0.12193 0.04523 ( 1)  0.334 +-  0.912
  89 -   0.83283 0.12193 0.04523 ( 1)  0.334 +-  0.912
  90 -   0.83283 0.12193 0.04523 ( 1)  0.334 +-  0.912
  91 -   0.83283 0.12193 0.04523 ( 1)  0.334 +-  0.912
  92 -   0.83283 0.12193 0.04523 ( 1)  0.334 +-  0.912
  93 -   0.83283 0.12193 0.04523 ( 1)  0.334 +-  0.912
  94 -   0.83283 0.12193 0.04523 ( 1)  0.334 +-  0.912
  95 -   0.83283 0.12193 0.04523 ( 1)  0.334 +-  0.912
  96 -   0.83283 0.12193 0.04523 ( 1)  0.334 +-  0.912
  97 -   0.83283 0.12193 0.04523 ( 1)  0.334 +-  0.912
  98 -   0.83283 0.12193 0.04523 ( 1)  0.334 +-  0.912
  99 -   0.83283 0.12193 0.04523 ( 1)  0.334 +-  0.912
 100 -   0.83283 0.12193 0.04523 ( 1)  0.334 +-  0.912
 101 -   0.83283 0.12193 0.04523 ( 1)  0.334 +-  0.912
 102 -   0.83283 0.12193 0.04523 ( 1)  0.334 +-  0.912
 103 -   0.83283 0.12193 0.04523 ( 1)  0.334 +-  0.912
 104 -   0.83283 0.12193 0.04523 ( 1)  0.334 +-  0.912
 105 -   0.83283 0.12193 0.04523 ( 1)  0.334 +-  0.912
 106 -   0.83283 0.12193 0.04523 ( 1)  0.334 +-  0.912
 107 -   0.83283 0.12193 0.04523 ( 1)  0.334 +-  0.912
 108 -   0.83283 0.12193 0.04523 ( 1)  0.334 +-  0.912
 109 -   0.83283 0.12193 0.04523 ( 1)  0.334 +-  0.912
 110 -   0.83283 0.12193 0.04523 ( 1)  0.334 +-  0.912
 111 -   0.83283 0.12193 0.04523 ( 1)  0.334 +-  0.912
 112 -   0.83283 0.12193 0.04523 ( 1)  0.334 +-  0.912
 113 -   0.83283 0.12193 0.04523 ( 1)  0.334 +-  0.912
 114 -   0.83283 0.12193 0.04523 ( 1)  0.334 +-  0.912
 115 -   0.83283 0.12193 0.04523 ( 1)  0.334 +-  0.912
 116 -   0.83283 0.12193 0.04523 ( 1)  0.334 +-  0.912
 117 -   0.83283 0.12193 0.04523 ( 1)  0.334 +-  0.912
 118 -   0.83283 0.12193 0.04523 ( 1)  0.334 +-  0.912
 119 -   0.83283 0.12193 0.04523 ( 1)  0.334 +-  0.912
 120 -   0.83283 0.12193 0.04523 ( 1)  0.334 +-  0.912
 121 -   0.83283 0.12193 0.04523 ( 1)  0.334 +-  0.912
 122 -   0.83283 0.12193 0.04523 ( 1)  0.334 +-  0.912
 123 -   0.83283 0.12193 0.04523 ( 1)  0.334 +-  0.912
 124 -   0.83283 0.12193 0.04523 ( 1)  0.334 +-  0.912
 125 -   0.83283 0.12193 0.04523 ( 1)  0.334 +-  0.912
 126 -   0.83283 0.12193 0.04523 ( 1)  0.334 +-  0.912
 127 -   0.83283 0.12193 0.04523 ( 1)  0.334 +-  0.912
 128 -   0.83283 0.12193 0.04523 ( 1)  0.334 +-  0.912
 129 -   0.83283 0.12193 0.04523 ( 1)  0.334 +-  0.912
 130 -   0.83283 0.12193 0.04523 ( 1)  0.334 +-  0.912
 131 -   0.83283 0.12193 0.04523 ( 1)  0.334 +-  0.912
 132 -   0.83283 0.12193 0.04523 ( 1)  0.334 +-  0.912
 133 -   0.83283 0.12193 0.04523 ( 1)  0.334 +-  0.912
 134 -   0.83283 0.12193 0.04523 ( 1)  0.334 +-  0.912
 135 -   0.83283 0.12193 0.04523 ( 1)  0.334 +-  0.912
 136 -   0.83283 0.12193 0.04523 ( 1)  0.334 +-  0.912
 137 -   0.83283 0.12193 0.04523 ( 1)  0.334 +-  0.912
 138 -   0.83283 0.12193 0.04523 ( 1)  0.334 +-  0.912
 139 -   0.83283 0.12193 0.04523 ( 1)  0.334 +-  0.912
 140 -   0.83283 0.12193 0.04523 ( 1)  0.334 +-  0.912
 141 -   0.83283 0.12193 0.04523 ( 1)  0.334 +-  0.912
 142 -   0.83283 0.12193 0.04523 ( 1)  0.334 +-  0.912
 143 -   0.83283 0.12193 0.04523 ( 1)  0.334 +-  0.912
 144 T   0.98906 0.01069 0.00026 ( 1)  0.061 +-  0.101
 145 L   0.96287 0.03526 0.00187 ( 1)  0.087 +-  0.193
 146 Q   0.94342 0.05253 0.00405 ( 1)  0.108 +-  0.251
 147 T   0.98679 0.01286 0.00035 ( 1)  0.063 +-  0.111
 148 L   0.96683 0.03162 0.00155 ( 1)  0.083 +-  0.181
 149 F   0.97671 0.02247 0.00082 ( 1)  0.073 +-  0.149
 150 S   0.94362 0.05245 0.00393 ( 1)  0.108 +-  0.248
 151 A   0.97781 0.02129 0.00090 ( 1)  0.072 +-  0.148
 152 P   0.91158 0.07831 0.01011 ( 1)  0.149 +-  0.369
 153 R   0.96782 0.03068 0.00150 ( 1)  0.082 +-  0.178
 154 L   0.96683 0.03162 0.00155 ( 1)  0.083 +-  0.181
 155 G   0.90274 0.08492 0.01234 ( 1)  0.162 +-  0.405
 156 E   0.96470 0.03359 0.00171 ( 1)  0.085 +-  0.187
 157 P   0.92665 0.06634 0.00701 ( 1)  0.129 +-  0.314
 158 G   0.95872 0.03899 0.00229 ( 1)  0.091 +-  0.206
 159 A   0.10000 0.78169 0.11831 ( 2)  1.072 +-  0.673
 160 R   0.95324 0.04388 0.00288 ( 1)  0.097 +-  0.222
 161 T   0.93690 0.05799 0.00510 ( 1)  0.116 +-  0.274
 162 P   0.67552 0.30193 0.02254 ( 1)  0.379 +-  0.507
 163 L   0.96663 0.03181 0.00156 ( 1)  0.083 +-  0.181
 164 F   0.97415 0.02487 0.00098 ( 1)  0.075 +-  0.157
 165 T   0.00674 0.84933 0.14393 ( 2)  1.191 +-  0.615
 166 S   0.47088 0.47002 0.05911 ( 1)  0.625 +-  0.652
 167 E   0.96470 0.03359 0.00171 ( 1)  0.085 +-  0.187
 168 T   0.94662 0.04964 0.00374 ( 1)  0.105 +-  0.244
 169 D   0.95718 0.04033 0.00250 ( 1)  0.093 +-  0.211
 170 K   0.90459 0.08375 0.01167 ( 1)  0.159 +-  0.392
 171 P   0.56813 0.39369 0.03818 ( 1)  0.501 +-  0.578
 172 R   0.91964 0.07217 0.00819 ( 1)  0.138 +-  0.334
 173 L   0.96195 0.03607 0.00198 ( 1)  0.088 +-  0.196
 174 D   0.97679 0.02236 0.00085 ( 1)  0.073 +-  0.149
 175 S   0.97274 0.02617 0.00109 ( 1)  0.077 +-  0.162
 176 P   0.39572 0.50560 0.09868 ( 2)  0.789 +-  0.866
 177 F   0.97671 0.02247 0.00082 ( 1)  0.073 +-  0.149
 178 P   0.94721 0.04913 0.00365 ( 1)  0.104 +-  0.242
 179 F   0.97671 0.02247 0.00082 ( 1)  0.073 +-  0.149
 180 L   0.96683 0.03162 0.00155 ( 1)  0.083 +-  0.181
 181 G   0.63442 0.33849 0.02709 ( 1)  0.423 +-  0.529
 182 S   0.94362 0.05245 0.00393 ( 1)  0.108 +-  0.248
 183 G   0.92508 0.06789 0.00703 ( 1)  0.130 +-  0.312
 184 A   0.98132 0.01801 0.00067 ( 1)  0.068 +-  0.134
 185 T   0.16172 0.77693 0.06135 ( 2)  0.900 +-  0.456
 186 G   0.62385 0.34684 0.02931 ( 1)  0.436 +-  0.541
 187 Y   0.92904 0.06476 0.00620 ( 1)  0.125 +-  0.295
 188 S   0.98622 0.01342 0.00037 ( 1)  0.063 +-  0.113
 189 K   0.95566 0.04184 0.00250 ( 1)  0.094 +-  0.212
 190 P   0.97848 0.02069 0.00083 ( 1)  0.071 +-  0.145
 191 P   0.44834 0.47677 0.07489 ( 2)  0.685 +-  0.754
 192 G   0.97240 0.02643 0.00116 ( 1)  0.077 +-  0.164
 193 L   0.96683 0.03162 0.00155 ( 1)  0.083 +-  0.181
 194 L   0.96683 0.03162 0.00155 ( 1)  0.083 +-  0.181
 195 G   0.92508 0.06789 0.00703 ( 1)  0.130 +-  0.312
 196 P   0.93353 0.06082 0.00566 ( 1)  0.120 +-  0.286
 197 Y   0.92904 0.06476 0.00620 ( 1)  0.125 +-  0.295
 198 G   0.96988 0.02879 0.00133 ( 1)  0.080 +-  0.172
 199 R   0.96934 0.02927 0.00138 ( 1)  0.080 +-  0.174
 200 A   0.98132 0.01801 0.00067 ( 1)  0.068 +-  0.134
 201 F   0.97671 0.02247 0.00082 ( 1)  0.073 +-  0.149
 202 P   0.93406 0.06038 0.00556 ( 1)  0.119 +-  0.284
 203 E   0.96470 0.03359 0.00171 ( 1)  0.085 +-  0.187
 204 Y   0.96477 0.03357 0.00166 ( 1)  0.085 +-  0.186
 205 P   0.97848 0.02069 0.00083 ( 1)  0.071 +-  0.145
 206 W   0.94522 0.05107 0.00371 ( 1)  0.106 +-  0.243
 207 N   0.96996 0.02877 0.00127 ( 1)  0.080 +-  0.170
 208 F   0.93110 0.06312 0.00578 ( 1)  0.122 +-  0.287
 209 N   0.96996 0.02877 0.00127 ( 1)  0.080 +-  0.170
 210 P   0.95661 0.04080 0.00259 ( 1)  0.094 +-  0.214
 211 Y   0.96477 0.03357 0.00166 ( 1)  0.085 +-  0.186
 212 L   0.98300 0.01647 0.00052 ( 1)  0.067 +-  0.127
 213 T   0.97458 0.02444 0.00099 ( 1)  0.075 +-  0.156
 214 G   0.96988 0.02879 0.00133 ( 1)  0.080 +-  0.172
 215 P   0.97848 0.02069 0.00083 ( 1)  0.071 +-  0.145
 216 F   0.97671 0.02247 0.00082 ( 1)  0.073 +-  0.149
 217 P   0.97848 0.02069 0.00083 ( 1)  0.071 +-  0.145
 218 K   0.95566 0.04184 0.00250 ( 1)  0.094 +-  0.212
 219 L   0.96683 0.03162 0.00155 ( 1)  0.083 +-  0.181
 220 P   0.95217 0.04463 0.00320 ( 1)  0.099 +-  0.230
 221 P   0.96684 0.03157 0.00158 ( 1)  0.083 +-  0.181
 222 S   0.94362 0.05245 0.00393 ( 1)  0.108 +-  0.248
 223 L   0.98273 0.01674 0.00054 ( 1)  0.067 +-  0.128
 224 Y   0.96439 0.03392 0.00169 ( 1)  0.085 +-  0.187
 225 P   0.97697 0.02211 0.00092 ( 1)  0.073 +-  0.150
 226 P   0.94775 0.04865 0.00361 ( 1)  0.103 +-  0.240
 227 H   0.96892 0.02969 0.00139 ( 1)  0.081 +-  0.174
 228 F   0.97671 0.02247 0.00082 ( 1)  0.073 +-  0.149
 229 Y   0.95881 0.03900 0.00220 ( 1)  0.091 +-  0.203
 230 P   0.97605 0.02300 0.00096 ( 1)  0.074 +-  0.153
 231 N   0.96996 0.02877 0.00127 ( 1)  0.080 +-  0.170
 232 P   0.93676 0.05809 0.00516 ( 1)  0.116 +-  0.276
 233 L   0.96571 0.03264 0.00165 ( 1)  0.084 +-  0.185
 234 A   0.98300 0.01643 0.00057 ( 1)  0.067 +-  0.128
 235 S   0.03186 0.71536 0.25278 ( 2)  1.495 +-  1.171
 236 S   0.98759 0.01210 0.00031 ( 1)  0.062 +-  0.108
 237 L   0.96571 0.03264 0.00165 ( 1)  0.084 +-  0.185
 238 G   0.63253 0.34011 0.02735 ( 1)  0.425 +-  0.531
 239 H   0.97173 0.02709 0.00117 ( 1)  0.078 +-  0.165
 240 L   0.96683 0.03162 0.00155 ( 1)  0.083 +-  0.181
 241 P   0.97848 0.02069 0.00083 ( 1)  0.071 +-  0.145
 242 S   0.96232 0.03575 0.00193 ( 1)  0.088 +-  0.194
 243 A   0.01612 0.52363 0.46026 ( 2)  2.320 +-  1.921
 244 G   0.95872 0.03899 0.00229 ( 1)  0.091 +-  0.206
 245 A   0.91534 0.07545 0.00921 ( 1)  0.144 +-  0.353
 246 G   0.52069 0.42926 0.05005 ( 1)  0.566 +-  0.634
 247 G   0.90274 0.08492 0.01234 ( 1)  0.162 +-  0.405
 248 G   0.97240 0.02643 0.00116 ( 1)  0.077 +-  0.164
 249 P   0.97848 0.02069 0.00083 ( 1)  0.071 +-  0.145
 250 T   0.92359 0.06918 0.00723 ( 1)  0.132 +-  0.315
 251 A   0.97947 0.01978 0.00075 ( 1)  0.070 +-  0.141
 252 M   0.00000 0.06365 0.93635 ( 3)  4.152 +-  2.073
 253 P   0.97836 0.02080 0.00084 ( 1)  0.071 +-  0.145
 254 L   0.96683 0.03162 0.00155 ( 1)  0.083 +-  0.181
 255 L   0.96325 0.03491 0.00185 ( 1)  0.087 +-  0.192
 256 A   0.97046 0.02823 0.00131 ( 1)  0.079 +-  0.170
 257 S   0.59453 0.37231 0.03317 ( 1)  0.469 +-  0.556
 258 T   0.92790 0.06564 0.00646 ( 1)  0.126 +-  0.300
 259 G   0.95872 0.03899 0.00229 ( 1)  0.091 +-  0.206
 260 E   0.96470 0.03359 0.00171 ( 1)  0.085 +-  0.187
 261 S   0.06370 0.79774 0.13856 ( 2)  1.144 +-  0.710
 262 L   0.96683 0.03162 0.00155 ( 1)  0.083 +-  0.181
 263 G   0.63572 0.33746 0.02682 ( 1)  0.422 +-  0.528
 264 P   0.96616 0.03212 0.00171 ( 1)  0.084 +-  0.185
 265 E   0.96470 0.03359 0.00171 ( 1)  0.085 +-  0.187
 266 R   0.95609 0.04137 0.00254 ( 1)  0.094 +-  0.213
 267 P   0.97646 0.02261 0.00093 ( 1)  0.073 +-  0.151
 268 S   0.03249 0.72328 0.24423 ( 2)  1.463 +-  1.123
 269 G   0.97240 0.02643 0.00116 ( 1)  0.077 +-  0.164
 270 L   0.96683 0.03162 0.00155 ( 1)  0.083 +-  0.181
 271 A   0.91968 0.07203 0.00829 ( 1)  0.138 +-  0.336
 272 A   0.96707 0.03133 0.00160 ( 1)  0.083 +-  0.181
 273 A   0.98132 0.01801 0.00067 ( 1)  0.068 +-  0.134
 274 P   0.96806 0.03028 0.00166 ( 1)  0.082 +-  0.182
 275 R   0.96730 0.03114 0.00155 ( 1)  0.082 +-  0.180
 276 L   0.96195 0.03607 0.00198 ( 1)  0.088 +-  0.196
 277 A   0.93703 0.05782 0.00515 ( 1)  0.116 +-  0.276
 278 L   0.96526 0.03307 0.00168 ( 1)  0.085 +-  0.186
 279 P   0.95123 0.04555 0.00321 ( 1)  0.100 +-  0.231
 280 G   0.95872 0.03899 0.00229 ( 1)  0.091 +-  0.206
 281 A   0.02779 0.66441 0.30780 ( 2)  1.712 +-  1.447
 282 G   0.95872 0.03899 0.00229 ( 1)  0.091 +-  0.206
 283 G   0.92870 0.06492 0.00638 ( 1)  0.126 +-  0.299
 284 P   0.00058 0.31126 0.68816 ( 3)  3.224 +-  2.190
 285 E   0.96470 0.03359 0.00171 ( 1)  0.085 +-  0.187
 286 A   0.94089 0.05457 0.00454 ( 1)  0.111 +-  0.262
 287 A   0.67971 0.29881 0.02148 ( 1)  0.374 +-  0.501
 288 L   0.95487 0.04244 0.00270 ( 1)  0.096 +-  0.217
 289 G   0.92508 0.06789 0.00703 ( 1)  0.130 +-  0.312
 290 G   0.95732 0.04025 0.00243 ( 1)  0.093 +-  0.210
 291 K   0.95566 0.04184 0.00250 ( 1)  0.094 +-  0.212
 292 E   0.96470 0.03359 0.00171 ( 1)  0.085 +-  0.187
 293 D   0.97679 0.02236 0.00085 ( 1)  0.073 +-  0.149
 294 S   0.97374 0.02524 0.00102 ( 1)  0.076 +-  0.159
 295 D   0.97679 0.02236 0.00085 ( 1)  0.073 +-  0.149
 296 S   0.97373 0.02524 0.00103 ( 1)  0.076 +-  0.159
 297 E   0.96470 0.03359 0.00171 ( 1)  0.085 +-  0.187
 298 L   0.96630 0.03211 0.00159 ( 1)  0.083 +-  0.182
 299 E   0.96470 0.03359 0.00171 ( 1)  0.085 +-  0.187
 300 I   0.97677 0.02240 0.00083 ( 1)  0.073 +-  0.148
 301 T   0.98778 0.01191 0.00031 ( 1)  0.062 +-  0.107
 302 D   0.97652 0.02261 0.00087 ( 1)  0.073 +-  0.150
 303 V   0.98743 0.01224 0.00032 ( 1)  0.062 +-  0.108
 304 S   0.96814 0.03045 0.00141 ( 1)  0.081 +-  0.176
 305 G   0.97240 0.02643 0.00116 ( 1)  0.077 +-  0.164
 306 C   0.97019 0.02855 0.00125 ( 1)  0.079 +-  0.170
 307 S   0.97374 0.02524 0.00102 ( 1)  0.076 +-  0.159
 308 S   0.94362 0.05245 0.00393 ( 1)  0.108 +-  0.248
 309 D   0.97679 0.02236 0.00085 ( 1)  0.073 +-  0.149
 310 S   0.95056 0.04639 0.00305 ( 1)  0.100 +-  0.227
 311 E   0.96470 0.03359 0.00171 ( 1)  0.085 +-  0.187
 312 G   0.96988 0.02879 0.00133 ( 1)  0.080 +-  0.172
 313 D   0.93685 0.05821 0.00495 ( 1)  0.116 +-  0.270
 314 E   0.96470 0.03359 0.00171 ( 1)  0.085 +-  0.187
 315 G   0.55298 0.40285 0.04418 ( 1)  0.528 +-  0.618
 316 L   0.98482 0.01475 0.00044 ( 1)  0.065 +-  0.119
 317 P   0.04403 0.73689 0.21908 ( 2)  1.405 +-  1.118
 318 V   0.63633 0.33748 0.02619 ( 1)  0.420 +-  0.524
 319 P   0.97848 0.02069 0.00083 ( 1)  0.071 +-  0.145
 320 P   0.97848 0.02069 0.00083 ( 1)  0.071 +-  0.145
 321 K   0.95566 0.04184 0.00250 ( 1)  0.094 +-  0.212
 322 A   0.95441 0.04237 0.00323 ( 1)  0.097 +-  0.231
 323 K   0.95566 0.04184 0.00250 ( 1)  0.094 +-  0.212
 324 A   0.96264 0.03528 0.00208 ( 1)  0.088 +-  0.198
 325 G   0.97240 0.02643 0.00116 ( 1)  0.077 +-  0.164
 326 K   0.90459 0.08375 0.01167 ( 1)  0.159 +-  0.392
 327 G   0.52791 0.42394 0.04814 ( 1)  0.556 +-  0.626
 328 G   0.95732 0.04025 0.00243 ( 1)  0.093 +-  0.210
 329 T   0.10582 0.80266 0.09152 ( 2)  1.004 +-  0.535
 330 G   0.96929 0.02933 0.00138 ( 1)  0.080 +-  0.174
 331 S   0.97566 0.02344 0.00090 ( 1)  0.074 +-  0.152
 332 -   0.83283 0.12193 0.04523 ( 1)  0.334 +-  0.912
 333 -   0.83283 0.12193 0.04523 ( 1)  0.334 +-  0.912
 334 -   0.83283 0.12193 0.04523 ( 1)  0.334 +-  0.912
 335 -   0.83283 0.12193 0.04523 ( 1)  0.334 +-  0.912
 336 -   0.83283 0.12193 0.04523 ( 1)  0.334 +-  0.912
 337 -   0.83283 0.12193 0.04523 ( 1)  0.334 +-  0.912
 338 -   0.83283 0.12193 0.04523 ( 1)  0.334 +-  0.912
 339 -   0.83283 0.12193 0.04523 ( 1)  0.334 +-  0.912
 340 -   0.83283 0.12193 0.04523 ( 1)  0.334 +-  0.912
 341 -   0.83283 0.12193 0.04523 ( 1)  0.334 +-  0.912
 342 -   0.83283 0.12193 0.04523 ( 1)  0.334 +-  0.912
 343 -   0.83283 0.12193 0.04523 ( 1)  0.334 +-  0.912
 344 -   0.83283 0.12193 0.04523 ( 1)  0.334 +-  0.912
 345 -   0.83283 0.12193 0.04523 ( 1)  0.334 +-  0.912
 346 -   0.83283 0.12193 0.04523 ( 1)  0.334 +-  0.912
 347 -   0.83283 0.12193 0.04523 ( 1)  0.334 +-  0.912
 348 -   0.83283 0.12193 0.04523 ( 1)  0.334 +-  0.912
 349 -   0.83283 0.12193 0.04523 ( 1)  0.334 +-  0.912
 350 -   0.83283 0.12193 0.04523 ( 1)  0.334 +-  0.912
 351 -   0.83283 0.12193 0.04523 ( 1)  0.334 +-  0.912
 352 -   0.83283 0.12193 0.04523 ( 1)  0.334 +-  0.912
 353 -   0.83283 0.12193 0.04523 ( 1)  0.334 +-  0.912
 354 -   0.83283 0.12193 0.04523 ( 1)  0.334 +-  0.912
 355 -   0.83283 0.12193 0.04523 ( 1)  0.334 +-  0.912
 356 -   0.83283 0.12193 0.04523 ( 1)  0.334 +-  0.912
 357 -   0.83283 0.12193 0.04523 ( 1)  0.334 +-  0.912
 358 -   0.83283 0.12193 0.04523 ( 1)  0.334 +-  0.912
 359 -   0.83283 0.12193 0.04523 ( 1)  0.334 +-  0.912
 360 -   0.83283 0.12193 0.04523 ( 1)  0.334 +-  0.912
 361 -   0.83283 0.12193 0.04523 ( 1)  0.334 +-  0.912
 362 -   0.83283 0.12193 0.04523 ( 1)  0.334 +-  0.912
 363 -   0.83283 0.12193 0.04523 ( 1)  0.334 +-  0.912
 364 -   0.83283 0.12193 0.04523 ( 1)  0.334 +-  0.912
 365 -   0.83283 0.12193 0.04523 ( 1)  0.334 +-  0.912
 366 -   0.83283 0.12193 0.04523 ( 1)  0.334 +-  0.912
 367 -   0.83283 0.12193 0.04523 ( 1)  0.334 +-  0.912
 368 -   0.83283 0.12193 0.04523 ( 1)  0.334 +-  0.912
 369 -   0.83283 0.12193 0.04523 ( 1)  0.334 +-  0.912
 370 -   0.83283 0.12193 0.04523 ( 1)  0.334 +-  0.912
 371 -   0.83283 0.12193 0.04523 ( 1)  0.334 +-  0.912
 372 -   0.83283 0.12193 0.04523 ( 1)  0.334 +-  0.912
 373 -   0.83283 0.12193 0.04523 ( 1)  0.334 +-  0.912
 374 -   0.83283 0.12193 0.04523 ( 1)  0.334 +-  0.912
 375 -   0.83283 0.12193 0.04523 ( 1)  0.334 +-  0.912
 376 -   0.83283 0.12193 0.04523 ( 1)  0.334 +-  0.912
 377 -   0.83283 0.12193 0.04523 ( 1)  0.334 +-  0.912
 378 -   0.83283 0.12193 0.04523 ( 1)  0.334 +-  0.912
 379 -   0.83283 0.12193 0.04523 ( 1)  0.334 +-  0.912
 380 -   0.83283 0.12193 0.04523 ( 1)  0.334 +-  0.912
 381 -   0.83283 0.12193 0.04523 ( 1)  0.334 +-  0.912
 382 -   0.83283 0.12193 0.04523 ( 1)  0.334 +-  0.912
 383 -   0.83283 0.12193 0.04523 ( 1)  0.334 +-  0.912
 384 -   0.83283 0.12193 0.04523 ( 1)  0.334 +-  0.912
 385 -   0.83283 0.12193 0.04523 ( 1)  0.334 +-  0.912
 386 -   0.83283 0.12193 0.04523 ( 1)  0.334 +-  0.912
 387 -   0.83283 0.12193 0.04523 ( 1)  0.334 +-  0.912
 388 -   0.83283 0.12193 0.04523 ( 1)  0.334 +-  0.912
 389 -   0.83283 0.12193 0.04523 ( 1)  0.334 +-  0.912
 390 -   0.83283 0.12193 0.04523 ( 1)  0.334 +-  0.912
 391 -   0.83283 0.12193 0.04523 ( 1)  0.334 +-  0.912
 392 -   0.83283 0.12193 0.04523 ( 1)  0.334 +-  0.912
 393 -   0.83283 0.12193 0.04523 ( 1)  0.334 +-  0.912
 394 -   0.83283 0.12193 0.04523 ( 1)  0.334 +-  0.912
 395 -   0.83283 0.12193 0.04523 ( 1)  0.334 +-  0.912
 396 -   0.83283 0.12193 0.04523 ( 1)  0.334 +-  0.912
 397 -   0.83283 0.12193 0.04523 ( 1)  0.334 +-  0.912
 398 -   0.83283 0.12193 0.04523 ( 1)  0.334 +-  0.912
 399 -   0.83283 0.12193 0.04523 ( 1)  0.334 +-  0.912
 400 -   0.83283 0.12193 0.04523 ( 1)  0.334 +-  0.912
 401 -   0.83283 0.12193 0.04523 ( 1)  0.334 +-  0.912
 402 -   0.83283 0.12193 0.04523 ( 1)  0.334 +-  0.912
 403 -   0.83283 0.12193 0.04523 ( 1)  0.334 +-  0.912
 404 -   0.83283 0.12193 0.04523 ( 1)  0.334 +-  0.912
 405 -   0.83283 0.12193 0.04523 ( 1)  0.334 +-  0.912
 406 -   0.83283 0.12193 0.04523 ( 1)  0.334 +-  0.912
 407 -   0.83283 0.12193 0.04523 ( 1)  0.334 +-  0.912
 408 -   0.83283 0.12193 0.04523 ( 1)  0.334 +-  0.912
 409 -   0.83283 0.12193 0.04523 ( 1)  0.334 +-  0.912
 410 -   0.83283 0.12193 0.04523 ( 1)  0.334 +-  0.912
 411 -   0.83283 0.12193 0.04523 ( 1)  0.334 +-  0.912
 412 -   0.83283 0.12193 0.04523 ( 1)  0.334 +-  0.912
 413 -   0.83283 0.12193 0.04523 ( 1)  0.334 +-  0.912
 414 -   0.83283 0.12193 0.04523 ( 1)  0.334 +-  0.912
 415 -   0.83283 0.12193 0.04523 ( 1)  0.334 +-  0.912
 416 -   0.83283 0.12193 0.04523 ( 1)  0.334 +-  0.912
 417 -   0.83283 0.12193 0.04523 ( 1)  0.334 +-  0.912
 418 -   0.83283 0.12193 0.04523 ( 1)  0.334 +-  0.912
 419 -   0.83283 0.12193 0.04523 ( 1)  0.334 +-  0.912
 420 -   0.83283 0.12193 0.04523 ( 1)  0.334 +-  0.912
 421 -   0.83283 0.12193 0.04523 ( 1)  0.334 +-  0.912
 422 -   0.83283 0.12193 0.04523 ( 1)  0.334 +-  0.912
 423 -   0.83283 0.12193 0.04523 ( 1)  0.334 +-  0.912
 424 -   0.83283 0.12193 0.04523 ( 1)  0.334 +-  0.912
 425 -   0.83283 0.12193 0.04523 ( 1)  0.334 +-  0.912
 426 -   0.83283 0.12193 0.04523 ( 1)  0.334 +-  0.912
 427 -   0.83283 0.12193 0.04523 ( 1)  0.334 +-  0.912
 428 -   0.83283 0.12193 0.04523 ( 1)  0.334 +-  0.912
 429 -   0.83283 0.12193 0.04523 ( 1)  0.334 +-  0.912
 430 -   0.83283 0.12193 0.04523 ( 1)  0.334 +-  0.912
 431 -   0.83283 0.12193 0.04523 ( 1)  0.334 +-  0.912
 432 -   0.83283 0.12193 0.04523 ( 1)  0.334 +-  0.912
 433 -   0.83283 0.12193 0.04523 ( 1)  0.334 +-  0.912
 434 -   0.83283 0.12193 0.04523 ( 1)  0.334 +-  0.912
 435 -   0.83283 0.12193 0.04523 ( 1)  0.334 +-  0.912
 436 -   0.83283 0.12193 0.04523 ( 1)  0.334 +-  0.912
 437 -   0.83283 0.12193 0.04523 ( 1)  0.334 +-  0.912
 438 -   0.83283 0.12193 0.04523 ( 1)  0.334 +-  0.912
 439 -   0.83283 0.12193 0.04523 ( 1)  0.334 +-  0.912
 440 -   0.89390 0.08986 0.01624 ( 1)  0.182 +-  0.489
 441 -   0.90715 0.07877 0.01408 ( 1)  0.167 +-  0.476
 442 -   0.86704 0.10519 0.02777 ( 1)  0.243 +-  0.680
 443 -   0.90715 0.07877 0.01408 ( 1)  0.167 +-  0.476
 444 -   0.87521 0.10182 0.02297 ( 1)  0.218 +-  0.593
 445 -   0.91087 0.07616 0.01296 ( 1)  0.161 +-  0.457
 446 -   0.89296 0.08707 0.01997 ( 1)  0.198 +-  0.580
 447 -   0.25563 0.49695 0.24742 ( 2)  1.434 +-  1.666
 448 -   0.20172 0.46626 0.33202 ( 2)  1.814 +-  1.966
 449 -   0.87521 0.10182 0.02297 ( 1)  0.218 +-  0.593
 450 -   0.28819 0.49493 0.21688 ( 2)  1.304 +-  1.572
 451 -   0.85768 0.11075 0.03157 ( 1)  0.263 +-  0.728
 452 -   0.91087 0.07616 0.01296 ( 1)  0.161 +-  0.457
 453 -   0.90715 0.07877 0.01408 ( 1)  0.167 +-  0.476
 454 -   0.87639 0.10131 0.02230 ( 1)  0.215 +-  0.579
 455 -   0.85768 0.11075 0.03157 ( 1)  0.263 +-  0.728
 456 -   0.87606 0.10100 0.02294 ( 1)  0.218 +-  0.597
 457 -   0.89296 0.08707 0.01997 ( 1)  0.198 +-  0.580
 458 -   0.87639 0.10131 0.02230 ( 1)  0.215 +-  0.579
 459 -   0.89539 0.08513 0.01948 ( 1)  0.195 +-  0.575
 460 -   0.91087 0.07616 0.01296 ( 1)  0.161 +-  0.457
 461 -   0.89390 0.08986 0.01624 ( 1)  0.182 +-  0.489
 462 -   0.86704 0.10519 0.02777 ( 1)  0.243 +-  0.680
 463 -   0.11462 0.37816 0.50723 ( 3)  2.605 +-  2.337
 464 -   0.87925 0.09893 0.02183 ( 1)  0.212 +-  0.581
 465 -   0.88202 0.09644 0.02154 ( 1)  0.210 +-  0.585
 466 -   0.87925 0.09893 0.02183 ( 1)  0.212 +-  0.581
 467 -   0.20002 0.45021 0.34976 ( 2)  1.914 +-  2.071
 468 -   0.88774 0.09326 0.01899 ( 1)  0.196 +-  0.542
 469 -   0.89539 0.08513 0.01948 ( 1)  0.195 +-  0.575
 470 -   0.85768 0.11075 0.03157 ( 1)  0.263 +-  0.728
 471 -   0.87925 0.09893 0.02183 ( 1)  0.212 +-  0.581
 472 -   0.87348 0.10131 0.02521 ( 1)  0.229 +-  0.643
 473 -   0.25563 0.49695 0.24742 ( 2)  1.434 +-  1.666
 474 -   0.89296 0.08707 0.01997 ( 1)  0.198 +-  0.580
 475 -   0.89390 0.08986 0.01624 ( 1)  0.182 +-  0.489
 476 -   0.87639 0.10131 0.02230 ( 1)  0.215 +-  0.579
 477 -   0.86704 0.10519 0.02777 ( 1)  0.243 +-  0.680
 478 -   0.84859 0.11558 0.03583 ( 1)  0.284 +-  0.781
 479 -   0.87925 0.09893 0.02183 ( 1)  0.212 +-  0.581
 480 -   0.88202 0.09644 0.02154 ( 1)  0.210 +-  0.585
 481 -   0.88434 0.09613 0.01953 ( 1)  0.200 +-  0.541
 482 -   0.89539 0.08513 0.01948 ( 1)  0.195 +-  0.575
 483 -   0.87639 0.10131 0.02230 ( 1)  0.215 +-  0.579
 484 -   0.89539 0.08513 0.01948 ( 1)  0.195 +-  0.575
 485 -   0.24205 0.49004 0.26792 ( 2)  1.526 +-  1.750
 486 -   0.89669 0.08773 0.01558 ( 1)  0.178 +-  0.482
 487 -   0.89539 0.08513 0.01948 ( 1)  0.195 +-  0.575
 488 -   0.86704 0.10519 0.02777 ( 1)  0.243 +-  0.680
 489 -   0.21991 0.48243 0.29766 ( 2)  1.655 +-  1.840
 490 -   0.89539 0.08513 0.01948 ( 1)  0.195 +-  0.575
 491 -   0.87639 0.10131 0.02230 ( 1)  0.215 +-  0.579
 492 -   0.87925 0.09893 0.02183 ( 1)  0.212 +-  0.581
 493 -   0.87827 0.09864 0.02309 ( 1)  0.218 +-  0.610
 494 -   0.89296 0.08707 0.01997 ( 1)  0.198 +-  0.580
 495 -   0.28408 0.49503 0.22089 ( 2)  1.322 +-  1.590
 496 -   0.88565 0.09306 0.02129 ( 1)  0.207 +-  0.591
 497 -   0.87639 0.10131 0.02230 ( 1)  0.215 +-  0.579
 498 -   0.25563 0.49695 0.24742 ( 2)  1.434 +-  1.666
 499 -   0.89390 0.08986 0.01624 ( 1)  0.182 +-  0.489
 500 -   0.21991 0.48243 0.29766 ( 2)  1.655 +-  1.840
 501 -   0.88202 0.09644 0.02154 ( 1)  0.210 +-  0.585
 502 -   0.88866 0.09235 0.01899 ( 1)  0.196 +-  0.545
 503 -   0.88202 0.09644 0.02154 ( 1)  0.210 +-  0.585
 504 -   0.90960 0.07685 0.01355 ( 1)  0.164 +-  0.469
 505 -   0.87925 0.09893 0.02183 ( 1)  0.212 +-  0.581
 506 -   0.88434 0.09613 0.01953 ( 1)  0.200 +-  0.541
 507 -   0.88866 0.09235 0.01899 ( 1)  0.196 +-  0.545
 508 -   0.89296 0.08707 0.01997 ( 1)  0.198 +-  0.580
 509 -   0.86698 0.10676 0.02626 ( 1)  0.235 +-  0.636
 510 -   0.89813 0.08574 0.01613 ( 1)  0.180 +-  0.504
 511 -   0.17129 0.43551 0.39320 ( 2)  2.096 +-  2.144
 512 -   0.88434 0.09613 0.01953 ( 1)  0.200 +-  0.541
 513 -   0.88434 0.09613 0.01953 ( 1)  0.200 +-  0.541
 514 -   0.86454 0.10789 0.02757 ( 1)  0.242 +-  0.660
 515 -   0.88649 0.09193 0.02158 ( 1)  0.208 +-  0.602
 516 -   0.87661 0.10080 0.02259 ( 1)  0.216 +-  0.590
 517 -   0.21991 0.48243 0.29766 ( 2)  1.655 +-  1.840
 518 -   0.89669 0.08773 0.01558 ( 1)  0.178 +-  0.482
 519 -   0.87639 0.10131 0.02230 ( 1)  0.215 +-  0.579
 520 -   0.85710 0.11189 0.03102 ( 1)  0.259 +-  0.708
 521 -   0.86249 0.10902 0.02849 ( 1)  0.247 +-  0.673
 522 -   0.88396 0.09367 0.02238 ( 1)  0.213 +-  0.613
 523 -   0.89913 0.08525 0.01561 ( 1)  0.178 +-  0.494
 524 -   0.86249 0.10902 0.02849 ( 1)  0.247 +-  0.673
 525 -   0.88649 0.09193 0.02158 ( 1)  0.208 +-  0.602
 526 -   0.86895 0.10397 0.02709 ( 1)  0.239 +-  0.672
 527 -   0.85925 0.10990 0.03085 ( 1)  0.259 +-  0.718
 528 -   0.86895 0.10397 0.02709 ( 1)  0.239 +-  0.672
 529 -   0.88866 0.09235 0.01899 ( 1)  0.196 +-  0.545
 530 -   0.86454 0.10789 0.02757 ( 1)  0.242 +-  0.660
 531 -   0.25747 0.49234 0.25018 ( 2)  1.451 +-  1.697
 532 -   0.88434 0.09613 0.01953 ( 1)  0.200 +-  0.541
 533 -   0.88649 0.09193 0.02158 ( 1)  0.208 +-  0.602
 534 -   0.89652 0.08835 0.01512 ( 1)  0.176 +-  0.468
 535 -   0.88434 0.09613 0.01953 ( 1)  0.200 +-  0.541
 536 -   0.29180 0.49333 0.21487 ( 2)  1.297 +-  1.573
 537 -   0.28001 0.49626 0.22373 ( 2)  1.333 +-  1.592
 538 -   0.21991 0.48243 0.29766 ( 2)  1.655 +-  1.840
 539 -   0.01018 0.39089 0.59893 ( 3)  2.943 +-  2.227
 540 -   0.89296 0.08707 0.01997 ( 1)  0.198 +-  0.580
 541 -   0.85768 0.11075 0.03157 ( 1)  0.263 +-  0.728
 542 -   0.88434 0.09613 0.01953 ( 1)  0.200 +-  0.541
 543 -   0.85656 0.11206 0.03138 ( 1)  0.261 +-  0.715
 544 -   0.88434 0.09613 0.01953 ( 1)  0.200 +-  0.541
 545 -   0.87827 0.09864 0.02309 ( 1)  0.218 +-  0.610
 546 -   0.85925 0.10990 0.03085 ( 1)  0.259 +-  0.718
 547 -   0.88318 0.09718 0.01964 ( 1)  0.201 +-  0.538
 548 -   0.88202 0.09644 0.02154 ( 1)  0.210 +-  0.585
 549 -   0.17129 0.43551 0.39320 ( 2)  2.096 +-  2.144
 550 -   0.24205 0.49004 0.26792 ( 2)  1.526 +-  1.750
 551 -   0.85925 0.10990 0.03085 ( 1)  0.259 +-  0.718
 552 -   0.86895 0.10397 0.02709 ( 1)  0.239 +-  0.672
 553 -   0.88774 0.09326 0.01899 ( 1)  0.196 +-  0.542
 554 -   0.24205 0.49004 0.26792 ( 2)  1.526 +-  1.750
 555 -   0.85925 0.10990 0.03085 ( 1)  0.259 +-  0.718
 556 -   0.88202 0.09644 0.02154 ( 1)  0.210 +-  0.585
 557 -   0.89164 0.08966 0.01870 ( 1)  0.193 +-  0.547
 558 -   0.18868 0.45552 0.35580 ( 2)  1.921 +-  2.034
 559 -   0.85481 0.11265 0.03254 ( 1)  0.268 +-  0.735
 560 -   0.90084 0.08535 0.01381 ( 1)  0.169 +-  0.446
 561 -   0.01018 0.39089 0.59893 ( 3)  2.943 +-  2.227

Positively selected sites

	Prob(w>1)  mean w

    30 A      0.541         2.547 +- 1.916
   252 M      0.936         4.152 +- 2.073
   284 P      0.688         3.224 +- 2.190
   463 -      0.507         2.605 +- 2.337
   539 -      0.599         2.943 +- 2.227
   561 -      0.599         2.943 +- 2.227

