Supplemental results for CODEML (seqf: algn  treef: tree)


dN/dS (w) for site classes (K=4)

p:   0.25000  0.25000  0.25000  0.25000
w:   0.00000  0.00000  0.00000  0.33503

Naive Empirical Bayes (NEB) probabilities for 4 classes & postmean_w
(amino acids refer to 1st sequence: aotNan_LOC105723390_XM_012461345)

   1 -   0.25000 0.25000 0.25000 0.25000 ( 1)  0.084
   2 -   0.25000 0.25000 0.25000 0.25000 ( 1)  0.084
   3 -   0.25000 0.25000 0.25000 0.25000 ( 1)  0.084
   4 -   0.25000 0.25000 0.25000 0.25000 ( 1)  0.084
   5 -   0.25000 0.25000 0.25000 0.25000 ( 1)  0.084
   6 -   0.25000 0.25000 0.25000 0.25000 ( 1)  0.084
   7 -   0.25000 0.25000 0.25000 0.25000 ( 1)  0.084
   8 -   0.25000 0.25000 0.25000 0.25000 ( 1)  0.084
   9 -   0.25000 0.25000 0.25000 0.25000 ( 1)  0.084
  10 -   0.25000 0.25000 0.25000 0.25000 ( 1)  0.084
  11 -   0.25000 0.25000 0.25000 0.25000 ( 1)  0.084
  12 -   0.25000 0.25000 0.25000 0.25000 ( 1)  0.084
  13 -   0.25000 0.25000 0.25000 0.25000 ( 1)  0.084
  14 -   0.25000 0.25000 0.25000 0.25000 ( 1)  0.084
  15 -   0.25000 0.25000 0.25000 0.25000 ( 1)  0.084
  16 -   0.25000 0.25000 0.25000 0.25000 ( 1)  0.084
  17 -   0.25000 0.25000 0.25000 0.25000 ( 1)  0.084
  18 -   0.25000 0.25000 0.25000 0.25000 ( 1)  0.084
  19 -   0.25000 0.25000 0.25000 0.25000 ( 1)  0.084
  20 -   0.25000 0.25000 0.25000 0.25000 ( 1)  0.084
  21 -   0.25000 0.25000 0.25000 0.25000 ( 1)  0.084
  22 -   0.25000 0.25000 0.25000 0.25000 ( 1)  0.084
  23 -   0.25000 0.25000 0.25000 0.25000 ( 1)  0.084
  24 -   0.25000 0.25000 0.25000 0.25000 ( 1)  0.084
  25 -   0.25000 0.25000 0.25000 0.25000 ( 1)  0.084
  26 -   0.25000 0.25000 0.25000 0.25000 ( 1)  0.084
  27 -   0.25000 0.25000 0.25000 0.25000 ( 1)  0.084
  28 -   0.25000 0.25000 0.25000 0.25000 ( 1)  0.084
  29 -   0.25000 0.25000 0.25000 0.25000 ( 1)  0.084
  30 -   0.25000 0.25000 0.25000 0.25000 ( 1)  0.084
  31 -   0.25000 0.25000 0.25000 0.25000 ( 1)  0.084
  32 -   0.25000 0.25000 0.25000 0.25000 ( 1)  0.084
  33 -   0.25000 0.25000 0.25000 0.25000 ( 1)  0.084
  34 -   0.25000 0.25000 0.25000 0.25000 ( 1)  0.084
  35 -   0.25000 0.25000 0.25000 0.25000 ( 1)  0.084
  36 -   0.25000 0.25000 0.25000 0.25000 ( 1)  0.084
  37 -   0.25000 0.25000 0.25000 0.25000 ( 1)  0.084
  38 -   0.25000 0.25000 0.25000 0.25000 ( 1)  0.084
  39 -   0.25000 0.25000 0.25000 0.25000 ( 1)  0.084
  40 -   0.25000 0.25000 0.25000 0.25000 ( 1)  0.084
  41 -   0.25000 0.25000 0.25000 0.25000 ( 1)  0.084
  42 -   0.25000 0.25000 0.25000 0.25000 ( 1)  0.084
  43 -   0.25000 0.25000 0.25000 0.25000 ( 1)  0.084
  44 -   0.25000 0.25000 0.25000 0.25000 ( 1)  0.084
  45 -   0.25000 0.25000 0.25000 0.25000 ( 1)  0.084
  46 -   0.25000 0.25000 0.25000 0.25000 ( 1)  0.084
  47 -   0.25000 0.25000 0.25000 0.25000 ( 1)  0.084
  48 -   0.25000 0.25000 0.25000 0.25000 ( 1)  0.084
  49 -   0.25000 0.25000 0.25000 0.25000 ( 1)  0.084
  50 -   0.25000 0.25000 0.25000 0.25000 ( 1)  0.084
  51 -   0.25000 0.25000 0.25000 0.25000 ( 1)  0.084
  52 -   0.25000 0.25000 0.25000 0.25000 ( 1)  0.084
  53 -   0.25000 0.25000 0.25000 0.25000 ( 1)  0.084
  54 -   0.25000 0.25000 0.25000 0.25000 ( 1)  0.084
  55 -   0.25000 0.25000 0.25000 0.25000 ( 1)  0.084
  56 -   0.25000 0.25000 0.25000 0.25000 ( 1)  0.084
  57 -   0.25000 0.25000 0.25000 0.25000 ( 1)  0.084
  58 -   0.25000 0.25000 0.25000 0.25000 ( 1)  0.084
  59 -   0.25000 0.25000 0.25000 0.25000 ( 1)  0.084
  60 -   0.25000 0.25000 0.25000 0.25000 ( 1)  0.084
  61 -   0.25000 0.25000 0.25000 0.25000 ( 1)  0.084
  62 -   0.25000 0.25000 0.25000 0.25000 ( 1)  0.084
  63 -   0.25000 0.25000 0.25000 0.25000 ( 1)  0.084
  64 -   0.25000 0.25000 0.25000 0.25000 ( 1)  0.084
  65 -   0.25000 0.25000 0.25000 0.25000 ( 1)  0.084
  66 -   0.25000 0.25000 0.25000 0.25000 ( 1)  0.084
  67 -   0.25000 0.25000 0.25000 0.25000 ( 1)  0.084
  68 -   0.25000 0.25000 0.25000 0.25000 ( 1)  0.084
  69 -   0.25000 0.25000 0.25000 0.25000 ( 1)  0.084
  70 -   0.25000 0.25000 0.25000 0.25000 ( 1)  0.084
  71 -   0.25000 0.25000 0.25000 0.25000 ( 1)  0.084
  72 -   0.25000 0.25000 0.25000 0.25000 ( 1)  0.084
  73 -   0.25000 0.25000 0.25000 0.25000 ( 1)  0.084
  74 -   0.25000 0.25000 0.25000 0.25000 ( 1)  0.084
  75 -   0.25000 0.25000 0.25000 0.25000 ( 1)  0.084
  76 -   0.25000 0.25000 0.25000 0.25000 ( 1)  0.084
  77 -   0.25000 0.25000 0.25000 0.25000 ( 1)  0.084
  78 -   0.25000 0.25000 0.25000 0.25000 ( 1)  0.084
  79 -   0.25000 0.25000 0.25000 0.25000 ( 1)  0.084
  80 -   0.25000 0.25000 0.25000 0.25000 ( 1)  0.084
  81 -   0.25000 0.25000 0.25000 0.25000 ( 1)  0.084
  82 -   0.25000 0.25000 0.25000 0.25000 ( 1)  0.084
  83 -   0.25000 0.25000 0.25000 0.25000 ( 1)  0.084
  84 -   0.25000 0.25000 0.25000 0.25000 ( 1)  0.084
  85 -   0.25000 0.25000 0.25000 0.25000 ( 1)  0.084
  86 -   0.25000 0.25000 0.25000 0.25000 ( 1)  0.084
  87 -   0.25000 0.25000 0.25000 0.25000 ( 1)  0.084
  88 -   0.25000 0.25000 0.25000 0.25000 ( 1)  0.084
  89 -   0.25000 0.25000 0.25000 0.25000 ( 1)  0.084
  90 -   0.25000 0.25000 0.25000 0.25000 ( 1)  0.084
  91 -   0.25000 0.25000 0.25000 0.25000 ( 1)  0.084
  92 -   0.25000 0.25000 0.25000 0.25000 ( 1)  0.084
  93 -   0.25000 0.25000 0.25000 0.25000 ( 1)  0.084
  94 -   0.25000 0.25000 0.25000 0.25000 ( 1)  0.084
  95 -   0.25000 0.25000 0.25000 0.25000 ( 1)  0.084
  96 -   0.25000 0.25000 0.25000 0.25000 ( 1)  0.084
  97 -   0.25000 0.25000 0.25000 0.25000 ( 1)  0.084
  98 -   0.25000 0.25000 0.25000 0.25000 ( 1)  0.084
  99 -   0.25000 0.25000 0.25000 0.25000 ( 1)  0.084
 100 -   0.25000 0.25000 0.25000 0.25000 ( 1)  0.084
 101 -   0.25000 0.25000 0.25000 0.25000 ( 1)  0.084
 102 -   0.25000 0.25000 0.25000 0.25000 ( 1)  0.084
 103 -   0.25000 0.25000 0.25000 0.25000 ( 1)  0.084
 104 -   0.25000 0.25000 0.25000 0.25000 ( 1)  0.084
 105 -   0.25000 0.25000 0.25000 0.25000 ( 1)  0.084
 106 -   0.25000 0.25000 0.25000 0.25000 ( 1)  0.084
 107 -   0.25000 0.25000 0.25000 0.25000 ( 1)  0.084
 108 -   0.25000 0.25000 0.25000 0.25000 ( 1)  0.084
 109 -   0.25000 0.25000 0.25000 0.25000 ( 1)  0.084
 110 -   0.25000 0.25000 0.25000 0.25000 ( 1)  0.084
 111 -   0.25000 0.25000 0.25000 0.25000 ( 1)  0.084
 112 -   0.25000 0.25000 0.25000 0.25000 ( 1)  0.084
 113 -   0.25000 0.25000 0.25000 0.25000 ( 1)  0.084
 114 -   0.25000 0.25000 0.25000 0.25000 ( 1)  0.084
 115 -   0.25000 0.25000 0.25000 0.25000 ( 1)  0.084
 116 -   0.25000 0.25000 0.25000 0.25000 ( 1)  0.084
 117 -   0.25000 0.25000 0.25000 0.25000 ( 1)  0.084
 118 -   0.25000 0.25000 0.25000 0.25000 ( 1)  0.084
 119 -   0.25000 0.25000 0.25000 0.25000 ( 1)  0.084
 120 -   0.25000 0.25000 0.25000 0.25000 ( 1)  0.084
 121 -   0.25000 0.25000 0.25000 0.25000 ( 1)  0.084
 122 -   0.25000 0.25000 0.25000 0.25000 ( 1)  0.084
 123 -   0.25000 0.25000 0.25000 0.25000 ( 1)  0.084
 124 -   0.25000 0.25000 0.25000 0.25000 ( 1)  0.084
 125 -   0.25000 0.25000 0.25000 0.25000 ( 1)  0.084
 126 -   0.25000 0.25000 0.25000 0.25000 ( 1)  0.084
 127 -   0.25000 0.25000 0.25000 0.25000 ( 1)  0.084
 128 -   0.25000 0.25000 0.25000 0.25000 ( 1)  0.084
 129 -   0.25000 0.25000 0.25000 0.25000 ( 1)  0.084
 130 -   0.25000 0.25000 0.25000 0.25000 ( 1)  0.084
 131 -   0.25000 0.25000 0.25000 0.25000 ( 1)  0.084
 132 -   0.25000 0.25000 0.25000 0.25000 ( 1)  0.084
 133 -   0.25000 0.25000 0.25000 0.25000 ( 1)  0.084
 134 -   0.25000 0.25000 0.25000 0.25000 ( 1)  0.084
 135 -   0.25000 0.25000 0.25000 0.25000 ( 1)  0.084
 136 -   0.25000 0.25000 0.25000 0.25000 ( 1)  0.084
 137 -   0.25000 0.25000 0.25000 0.25000 ( 1)  0.084
 138 -   0.25000 0.25000 0.25000 0.25000 ( 1)  0.084
 139 -   0.25000 0.25000 0.25000 0.25000 ( 1)  0.084
 140 -   0.25000 0.25000 0.25000 0.25000 ( 1)  0.084
 141 -   0.25000 0.25000 0.25000 0.25000 ( 1)  0.084
 142 -   0.25000 0.25000 0.25000 0.25000 ( 1)  0.084
 143 -   0.25000 0.25000 0.25000 0.25000 ( 1)  0.084
 144 -   0.25000 0.25000 0.25000 0.25000 ( 1)  0.084
 145 -   0.25000 0.25000 0.25000 0.25000 ( 1)  0.084
 146 -   0.25000 0.25000 0.25000 0.25000 ( 1)  0.084
 147 -   0.25000 0.25000 0.25000 0.25000 ( 1)  0.084
 148 -   0.25000 0.25000 0.25000 0.25000 ( 1)  0.084
 149 -   0.25000 0.25000 0.25000 0.25000 ( 1)  0.084
 150 -   0.25000 0.25000 0.25000 0.25000 ( 1)  0.084
 151 -   0.25000 0.25000 0.25000 0.25000 ( 1)  0.084
 152 -   0.25000 0.25000 0.25000 0.25000 ( 1)  0.084
 153 -   0.25000 0.25000 0.25000 0.25000 ( 1)  0.084
 154 -   0.25000 0.25000 0.25000 0.25000 ( 1)  0.084
 155 -   0.25000 0.25000 0.25000 0.25000 ( 1)  0.084
 156 -   0.25000 0.25000 0.25000 0.25000 ( 1)  0.084
 157 -   0.25000 0.25000 0.25000 0.25000 ( 1)  0.084
 158 -   0.25000 0.25000 0.25000 0.25000 ( 1)  0.084
 159 -   0.25000 0.25000 0.25000 0.25000 ( 1)  0.084
 160 -   0.25000 0.25000 0.25000 0.25000 ( 1)  0.084
 161 -   0.25000 0.25000 0.25000 0.25000 ( 1)  0.084
 162 -   0.25000 0.25000 0.25000 0.25000 ( 1)  0.084
 163 -   0.25000 0.25000 0.25000 0.25000 ( 1)  0.084
 164 -   0.25000 0.25000 0.25000 0.25000 ( 1)  0.084
 165 -   0.25000 0.25000 0.25000 0.25000 ( 1)  0.084
 166 -   0.25000 0.25000 0.25000 0.25000 ( 1)  0.084
 167 -   0.25000 0.25000 0.25000 0.25000 ( 1)  0.084
 168 -   0.25000 0.25000 0.25000 0.25000 ( 1)  0.084
 169 -   0.25000 0.25000 0.25000 0.25000 ( 1)  0.084
 170 -   0.25000 0.25000 0.25000 0.25000 ( 1)  0.084
 171 -   0.25000 0.25000 0.25000 0.25000 ( 1)  0.084
 172 -   0.25000 0.25000 0.25000 0.25000 ( 1)  0.084
 173 -   0.25000 0.25000 0.25000 0.25000 ( 1)  0.084
 174 -   0.25000 0.25000 0.25000 0.25000 ( 1)  0.084
 175 -   0.25000 0.25000 0.25000 0.25000 ( 1)  0.084
 176 -   0.25000 0.25000 0.25000 0.25000 ( 1)  0.084
 177 -   0.25000 0.25000 0.25000 0.25000 ( 1)  0.084
 178 -   0.25000 0.25000 0.25000 0.25000 ( 1)  0.084
 179 -   0.25000 0.25000 0.25000 0.25000 ( 1)  0.084
 180 -   0.25000 0.25000 0.25000 0.25000 ( 1)  0.084
 181 -   0.25000 0.25000 0.25000 0.25000 ( 1)  0.084
 182 -   0.25000 0.25000 0.25000 0.25000 ( 1)  0.084
 183 -   0.25000 0.25000 0.25000 0.25000 ( 1)  0.084
 184 -   0.25000 0.25000 0.25000 0.25000 ( 1)  0.084
 185 -   0.25000 0.25000 0.25000 0.25000 ( 1)  0.084
 186 -   0.25000 0.25000 0.25000 0.25000 ( 1)  0.084
 187 -   0.25000 0.25000 0.25000 0.25000 ( 1)  0.084
 188 -   0.25000 0.25000 0.25000 0.25000 ( 1)  0.084
 189 -   0.25000 0.25000 0.25000 0.25000 ( 1)  0.084
 190 -   0.25000 0.25000 0.25000 0.25000 ( 1)  0.084
 191 -   0.25000 0.25000 0.25000 0.25000 ( 1)  0.084
 192 -   0.25000 0.25000 0.25000 0.25000 ( 1)  0.084
 193 -   0.25000 0.25000 0.25000 0.25000 ( 1)  0.084
 194 -   0.25000 0.25000 0.25000 0.25000 ( 1)  0.084
 195 -   0.25000 0.25000 0.25000 0.25000 ( 1)  0.084
 196 -   0.25000 0.25000 0.25000 0.25000 ( 1)  0.084
 197 -   0.25000 0.25000 0.25000 0.25000 ( 1)  0.084
 198 -   0.25000 0.25000 0.25000 0.25000 ( 1)  0.084
 199 -   0.25000 0.25000 0.25000 0.25000 ( 1)  0.084
 200 -   0.25000 0.25000 0.25000 0.25000 ( 1)  0.084
 201 -   0.25000 0.25000 0.25000 0.25000 ( 1)  0.084
 202 -   0.25000 0.25000 0.25000 0.25000 ( 1)  0.084
 203 -   0.25000 0.25000 0.25000 0.25000 ( 1)  0.084
 204 -   0.25000 0.25000 0.25000 0.25000 ( 1)  0.084
 205 -   0.25000 0.25000 0.25000 0.25000 ( 1)  0.084
 206 -   0.25000 0.25000 0.25000 0.25000 ( 1)  0.084
 207 -   0.25000 0.25000 0.25000 0.25000 ( 1)  0.084
 208 -   0.25000 0.25000 0.25000 0.25000 ( 1)  0.084
 209 -   0.25000 0.25000 0.25000 0.25000 ( 1)  0.084
 210 -   0.25000 0.25000 0.25000 0.25000 ( 1)  0.084
 211 -   0.25000 0.25000 0.25000 0.25000 ( 1)  0.084
 212 -   0.25000 0.25000 0.25000 0.25000 ( 1)  0.084
 213 -   0.25000 0.25000 0.25000 0.25000 ( 1)  0.084
 214 -   0.25000 0.25000 0.25000 0.25000 ( 1)  0.084
 215 -   0.25000 0.25000 0.25000 0.25000 ( 1)  0.084
 216 -   0.25000 0.25000 0.25000 0.25000 ( 1)  0.084
 217 -   0.25000 0.25000 0.25000 0.25000 ( 1)  0.084
 218 -   0.25000 0.25000 0.25000 0.25000 ( 1)  0.084
 219 -   0.25000 0.25000 0.25000 0.25000 ( 1)  0.084
 220 -   0.25000 0.25000 0.25000 0.25000 ( 1)  0.084
 221 -   0.25000 0.25000 0.25000 0.25000 ( 1)  0.084
 222 -   0.25000 0.25000 0.25000 0.25000 ( 1)  0.084
 223 -   0.25000 0.25000 0.25000 0.25000 ( 1)  0.084
 224 -   0.25000 0.25000 0.25000 0.25000 ( 1)  0.084
 225 -   0.25000 0.25000 0.25000 0.25000 ( 1)  0.084
 226 -   0.25000 0.25000 0.25000 0.25000 ( 1)  0.084
 227 -   0.25000 0.25000 0.25000 0.25000 ( 1)  0.084
 228 -   0.25000 0.25000 0.25000 0.25000 ( 1)  0.084
 229 -   0.25000 0.25000 0.25000 0.25000 ( 1)  0.084
 230 -   0.25000 0.25000 0.25000 0.25000 ( 1)  0.084
 231 -   0.25000 0.25000 0.25000 0.25000 ( 1)  0.084
 232 -   0.25000 0.25000 0.25000 0.25000 ( 1)  0.084
 233 -   0.25000 0.25000 0.25000 0.25000 ( 1)  0.084
 234 -   0.25000 0.25000 0.25000 0.25000 ( 3)  0.084
 235 -   0.25000 0.25000 0.25000 0.25000 ( 3)  0.084
 236 -   0.25000 0.25000 0.25000 0.25000 ( 3)  0.084
 237 -   0.25000 0.25000 0.25000 0.25000 ( 3)  0.084
 238 -   0.25000 0.25000 0.25000 0.25000 ( 1)  0.084
 239 -   0.25000 0.25000 0.25000 0.25000 ( 1)  0.084
 240 -   0.25000 0.25000 0.25000 0.25000 ( 3)  0.084
 241 -   0.25000 0.25000 0.25000 0.25000 ( 3)  0.084
 242 -   0.25000 0.25000 0.25000 0.25000 ( 1)  0.084
 243 -   0.25000 0.25000 0.25000 0.25000 ( 1)  0.084
 244 -   0.25000 0.25000 0.25000 0.25000 ( 1)  0.084
 245 -   0.25000 0.25000 0.25000 0.25000 ( 1)  0.084
 246 -   0.25000 0.25000 0.25000 0.25000 ( 1)  0.084
 247 -   0.25000 0.25000 0.25000 0.25000 ( 1)  0.084
 248 -   0.25000 0.25000 0.25000 0.25000 ( 3)  0.084
 249 -   0.25000 0.25000 0.25000 0.25000 ( 1)  0.084
 250 -   0.25000 0.25000 0.25000 0.25000 ( 1)  0.084
 251 -   0.25000 0.25000 0.25000 0.25000 ( 1)  0.084
 252 -   0.25000 0.25000 0.25000 0.25000 ( 1)  0.084
 253 -   0.25000 0.25000 0.25000 0.25000 ( 1)  0.084
 254 -   0.25000 0.25000 0.25000 0.25000 ( 1)  0.084
 255 -   0.25000 0.25000 0.25000 0.25000 ( 1)  0.084
 256 -   0.25000 0.25000 0.25000 0.25000 ( 1)  0.084
 257 -   0.25000 0.25000 0.25000 0.25000 ( 1)  0.084
 258 -   0.25000 0.25000 0.25000 0.25000 ( 3)  0.084
 259 -   0.25000 0.25000 0.25000 0.25000 ( 1)  0.084
 260 -   0.25000 0.25000 0.25000 0.25000 ( 3)  0.084
 261 -   0.25000 0.25000 0.25000 0.25000 ( 1)  0.084
 262 -   0.25000 0.25000 0.25000 0.25000 ( 3)  0.084
 263 -   0.25000 0.25000 0.25000 0.25000 ( 1)  0.084
 264 -   0.25000 0.25000 0.25000 0.25000 ( 3)  0.084
 265 -   0.25000 0.25000 0.25000 0.25000 ( 3)  0.084
 266 -   0.25000 0.25000 0.25000 0.25000 ( 1)  0.084
 267 -   0.25000 0.25000 0.25000 0.25000 ( 3)  0.084
 268 -   0.25000 0.25000 0.25000 0.25000 ( 1)  0.084
 269 -   0.25000 0.25000 0.25000 0.25000 ( 1)  0.084
 270 M   0.29060 0.29060 0.29060 0.12821 ( 1)  0.043
 271 -   0.25000 0.25000 0.25000 0.25000 ( 3)  0.084
 272 -   0.25000 0.25000 0.25000 0.25000 ( 1)  0.084
 273 -   0.25000 0.25000 0.25000 0.25000 ( 3)  0.084
 274 -   0.25000 0.25000 0.25000 0.25000 ( 3)  0.084
 275 -   0.25000 0.25000 0.25000 0.25000 ( 3)  0.084
 276 -   0.25000 0.25000 0.25000 0.25000 ( 1)  0.084
 277 -   0.25000 0.25000 0.25000 0.25000 ( 1)  0.084
 278 -   0.25000 0.25000 0.25000 0.25000 ( 3)  0.084
 279 -   0.25000 0.25000 0.25000 0.25000 ( 1)  0.084
 280 -   0.25000 0.25000 0.25000 0.25000 ( 1)  0.084
 281 -   0.25000 0.25000 0.25000 0.25000 ( 1)  0.084
 282 -   0.25000 0.25000 0.25000 0.25000 ( 1)  0.084
 283 -   0.25000 0.25000 0.25000 0.25000 ( 3)  0.084
 284 -   0.25000 0.25000 0.25000 0.25000 ( 1)  0.084
 285 -   0.25000 0.25000 0.25000 0.25000 ( 3)  0.084
 286 -   0.25000 0.25000 0.25000 0.25000 ( 3)  0.084
 287 -   0.25000 0.25000 0.25000 0.25000 ( 1)  0.084
 288 -   0.25000 0.25000 0.25000 0.25000 ( 3)  0.084
 289 -   0.25000 0.25000 0.25000 0.25000 ( 1)  0.084
 290 -   0.25000 0.25000 0.25000 0.25000 ( 3)  0.084
 291 -   0.25000 0.25000 0.25000 0.25000 ( 1)  0.084
 292 -   0.25000 0.25000 0.25000 0.25000 ( 3)  0.084
 293 -   0.25000 0.25000 0.25000 0.25000 ( 1)  0.084
 294 -   0.25000 0.25000 0.25000 0.25000 ( 3)  0.084
 295 -   0.25000 0.25000 0.25000 0.25000 ( 3)  0.084
 296 -   0.25000 0.25000 0.25000 0.25000 ( 1)  0.084
 297 -   0.25000 0.25000 0.25000 0.25000 ( 3)  0.084
 298 -   0.25000 0.25000 0.25000 0.25000 ( 3)  0.084
 299 -   0.25000 0.25000 0.25000 0.25000 ( 1)  0.084
 300 -   0.25000 0.25000 0.25000 0.25000 ( 1)  0.084
 301 D   0.29455 0.29455 0.29455 0.11636 ( 1)  0.039
 302 C   0.26421 0.26421 0.26421 0.20737 ( 1)  0.069
 303 S   0.28624 0.28624 0.28624 0.14129 ( 1)  0.047
 304 C   0.27973 0.27973 0.27973 0.16081 ( 1)  0.054
 305 V   0.00000 0.00000 0.00000 1.00000 ( 4)  0.335
 306 S   0.29073 0.29073 0.29073 0.12782 ( 1)  0.043
 307 D   0.28873 0.28873 0.28873 0.13380 ( 1)  0.045
 308 L   0.26680 0.26680 0.26680 0.19960 ( 3)  0.067
 309 L   0.29097 0.29097 0.29097 0.12708 ( 1)  0.043
 310 F   0.28792 0.28792 0.28792 0.13623 ( 1)  0.046
 311 A   0.00000 0.00000 0.00000 1.00000 ( 4)  0.335
 312 P   0.28243 0.28243 0.28243 0.15271 ( 1)  0.051
 313 P   0.28926 0.28926 0.28926 0.13221 ( 1)  0.044
 314 A   0.29028 0.29028 0.29028 0.12916 ( 1)  0.043
 315 L   0.27497 0.27497 0.27497 0.17510 ( 1)  0.059
 316 P   0.28243 0.28243 0.28243 0.15271 ( 1)  0.051
 317 A   0.26671 0.26671 0.26671 0.19988 ( 1)  0.067
 318 L   0.29097 0.29097 0.29097 0.12708 ( 1)  0.043
 319 W   0.27131 0.27131 0.27131 0.18608 ( 1)  0.062
 320 T   0.29192 0.29192 0.29192 0.12423 ( 1)  0.042
 321 P   0.29272 0.29272 0.29272 0.12185 ( 3)  0.041
 322 -   0.25000 0.25000 0.25000 0.25000 ( 1)  0.084
 323 -   0.25000 0.25000 0.25000 0.25000 ( 1)  0.084
 324 -   0.25000 0.25000 0.25000 0.25000 ( 1)  0.084
 325 -   0.25000 0.25000 0.25000 0.25000 ( 1)  0.084
 326 -   0.25000 0.25000 0.25000 0.25000 ( 1)  0.084
 327 -   0.25000 0.25000 0.25000 0.25000 ( 1)  0.084
 328 -   0.25000 0.25000 0.25000 0.25000 ( 1)  0.084
 329 -   0.25000 0.25000 0.25000 0.25000 ( 1)  0.084
 330 -   0.25000 0.25000 0.25000 0.25000 ( 1)  0.084
 331 -   0.25000 0.25000 0.25000 0.25000 ( 1)  0.084
 332 -   0.25000 0.25000 0.25000 0.25000 ( 1)  0.084
 333 -   0.25000 0.25000 0.25000 0.25000 ( 1)  0.084
 334 -   0.25000 0.25000 0.25000 0.25000 ( 1)  0.084
 335 -   0.25000 0.25000 0.25000 0.25000 ( 1)  0.084
 336 -   0.25000 0.25000 0.25000 0.25000 ( 1)  0.084
 337 -   0.25000 0.25000 0.25000 0.25000 ( 1)  0.084
 338 -   0.25000 0.25000 0.25000 0.25000 ( 1)  0.084
 339 -   0.25000 0.25000 0.25000 0.25000 ( 1)  0.084
 340 -   0.25000 0.25000 0.25000 0.25000 ( 1)  0.084
 341 -   0.25000 0.25000 0.25000 0.25000 ( 1)  0.084
 342 -   0.25000 0.25000 0.25000 0.25000 ( 1)  0.084
 343 -   0.25000 0.25000 0.25000 0.25000 ( 1)  0.084
 344 -   0.25000 0.25000 0.25000 0.25000 ( 1)  0.084
 345 -   0.25000 0.25000 0.25000 0.25000 ( 1)  0.084
 346 -   0.25000 0.25000 0.25000 0.25000 ( 1)  0.084
 347 -   0.25000 0.25000 0.25000 0.25000 ( 1)  0.084
 348 -   0.25000 0.25000 0.25000 0.25000 ( 1)  0.084
 349 -   0.25000 0.25000 0.25000 0.25000 ( 1)  0.084
 350 -   0.25000 0.25000 0.25000 0.25000 ( 1)  0.084
 351 -   0.25000 0.25000 0.25000 0.25000 ( 1)  0.084
 352 -   0.25000 0.25000 0.25000 0.25000 ( 1)  0.084
 353 -   0.25000 0.25000 0.25000 0.25000 ( 1)  0.084
 354 -   0.25000 0.25000 0.25000 0.25000 ( 1)  0.084
 355 G   0.28594 0.28594 0.28594 0.14219 ( 1)  0.048
 356 F   0.26900 0.26900 0.26900 0.19301 ( 1)  0.065
 357 A   0.29653 0.29653 0.29653 0.11040 ( 1)  0.037
 358 F   0.29370 0.29370 0.29370 0.11890 ( 1)  0.040
 359 P   0.28711 0.28711 0.28711 0.13866 ( 3)  0.046
 360 D   0.27579 0.27579 0.27579 0.17264 ( 1)  0.058
 361 W   0.27518 0.27518 0.27518 0.17445 ( 1)  0.058
 362 A   0.29643 0.29643 0.29643 0.11071 ( 3)  0.037
 363 Y   0.28697 0.28697 0.28697 0.13909 ( 1)  0.047
 364 K   0.28561 0.28561 0.28561 0.14318 ( 1)  0.048
 365 P   0.27644 0.27644 0.27644 0.17067 ( 1)  0.057
 366 E   0.28748 0.28748 0.28748 0.13755 ( 1)  0.046
 367 S   0.27604 0.27604 0.27604 0.17189 ( 3)  0.058
 368 S   0.29668 0.29668 0.29668 0.10995 ( 1)  0.037
 369 P   0.27067 0.27067 0.27067 0.18798 ( 1)  0.063
 370 G   0.29323 0.29323 0.29323 0.12032 ( 1)  0.040
 371 S   0.28805 0.28805 0.28805 0.13585 ( 3)  0.046
 372 R   0.28386 0.28386 0.28386 0.14843 ( 1)  0.050
 373 Q   0.27907 0.27907 0.27907 0.16280 ( 1)  0.055
 374 I   0.29531 0.29531 0.29531 0.11407 ( 1)  0.038
 375 Q   0.27907 0.27907 0.27907 0.16280 ( 1)  0.055
 376 L   0.28209 0.28209 0.28209 0.15374 ( 1)  0.052
 377 W   0.27518 0.27518 0.27518 0.17445 ( 1)  0.058
 378 H   0.29327 0.29327 0.29327 0.12018 ( 1)  0.040
 379 F   0.26900 0.26900 0.26900 0.19301 ( 1)  0.065
 380 I   0.29531 0.29531 0.29531 0.11407 ( 1)  0.038
 381 L   0.28209 0.28209 0.28209 0.15374 ( 1)  0.052
 382 E   0.28748 0.28748 0.28748 0.13755 ( 1)  0.046
 383 L   0.28209 0.28209 0.28209 0.15374 ( 1)  0.052
 384 L   0.28209 0.28209 0.28209 0.15374 ( 1)  0.052
 385 Q   0.27907 0.27907 0.27907 0.16280 ( 1)  0.055
 386 K   0.28561 0.28561 0.28561 0.14318 ( 1)  0.048
 387 E   0.28617 0.28617 0.28617 0.14149 ( 3)  0.047
 388 E   0.28748 0.28748 0.28748 0.13755 ( 1)  0.046
 389 Y   0.29056 0.29056 0.29056 0.12832 ( 1)  0.043
 390 Q   0.27907 0.27907 0.27907 0.16280 ( 1)  0.055
 391 G   0.28474 0.28474 0.28474 0.14579 ( 3)  0.049
 392 V   0.29670 0.29670 0.29670 0.10989 ( 1)  0.037
 393 I   0.28710 0.28710 0.28710 0.13870 ( 3)  0.046
 394 A   0.29531 0.29531 0.29531 0.11407 ( 1)  0.038
 395 W   0.27518 0.27518 0.27518 0.17445 ( 1)  0.058
 396 Q   0.27907 0.27907 0.27907 0.16280 ( 1)  0.055
 397 G   0.28454 0.28454 0.28454 0.14639 ( 1)  0.049
 398 D   0.29455 0.29455 0.29455 0.11636 ( 1)  0.039
 399 Y   0.28199 0.28199 0.28199 0.15404 ( 3)  0.052
 400 G   0.28206 0.28206 0.28206 0.15381 ( 1)  0.052
 401 E   0.26436 0.26436 0.26436 0.20691 ( 1)  0.069
 402 F   0.29016 0.29016 0.29016 0.12951 ( 3)  0.043
 403 V   0.29814 0.29814 0.29814 0.10559 ( 1)  0.035
 404 I   0.29531 0.29531 0.29531 0.11407 ( 1)  0.038
 405 K   0.27908 0.27908 0.27908 0.16277 ( 1)  0.055
 406 D   0.29455 0.29455 0.29455 0.11636 ( 1)  0.039
 407 P   0.27976 0.27976 0.27976 0.16071 ( 3)  0.054
 408 D   0.28505 0.28505 0.28505 0.14484 ( 3)  0.049
 409 E   0.28748 0.28748 0.28748 0.13755 ( 1)  0.046
 410 V   0.29045 0.29045 0.29045 0.12866 ( 1)  0.043
 411 A   0.29653 0.29653 0.29653 0.11040 ( 1)  0.037
 412 R   0.28248 0.28248 0.28248 0.15257 ( 3)  0.051
 413 L   0.28890 0.28890 0.28890 0.13329 ( 3)  0.045
 414 W   0.27518 0.27518 0.27518 0.17445 ( 1)  0.058
 415 G   0.29136 0.29136 0.29136 0.12592 ( 1)  0.042
 416 I   0.28150 0.28150 0.28150 0.15550 ( 1)  0.052
 417 R   0.29201 0.29201 0.29201 0.12396 ( 3)  0.042
 418 K   0.27288 0.27288 0.27288 0.18135 ( 1)  0.061
 419 C   0.29006 0.29006 0.29006 0.12981 ( 1)  0.043
 420 K   0.28561 0.28561 0.28561 0.14318 ( 1)  0.048
 421 P   0.29509 0.29509 0.29509 0.11473 ( 1)  0.038
 422 H   0.29327 0.29327 0.29327 0.12018 ( 1)  0.040
 423 M   0.29060 0.29060 0.29060 0.12821 ( 1)  0.043
 424 N   0.27135 0.27135 0.27135 0.18594 ( 1)  0.062
 425 Y   0.29056 0.29056 0.29056 0.12832 ( 1)  0.043
 426 D   0.29455 0.29455 0.29455 0.11636 ( 1)  0.039
 427 K   0.28385 0.28385 0.28385 0.14846 ( 3)  0.050
 428 L   0.28209 0.28209 0.28209 0.15374 ( 1)  0.052
 429 S   0.29188 0.29188 0.29188 0.12437 ( 1)  0.042
 430 R   0.28393 0.28393 0.28393 0.14820 ( 3)  0.050
 431 A   0.29653 0.29653 0.29653 0.11040 ( 1)  0.037
 432 L   0.28209 0.28209 0.28209 0.15374 ( 1)  0.052
 433 R   0.26733 0.26733 0.26733 0.19800 ( 3)  0.066
 434 Y   0.29056 0.29056 0.29056 0.12832 ( 1)  0.043
 435 Y   0.29056 0.29056 0.29056 0.12832 ( 1)  0.043
 436 Y   0.28697 0.28697 0.28697 0.13909 ( 1)  0.047
 437 N   0.29307 0.29307 0.29307 0.12080 ( 1)  0.040
 438 K   0.28484 0.28484 0.28484 0.14547 ( 3)  0.049
 439 R   0.28393 0.28393 0.28393 0.14820 ( 3)  0.050
 440 I   0.26976 0.26976 0.26976 0.19071 ( 3)  0.064
 441 L   0.29634 0.29634 0.29634 0.11097 ( 3)  0.037
 442 H   0.29221 0.29221 0.29221 0.12337 ( 1)  0.041
 443 K   0.28561 0.28561 0.28561 0.14318 ( 1)  0.048
 444 T   0.29794 0.29794 0.29794 0.10618 ( 1)  0.036
 445 K   0.26247 0.26247 0.26247 0.21259 ( 1)  0.071
 446 G   0.28655 0.28655 0.28655 0.14034 ( 3)  0.047
 447 K   0.28561 0.28561 0.28561 0.14318 ( 1)  0.048
 448 R   0.28386 0.28386 0.28386 0.14843 ( 1)  0.050
 449 F   0.29370 0.29370 0.29370 0.11890 ( 1)  0.040
 450 T   0.29794 0.29794 0.29794 0.10618 ( 1)  0.036
 451 Y   0.29056 0.29056 0.29056 0.12832 ( 1)  0.043
 452 K   0.28561 0.28561 0.28561 0.14318 ( 1)  0.048
 453 F   0.29370 0.29370 0.29370 0.11890 ( 1)  0.040
 454 N   0.29307 0.29307 0.29307 0.12080 ( 1)  0.040
 455 F   0.29206 0.29206 0.29206 0.12381 ( 3)  0.041
 456 S   0.29188 0.29188 0.29188 0.12437 ( 1)  0.042
 457 K   0.26247 0.26247 0.26247 0.21259 ( 1)  0.071
 458 V   0.29207 0.29207 0.29207 0.12378 ( 3)  0.041
 459 V   0.29045 0.29045 0.29045 0.12866 ( 1)  0.043
 460 L   0.27025 0.27025 0.27025 0.18925 ( 1)  0.063
 461 V   0.29670 0.29670 0.29670 0.10989 ( 1)  0.037
 462 N   0.26887 0.26887 0.26887 0.19340 ( 1)  0.065
 463 Y   0.29002 0.29002 0.29002 0.12994 ( 1)  0.044
 464 P   0.28598 0.28598 0.28598 0.14207 ( 3)  0.048
 465 L   0.28209 0.28209 0.28209 0.15374 ( 1)  0.052
 466 L   0.28117 0.28117 0.28117 0.15649 ( 1)  0.052
 467 D   0.28510 0.28510 0.28510 0.14471 ( 3)  0.048
 468 V   0.00000 0.00000 0.00000 1.00000 ( 4)  0.335
 469 A   0.28901 0.28901 0.28901 0.13296 ( 1)  0.045
 470 A   0.26261 0.26261 0.26261 0.21217 ( 1)  0.071
 471 A   0.26987 0.26987 0.26987 0.19040 ( 1)  0.064
 472 A   0.29571 0.29571 0.29571 0.11286 ( 1)  0.038
 473 A   0.00000 0.00000 0.00000 1.00000 ( 4)  0.335
 474 G   0.29137 0.29137 0.29137 0.12588 ( 1)  0.042
 475 S   0.29668 0.29668 0.29668 0.10995 ( 1)  0.037
 476 P   0.26156 0.26156 0.26156 0.21531 ( 3)  0.072
 477 L   0.00000 0.00000 0.00000 1.00000 ( 4)  0.335
 478 L   0.27100 0.27100 0.27100 0.18701 ( 3)  0.063
 479 L   0.28209 0.28209 0.28209 0.15374 ( 1)  0.052
 480 T   0.29794 0.29794 0.29794 0.10618 ( 1)  0.036
 481 P   0.29509 0.29509 0.29509 0.11473 ( 1)  0.038
 482 S   0.27055 0.27055 0.27055 0.18835 ( 1)  0.063
 483 P   0.29054 0.29054 0.29054 0.12839 ( 1)  0.043
 484 F   0.27547 0.27547 0.27547 0.17360 ( 3)  0.058
 485 A   0.00000 0.00000 0.00000 1.00000 ( 4)  0.335
 486 G   0.28594 0.28594 0.28594 0.14219 ( 1)  0.048
 487 A   0.29531 0.29531 0.29531 0.11407 ( 1)  0.038
 488 P   0.26508 0.26508 0.26508 0.20477 ( 3)  0.069
 489 G   0.28594 0.28594 0.28594 0.14219 ( 1)  0.048
 490 P   0.26156 0.26156 0.26156 0.21531 ( 3)  0.072
 491 D   0.00000 0.00000 0.00000 1.00000 ( 4)  0.335
 492 A   0.26987 0.26987 0.26987 0.19040 ( 1)  0.064
 493 P   0.00000 0.00000 0.00000 1.00000 ( 4)  0.335
 494 P   0.29148 0.29148 0.29148 0.12555 ( 1)  0.042
 495 L   0.29693 0.29693 0.29693 0.10920 ( 1)  0.037
 496 T   0.29794 0.29794 0.29794 0.10618 ( 1)  0.036
 497 P   0.26907 0.26907 0.26907 0.19280 ( 1)  0.065
 498 E   0.28748 0.28748 0.28748 0.13755 ( 1)  0.046
 499 -   0.25000 0.25000 0.25000 0.25000 ( 1)  0.084
 500 -   0.25000 0.25000 0.25000 0.25000 ( 3)  0.084
 501 -   0.25000 0.25000 0.25000 0.25000 ( 1)  0.084
 502 -   0.25000 0.25000 0.25000 0.25000 ( 3)  0.084
 503 -   0.25000 0.25000 0.25000 0.25000 ( 3)  0.084
 504 -   0.25000 0.25000 0.25000 0.25000 ( 3)  0.084
 505 -   0.25000 0.25000 0.25000 0.25000 ( 1)  0.084
 506 -   0.25000 0.25000 0.25000 0.25000 ( 1)  0.084
 507 -   0.25000 0.25000 0.25000 0.25000 ( 3)  0.084
 508 -   0.25000 0.25000 0.25000 0.25000 ( 1)  0.084
 509 -   0.25000 0.25000 0.25000 0.25000 ( 3)  0.084
 510 -   0.25000 0.25000 0.25000 0.25000 ( 1)  0.084
 511 -   0.25000 0.25000 0.25000 0.25000 ( 1)  0.084
 512 -   0.25000 0.25000 0.25000 0.25000 ( 1)  0.084
 513 -   0.25000 0.25000 0.25000 0.25000 ( 1)  0.084
 514 -   0.25000 0.25000 0.25000 0.25000 ( 3)  0.084
 515 -   0.25000 0.25000 0.25000 0.25000 ( 1)  0.084
 516 -   0.25000 0.25000 0.25000 0.25000 ( 3)  0.084
 517 -   0.25000 0.25000 0.25000 0.25000 ( 3)  0.084
 518 -   0.25000 0.25000 0.25000 0.25000 ( 3)  0.084
 519 -   0.25000 0.25000 0.25000 0.25000 ( 1)  0.084
 520 -   0.25000 0.25000 0.25000 0.25000 ( 1)  0.084
 521 -   0.25000 0.25000 0.25000 0.25000 ( 3)  0.084
 522 -   0.25000 0.25000 0.25000 0.25000 ( 1)  0.084
 523 -   0.25000 0.25000 0.25000 0.25000 ( 3)  0.084
 524 -   0.25000 0.25000 0.25000 0.25000 ( 3)  0.084
 525 -   0.25000 0.25000 0.25000 0.25000 ( 1)  0.084
 526 -   0.25000 0.25000 0.25000 0.25000 ( 1)  0.084
 527 -   0.25000 0.25000 0.25000 0.25000 ( 3)  0.084
 528 -   0.25000 0.25000 0.25000 0.25000 ( 1)  0.084
 529 -   0.25000 0.25000 0.25000 0.25000 ( 1)  0.084
 530 -   0.25000 0.25000 0.25000 0.25000 ( 1)  0.084
 531 -   0.25000 0.25000 0.25000 0.25000 ( 1)  0.084
 532 -   0.25000 0.25000 0.25000 0.25000 ( 1)  0.084
 533 -   0.25000 0.25000 0.25000 0.25000 ( 3)  0.084
 534 -   0.25000 0.25000 0.25000 0.25000 ( 1)  0.084
 535 -   0.25000 0.25000 0.25000 0.25000 ( 1)  0.084
 536 -   0.25000 0.25000 0.25000 0.25000 ( 3)  0.084
 537 -   0.25000 0.25000 0.25000 0.25000 ( 1)  0.084
 538 -   0.25000 0.25000 0.25000 0.25000 ( 1)  0.084
 539 -   0.25000 0.25000 0.25000 0.25000 ( 1)  0.084
 540 -   0.25000 0.25000 0.25000 0.25000 ( 3)  0.084
 541 -   0.25000 0.25000 0.25000 0.25000 ( 1)  0.084
 542 -   0.25000 0.25000 0.25000 0.25000 ( 3)  0.084
 543 -   0.25000 0.25000 0.25000 0.25000 ( 3)  0.084
 544 -   0.25000 0.25000 0.25000 0.25000 ( 3)  0.084
 545 -   0.25000 0.25000 0.25000 0.25000 ( 1)  0.084
 546 -   0.25000 0.25000 0.25000 0.25000 ( 3)  0.084
 547 -   0.25000 0.25000 0.25000 0.25000 ( 1)  0.084
 548 -   0.25000 0.25000 0.25000 0.25000 ( 3)  0.084
 549 -   0.25000 0.25000 0.25000 0.25000 ( 3)  0.084
 550 -   0.25000 0.25000 0.25000 0.25000 ( 1)  0.084
 551 -   0.25000 0.25000 0.25000 0.25000 ( 3)  0.084
 552 -   0.25000 0.25000 0.25000 0.25000 ( 3)  0.084
 553 -   0.25000 0.25000 0.25000 0.25000 ( 3)  0.084
 554 -   0.25000 0.25000 0.25000 0.25000 ( 1)  0.084
 555 -   0.25000 0.25000 0.25000 0.25000 ( 1)  0.084
 556 -   0.25000 0.25000 0.25000 0.25000 ( 3)  0.084
 557 -   0.25000 0.25000 0.25000 0.25000 ( 3)  0.084
 558 -   0.25000 0.25000 0.25000 0.25000 ( 3)  0.084
 559 -   0.25000 0.25000 0.25000 0.25000 ( 3)  0.084
 560 -   0.25000 0.25000 0.25000 0.25000 ( 3)  0.084
 561 -   0.25000 0.25000 0.25000 0.25000 ( 3)  0.084
 562 -   0.25000 0.25000 0.25000 0.25000 ( 1)  0.084
 563 -   0.25000 0.25000 0.25000 0.25000 ( 1)  0.084
 564 -   0.25000 0.25000 0.25000 0.25000 ( 1)  0.084
 565 -   0.25000 0.25000 0.25000 0.25000 ( 1)  0.084
 566 -   0.25000 0.25000 0.25000 0.25000 ( 3)  0.084
 567 -   0.25000 0.25000 0.25000 0.25000 ( 1)  0.084
 568 -   0.25000 0.25000 0.25000 0.25000 ( 3)  0.084
 569 -   0.25000 0.25000 0.25000 0.25000 ( 1)  0.084
 570 -   0.25000 0.25000 0.25000 0.25000 ( 1)  0.084
 571 -   0.25000 0.25000 0.25000 0.25000 ( 1)  0.084
 572 -   0.25000 0.25000 0.25000 0.25000 ( 1)  0.084
 573 -   0.25000 0.25000 0.25000 0.25000 ( 1)  0.084
 574 -   0.25000 0.25000 0.25000 0.25000 ( 1)  0.084
 575 -   0.25000 0.25000 0.25000 0.25000 ( 1)  0.084
 576 -   0.25000 0.25000 0.25000 0.25000 ( 1)  0.084
 577 -   0.25000 0.25000 0.25000 0.25000 ( 3)  0.084
 578 -   0.25000 0.25000 0.25000 0.25000 ( 1)  0.084
 579 -   0.25000 0.25000 0.25000 0.25000 ( 1)  0.084
 580 -   0.25000 0.25000 0.25000 0.25000 ( 1)  0.084
 581 -   0.25000 0.25000 0.25000 0.25000 ( 3)  0.084
 582 -   0.25000 0.25000 0.25000 0.25000 ( 3)  0.084
 583 -   0.25000 0.25000 0.25000 0.25000 ( 1)  0.084
 584 -   0.25000 0.25000 0.25000 0.25000 ( 1)  0.084
 585 -   0.25000 0.25000 0.25000 0.25000 ( 1)  0.084
 586 -   0.25000 0.25000 0.25000 0.25000 ( 1)  0.084
 587 -   0.25000 0.25000 0.25000 0.25000 ( 1)  0.084
 588 -   0.25000 0.25000 0.25000 0.25000 ( 3)  0.084
 589 -   0.25000 0.25000 0.25000 0.25000 ( 1)  0.084
 590 -   0.25000 0.25000 0.25000 0.25000 ( 1)  0.084
 591 -   0.25000 0.25000 0.25000 0.25000 ( 3)  0.084
 592 -   0.25000 0.25000 0.25000 0.25000 ( 1)  0.084
 593 -   0.25000 0.25000 0.25000 0.25000 ( 3)  0.084
 594 -   0.25000 0.25000 0.25000 0.25000 ( 3)  0.084
 595 -   0.25000 0.25000 0.25000 0.25000 ( 3)  0.084
 596 -   0.25000 0.25000 0.25000 0.25000 ( 3)  0.084
 597 -   0.25000 0.25000 0.25000 0.25000 ( 1)  0.084
 598 -   0.25000 0.25000 0.25000 0.25000 ( 1)  0.084
 599 T   0.29794 0.29794 0.29794 0.10618 ( 1)  0.036
 600 L   0.27867 0.27867 0.27867 0.16398 ( 1)  0.055
 601 Q   0.27382 0.27382 0.27382 0.17855 ( 1)  0.060
 602 T   0.29605 0.29605 0.29605 0.11184 ( 1)  0.037
 603 L   0.28150 0.28150 0.28150 0.15550 ( 1)  0.052
 604 F   0.29300 0.29300 0.29300 0.12101 ( 1)  0.041
 605 S   0.26939 0.26939 0.26939 0.19184 ( 1)  0.064
 606 A   0.29346 0.29346 0.29346 0.11963 ( 1)  0.040
 607 P   0.26132 0.26132 0.26132 0.21603 ( 3)  0.072
 608 R   0.29022 0.29022 0.29022 0.12935 ( 1)  0.043
 609 L   0.28150 0.28150 0.28150 0.15550 ( 1)  0.052
 610 G   0.26036 0.26036 0.26036 0.21892 ( 3)  0.073
 611 E   0.28684 0.28684 0.28684 0.13949 ( 1)  0.047
 612 P   0.26701 0.26701 0.26701 0.19898 ( 3)  0.067
 613 G   0.28530 0.28530 0.28530 0.14409 ( 1)  0.048
 614 A   0.00000 0.00000 0.00000 1.00000 ( 4)  0.335
 615 R   0.28303 0.28303 0.28303 0.15092 ( 3)  0.051
 616 T   0.26741 0.26741 0.26741 0.19778 ( 3)  0.066
 617 P   0.00000 0.00000 0.00000 1.00000 ( 4)  0.335
 618 L   0.28140 0.28140 0.28140 0.15579 ( 1)  0.052
 619 F   0.29116 0.29116 0.29116 0.12652 ( 1)  0.042
 620 T   0.00000 0.00000 0.00000 1.00000 ( 4)  0.335
 621 S   0.00000 0.00000 0.00000 1.00000 ( 4)  0.335
 622 E   0.28684 0.28684 0.28684 0.13949 ( 1)  0.047
 623 T   0.27835 0.27835 0.27835 0.16494 ( 3)  0.055
 624 D   0.28110 0.28110 0.28110 0.15670 ( 1)  0.053
 625 K   0.26221 0.26221 0.26221 0.21337 ( 1)  0.071
 626 P   0.00000 0.00000 0.00000 1.00000 ( 4)  0.335
 627 R   0.26647 0.26647 0.26647 0.20059 ( 3)  0.067
 628 L   0.27988 0.27988 0.27988 0.16035 ( 1)  0.054
 629 D   0.29384 0.29384 0.29384 0.11849 ( 1)  0.040
 630 S   0.29038 0.29038 0.29038 0.12885 ( 3)  0.043
 631 P   0.00000 0.00000 0.00000 1.00000 ( 4)  0.335
 632 F   0.29300 0.29300 0.29300 0.12101 ( 1)  0.041
 633 P   0.27893 0.27893 0.27893 0.16321 ( 1)  0.055
 634 F   0.29300 0.29300 0.29300 0.12101 ( 1)  0.041
 635 L   0.28150 0.28150 0.28150 0.15550 ( 1)  0.052
 636 G   0.00000 0.00000 0.00000 1.00000 ( 4)  0.335
 637 S   0.26939 0.26939 0.26939 0.19184 ( 1)  0.064
 638 G   0.26760 0.26760 0.26760 0.19719 ( 1)  0.066
 639 A   0.29581 0.29581 0.29581 0.11258 ( 1)  0.038
 640 T   0.00000 0.00000 0.00000 1.00000 ( 4)  0.335
 641 G   0.00000 0.00000 0.00000 1.00000 ( 4)  0.335
 642 Y   0.27144 0.27144 0.27144 0.18569 ( 1)  0.062
 643 S   0.29596 0.29596 0.29596 0.11212 ( 1)  0.038
 644 K   0.28498 0.28498 0.28498 0.14506 ( 1)  0.049
 645 P   0.29437 0.29437 0.29437 0.11688 ( 1)  0.039
 646 P   0.00000 0.00000 0.00000 1.00000 ( 4)  0.335
 647 G   0.29252 0.29252 0.29252 0.12243 ( 1)  0.041
 648 L   0.28150 0.28150 0.28150 0.15550 ( 1)  0.052
 649 L   0.28150 0.28150 0.28150 0.15550 ( 1)  0.052
 650 G   0.26760 0.26760 0.26760 0.19719 ( 1)  0.066
 651 P   0.26868 0.26868 0.26868 0.19395 ( 1)  0.065
 652 Y   0.27144 0.27144 0.27144 0.18569 ( 1)  0.062
 653 G   0.29065 0.29065 0.29065 0.12806 ( 1)  0.043
 654 R   0.29132 0.29132 0.29132 0.12604 ( 3)  0.042
 655 A   0.29581 0.29581 0.29581 0.11258 ( 1)  0.038
 656 F   0.29300 0.29300 0.29300 0.12101 ( 1)  0.041
 657 P   0.26868 0.26868 0.26868 0.19395 ( 1)  0.065
 658 E   0.28684 0.28684 0.28684 0.13949 ( 1)  0.047
 659 Y   0.28988 0.28988 0.28988 0.13035 ( 1)  0.044
 660 P   0.29437 0.29437 0.29437 0.11688 ( 1)  0.039
 661 W   0.27470 0.27470 0.27470 0.17590 ( 1)  0.059
 662 N   0.29237 0.29237 0.29237 0.12290 ( 1)  0.041
 663 F   0.26862 0.26862 0.26862 0.19415 ( 1)  0.065
 664 N   0.29237 0.29237 0.29237 0.12290 ( 1)  0.041
 665 P   0.27975 0.27975 0.27975 0.16076 ( 1)  0.054
 666 Y   0.28988 0.28988 0.28988 0.13035 ( 1)  0.044
 667 L   0.29270 0.29270 0.29270 0.12189 ( 1)  0.041
 668 T   0.28701 0.28701 0.28701 0.13896 ( 3)  0.047
 669 G   0.29065 0.29065 0.29065 0.12806 ( 1)  0.043
 670 P   0.29437 0.29437 0.29437 0.11688 ( 1)  0.039
 671 F   0.29300 0.29300 0.29300 0.12101 ( 1)  0.041
 672 P   0.29437 0.29437 0.29437 0.11688 ( 1)  0.039
 673 K   0.28498 0.28498 0.28498 0.14506 ( 1)  0.049
 674 L   0.28150 0.28150 0.28150 0.15550 ( 1)  0.052
 675 P   0.27793 0.27793 0.27793 0.16622 ( 1)  0.056
 676 P   0.28489 0.28489 0.28489 0.14533 ( 1)  0.049
 677 S   0.26939 0.26939 0.26939 0.19184 ( 1)  0.064
 678 L   0.29362 0.29362 0.29362 0.11914 ( 1)  0.040
 679 Y   0.28969 0.28969 0.28969 0.13094 ( 3)  0.044
 680 P   0.29311 0.29311 0.29311 0.12067 ( 1)  0.040
 681 P   0.27190 0.27190 0.27190 0.18429 ( 1)  0.062
 682 H   0.28661 0.28661 0.28661 0.14016 ( 1)  0.047
 683 F   0.29300 0.29300 0.29300 0.12101 ( 1)  0.041
 684 Y   0.28654 0.28654 0.28654 0.14038 ( 3)  0.047
 685 P   0.29221 0.29221 0.29221 0.12337 ( 1)  0.041
 686 N   0.29237 0.29237 0.29237 0.12290 ( 1)  0.041
 687 P   0.26997 0.26997 0.26997 0.19008 ( 1)  0.064
 688 L   0.28102 0.28102 0.28102 0.15694 ( 1)  0.053
 689 A   0.29653 0.29653 0.29653 0.11040 ( 1)  0.037
 690 S   0.00000 0.00000 0.00000 1.00000 ( 4)  0.335
 691 S   0.29668 0.29668 0.29668 0.10995 ( 1)  0.037
 692 L   0.28102 0.28102 0.28102 0.15694 ( 1)  0.053
 693 G   0.00000 0.00000 0.00000 1.00000 ( 4)  0.335
 694 H   0.29080 0.29080 0.29080 0.12761 ( 1)  0.043
 695 L   0.28150 0.28150 0.28150 0.15550 ( 1)  0.052
 696 P   0.29437 0.29437 0.29437 0.11688 ( 1)  0.039
 697 S   0.27992 0.27992 0.27992 0.16024 ( 3)  0.054
 698 A   0.00000 0.00000 0.00000 1.00000 ( 4)  0.335
 699 G   0.28530 0.28530 0.28530 0.14409 ( 1)  0.048
 700 A   0.26182 0.26182 0.26182 0.21453 ( 1)  0.072
 701 G   0.00000 0.00000 0.00000 1.00000 ( 4)  0.335
 702 G   0.26036 0.26036 0.26036 0.21892 ( 3)  0.073
 703 G   0.29252 0.29252 0.29252 0.12243 ( 1)  0.041
 704 P   0.29437 0.29437 0.29437 0.11688 ( 1)  0.039
 705 T   0.26222 0.26222 0.26222 0.21335 ( 3)  0.071
 706 A   0.29387 0.29387 0.29387 0.11839 ( 1)  0.040
 707 M   0.00000 0.00000 0.00000 1.00000 ( 4)  0.335
 708 P   0.29437 0.29437 0.29437 0.11688 ( 1)  0.039
 709 L   0.28150 0.28150 0.28150 0.15550 ( 1)  0.052
 710 L   0.27937 0.27937 0.27937 0.16188 ( 3)  0.054
 711 A   0.28618 0.28618 0.28618 0.14147 ( 1)  0.047
 712 S   0.00000 0.00000 0.00000 1.00000 ( 4)  0.335
 713 T   0.26379 0.26379 0.26379 0.20864 ( 3)  0.070
 714 G   0.28530 0.28530 0.28530 0.14409 ( 1)  0.048
 715 E   0.28684 0.28684 0.28684 0.13949 ( 1)  0.047
 716 S   0.00000 0.00000 0.00000 1.00000 ( 4)  0.335
 717 L   0.28150 0.28150 0.28150 0.15550 ( 1)  0.052
 718 G   0.00000 0.00000 0.00000 1.00000 ( 4)  0.335
 719 P   0.28646 0.28646 0.28646 0.14062 ( 1)  0.047
 720 E   0.28684 0.28684 0.28684 0.13949 ( 1)  0.047
 721 R   0.28288 0.28288 0.28288 0.15135 ( 1)  0.051
 722 P   0.29246 0.29246 0.29246 0.12261 ( 1)  0.041
 723 S   0.00000 0.00000 0.00000 1.00000 ( 4)  0.335
 724 G   0.29252 0.29252 0.29252 0.12243 ( 1)  0.041
 725 L   0.28150 0.28150 0.28150 0.15550 ( 1)  0.052
 726 A   0.26338 0.26338 0.26338 0.20985 ( 1)  0.070
 727 A   0.28634 0.28634 0.28634 0.14099 ( 3)  0.047
 728 A   0.29581 0.29581 0.29581 0.11258 ( 1)  0.038
 729 P   0.28675 0.28675 0.28675 0.13974 ( 1)  0.047
 730 R   0.29014 0.29014 0.29014 0.12959 ( 1)  0.043
 731 L   0.27988 0.27988 0.27988 0.16035 ( 1)  0.054
 732 A   0.27041 0.27041 0.27041 0.18876 ( 3)  0.063
 733 L   0.28067 0.28067 0.28067 0.15800 ( 1)  0.053
 734 P   0.27888 0.27888 0.27888 0.16336 ( 1)  0.055
 735 G   0.28530 0.28530 0.28530 0.14409 ( 1)  0.048
 736 A   0.00000 0.00000 0.00000 1.00000 ( 4)  0.335
 737 G   0.28530 0.28530 0.28530 0.14409 ( 1)  0.048
 738 G   0.26908 0.26908 0.26908 0.19275 ( 1)  0.065
 739 P   0.00000 0.00000 0.00000 1.00000 ( 4)  0.335
 740 E   0.28684 0.28684 0.28684 0.13949 ( 1)  0.047
 741 A   0.27082 0.27082 0.27082 0.18755 ( 1)  0.063
 742 A   0.00000 0.00000 0.00000 1.00000 ( 4)  0.335
 743 L   0.27504 0.27504 0.27504 0.17489 ( 3)  0.059
 744 G   0.26760 0.26760 0.26760 0.19719 ( 1)  0.066
 745 G   0.28437 0.28437 0.28437 0.14688 ( 1)  0.049
 746 K   0.28498 0.28498 0.28498 0.14506 ( 1)  0.049
 747 E   0.28684 0.28684 0.28684 0.13949 ( 1)  0.047
 748 D   0.29384 0.29384 0.29384 0.11849 ( 1)  0.040
 749 S   0.29119 0.29119 0.29119 0.12643 ( 1)  0.042
 750 D   0.29384 0.29384 0.29384 0.11849 ( 1)  0.040
 751 S   0.28662 0.28662 0.28662 0.14015 ( 3)  0.047
 752 E   0.28684 0.28684 0.28684 0.13949 ( 1)  0.047
 753 L   0.28133 0.28133 0.28133 0.15602 ( 1)  0.052
 754 E   0.28684 0.28684 0.28684 0.13949 ( 1)  0.047
 755 I   0.29157 0.29157 0.29157 0.12530 ( 1)  0.042
 756 T   0.29721 0.29721 0.29721 0.10836 ( 1)  0.036
 757 D   0.29367 0.29367 0.29367 0.11900 ( 3)  0.040
 758 V   0.29740 0.29740 0.29740 0.10779 ( 1)  0.036
 759 S   0.28777 0.28777 0.28777 0.13670 ( 3)  0.046
 760 G   0.29252 0.29252 0.29252 0.12243 ( 1)  0.041
 761 C   0.28939 0.28939 0.28939 0.13183 ( 1)  0.044
 762 S   0.29119 0.29119 0.29119 0.12643 ( 1)  0.042
 763 S   0.26939 0.26939 0.26939 0.19184 ( 1)  0.064
 764 D   0.29384 0.29384 0.29384 0.11849 ( 1)  0.040
 765 S   0.27744 0.27744 0.27744 0.16767 ( 3)  0.056
 766 E   0.28684 0.28684 0.28684 0.13949 ( 1)  0.047
 767 G   0.29065 0.29065 0.29065 0.12806 ( 1)  0.043
 768 D   0.27145 0.27145 0.27145 0.18565 ( 1)  0.062
 769 E   0.28684 0.28684 0.28684 0.13949 ( 1)  0.047
 770 G   0.00000 0.00000 0.00000 1.00000 ( 4)  0.335
 771 L   0.29525 0.29525 0.29525 0.11424 ( 1)  0.038
 772 P   0.00000 0.00000 0.00000 1.00000 ( 4)  0.335
 773 V   0.00000 0.00000 0.00000 1.00000 ( 4)  0.335
 774 P   0.29437 0.29437 0.29437 0.11688 ( 1)  0.039
 775 P   0.29437 0.29437 0.29437 0.11688 ( 1)  0.039
 776 K   0.28498 0.28498 0.28498 0.14506 ( 1)  0.049
 777 A   0.27860 0.27860 0.27860 0.16420 ( 1)  0.055
 778 K   0.28498 0.28498 0.28498 0.14506 ( 1)  0.049
 779 A   0.28402 0.28402 0.28402 0.14795 ( 3)  0.050
 780 G   0.29252 0.29252 0.29252 0.12243 ( 1)  0.041
 781 K   0.26221 0.26221 0.26221 0.21337 ( 1)  0.071
 782 G   0.28530 0.28530 0.28530 0.14409 ( 1)  0.048
 783 G   0.28437 0.28437 0.28437 0.14688 ( 1)  0.049
 784 T   0.00000 0.00000 0.00000 1.00000 ( 4)  0.335
 785 G   0.29034 0.29034 0.29034 0.12897 ( 3)  0.043
 786 S   0.29188 0.29188 0.29188 0.12437 ( 1)  0.042
 787 -   0.25000 0.25000 0.25000 0.25000 ( 1)  0.084
 788 -   0.25000 0.25000 0.25000 0.25000 ( 1)  0.084
 789 -   0.25000 0.25000 0.25000 0.25000 ( 1)  0.084
 790 -   0.25000 0.25000 0.25000 0.25000 ( 1)  0.084
 791 -   0.25000 0.25000 0.25000 0.25000 ( 1)  0.084
 792 -   0.25000 0.25000 0.25000 0.25000 ( 1)  0.084
 793 -   0.25000 0.25000 0.25000 0.25000 ( 1)  0.084
 794 -   0.25000 0.25000 0.25000 0.25000 ( 1)  0.084
 795 -   0.25000 0.25000 0.25000 0.25000 ( 1)  0.084
 796 -   0.25000 0.25000 0.25000 0.25000 ( 1)  0.084
 797 -   0.25000 0.25000 0.25000 0.25000 ( 1)  0.084
 798 -   0.25000 0.25000 0.25000 0.25000 ( 1)  0.084
 799 -   0.25000 0.25000 0.25000 0.25000 ( 1)  0.084
 800 -   0.25000 0.25000 0.25000 0.25000 ( 1)  0.084
 801 -   0.25000 0.25000 0.25000 0.25000 ( 1)  0.084
 802 -   0.25000 0.25000 0.25000 0.25000 ( 1)  0.084
 803 -   0.25000 0.25000 0.25000 0.25000 ( 1)  0.084
 804 -   0.25000 0.25000 0.25000 0.25000 ( 1)  0.084
 805 -   0.25000 0.25000 0.25000 0.25000 ( 1)  0.084
 806 -   0.25000 0.25000 0.25000 0.25000 ( 1)  0.084
 807 -   0.25000 0.25000 0.25000 0.25000 ( 1)  0.084
 808 -   0.25000 0.25000 0.25000 0.25000 ( 1)  0.084
 809 -   0.25000 0.25000 0.25000 0.25000 ( 1)  0.084
 810 -   0.25000 0.25000 0.25000 0.25000 ( 1)  0.084
 811 -   0.25000 0.25000 0.25000 0.25000 ( 1)  0.084
 812 -   0.25000 0.25000 0.25000 0.25000 ( 1)  0.084
 813 -   0.25000 0.25000 0.25000 0.25000 ( 1)  0.084
 814 -   0.25000 0.25000 0.25000 0.25000 ( 1)  0.084
 815 -   0.25000 0.25000 0.25000 0.25000 ( 1)  0.084
 816 -   0.25000 0.25000 0.25000 0.25000 ( 1)  0.084
 817 -   0.25000 0.25000 0.25000 0.25000 ( 1)  0.084
 818 -   0.25000 0.25000 0.25000 0.25000 ( 1)  0.084
 819 -   0.25000 0.25000 0.25000 0.25000 ( 1)  0.084
 820 -   0.25000 0.25000 0.25000 0.25000 ( 1)  0.084
 821 -   0.25000 0.25000 0.25000 0.25000 ( 1)  0.084
 822 -   0.25000 0.25000 0.25000 0.25000 ( 1)  0.084
 823 -   0.25000 0.25000 0.25000 0.25000 ( 1)  0.084
 824 -   0.25000 0.25000 0.25000 0.25000 ( 1)  0.084
 825 -   0.25000 0.25000 0.25000 0.25000 ( 1)  0.084
 826 -   0.25000 0.25000 0.25000 0.25000 ( 1)  0.084
 827 -   0.25000 0.25000 0.25000 0.25000 ( 1)  0.084
 828 -   0.25000 0.25000 0.25000 0.25000 ( 1)  0.084
 829 -   0.25000 0.25000 0.25000 0.25000 ( 1)  0.084
 830 -   0.25000 0.25000 0.25000 0.25000 ( 1)  0.084
 831 -   0.25000 0.25000 0.25000 0.25000 ( 1)  0.084
 832 -   0.25000 0.25000 0.25000 0.25000 ( 1)  0.084
 833 -   0.25000 0.25000 0.25000 0.25000 ( 1)  0.084
 834 -   0.25000 0.25000 0.25000 0.25000 ( 1)  0.084
 835 -   0.25000 0.25000 0.25000 0.25000 ( 1)  0.084
 836 -   0.25000 0.25000 0.25000 0.25000 ( 1)  0.084
 837 -   0.25000 0.25000 0.25000 0.25000 ( 1)  0.084
 838 -   0.25000 0.25000 0.25000 0.25000 ( 1)  0.084
 839 -   0.25000 0.25000 0.25000 0.25000 ( 1)  0.084
 840 -   0.25000 0.25000 0.25000 0.25000 ( 1)  0.084
 841 -   0.25000 0.25000 0.25000 0.25000 ( 1)  0.084
 842 -   0.25000 0.25000 0.25000 0.25000 ( 1)  0.084
 843 -   0.25000 0.25000 0.25000 0.25000 ( 1)  0.084
 844 -   0.25000 0.25000 0.25000 0.25000 ( 1)  0.084
 845 -   0.25000 0.25000 0.25000 0.25000 ( 1)  0.084
 846 -   0.25000 0.25000 0.25000 0.25000 ( 1)  0.084
 847 -   0.25000 0.25000 0.25000 0.25000 ( 1)  0.084
 848 -   0.25000 0.25000 0.25000 0.25000 ( 1)  0.084
 849 -   0.25000 0.25000 0.25000 0.25000 ( 1)  0.084
 850 -   0.25000 0.25000 0.25000 0.25000 ( 1)  0.084
 851 -   0.25000 0.25000 0.25000 0.25000 ( 1)  0.084
 852 -   0.25000 0.25000 0.25000 0.25000 ( 1)  0.084
 853 -   0.25000 0.25000 0.25000 0.25000 ( 1)  0.084
 854 -   0.25000 0.25000 0.25000 0.25000 ( 1)  0.084
 855 -   0.25000 0.25000 0.25000 0.25000 ( 1)  0.084
 856 -   0.25000 0.25000 0.25000 0.25000 ( 1)  0.084
 857 -   0.25000 0.25000 0.25000 0.25000 ( 1)  0.084
 858 -   0.25000 0.25000 0.25000 0.25000 ( 1)  0.084
 859 -   0.25000 0.25000 0.25000 0.25000 ( 1)  0.084
 860 -   0.25000 0.25000 0.25000 0.25000 ( 1)  0.084
 861 -   0.25000 0.25000 0.25000 0.25000 ( 1)  0.084
 862 -   0.25000 0.25000 0.25000 0.25000 ( 1)  0.084
 863 -   0.25000 0.25000 0.25000 0.25000 ( 1)  0.084
 864 -   0.25000 0.25000 0.25000 0.25000 ( 1)  0.084
 865 -   0.25000 0.25000 0.25000 0.25000 ( 1)  0.084
 866 -   0.25000 0.25000 0.25000 0.25000 ( 1)  0.084
 867 -   0.25000 0.25000 0.25000 0.25000 ( 1)  0.084
 868 -   0.25000 0.25000 0.25000 0.25000 ( 1)  0.084
 869 -   0.25000 0.25000 0.25000 0.25000 ( 1)  0.084
 870 -   0.25000 0.25000 0.25000 0.25000 ( 1)  0.084
 871 -   0.25000 0.25000 0.25000 0.25000 ( 1)  0.084
 872 -   0.25000 0.25000 0.25000 0.25000 ( 1)  0.084
 873 -   0.25000 0.25000 0.25000 0.25000 ( 1)  0.084
 874 -   0.25000 0.25000 0.25000 0.25000 ( 1)  0.084
 875 -   0.25000 0.25000 0.25000 0.25000 ( 1)  0.084
 876 -   0.25000 0.25000 0.25000 0.25000 ( 1)  0.084
 877 -   0.25000 0.25000 0.25000 0.25000 ( 1)  0.084
 878 -   0.25000 0.25000 0.25000 0.25000 ( 1)  0.084
 879 -   0.25000 0.25000 0.25000 0.25000 ( 1)  0.084
 880 -   0.25000 0.25000 0.25000 0.25000 ( 1)  0.084
 881 -   0.25000 0.25000 0.25000 0.25000 ( 1)  0.084
 882 -   0.25000 0.25000 0.25000 0.25000 ( 1)  0.084
 883 -   0.25000 0.25000 0.25000 0.25000 ( 1)  0.084
 884 -   0.25000 0.25000 0.25000 0.25000 ( 1)  0.084
 885 -   0.25000 0.25000 0.25000 0.25000 ( 1)  0.084
 886 -   0.25000 0.25000 0.25000 0.25000 ( 1)  0.084
 887 -   0.25000 0.25000 0.25000 0.25000 ( 1)  0.084
 888 -   0.25000 0.25000 0.25000 0.25000 ( 1)  0.084
 889 -   0.25000 0.25000 0.25000 0.25000 ( 1)  0.084
 890 -   0.25000 0.25000 0.25000 0.25000 ( 1)  0.084
 891 -   0.25000 0.25000 0.25000 0.25000 ( 1)  0.084
 892 -   0.25000 0.25000 0.25000 0.25000 ( 1)  0.084
 893 -   0.25000 0.25000 0.25000 0.25000 ( 1)  0.084
 894 -   0.25000 0.25000 0.25000 0.25000 ( 1)  0.084
 895 -   0.25000 0.25000 0.25000 0.25000 ( 3)  0.084
 896 -   0.25000 0.25000 0.25000 0.25000 ( 1)  0.084
 897 -   0.25000 0.25000 0.25000 0.25000 ( 3)  0.084
 898 -   0.25000 0.25000 0.25000 0.25000 ( 1)  0.084
 899 -   0.25000 0.25000 0.25000 0.25000 ( 1)  0.084
 900 -   0.25000 0.25000 0.25000 0.25000 ( 1)  0.084
 901 -   0.25000 0.25000 0.25000 0.25000 ( 1)  0.084
 902 -   0.25000 0.25000 0.25000 0.25000 ( 3)  0.084
 903 -   0.25000 0.25000 0.25000 0.25000 ( 1)  0.084
 904 -   0.25000 0.25000 0.25000 0.25000 ( 1)  0.084
 905 -   0.25000 0.25000 0.25000 0.25000 ( 1)  0.084
 906 -   0.25000 0.25000 0.25000 0.25000 ( 1)  0.084
 907 -   0.25000 0.25000 0.25000 0.25000 ( 1)  0.084
 908 -   0.25000 0.25000 0.25000 0.25000 ( 1)  0.084
 909 -   0.25000 0.25000 0.25000 0.25000 ( 3)  0.084
 910 -   0.25000 0.25000 0.25000 0.25000 ( 1)  0.084
 911 -   0.25000 0.25000 0.25000 0.25000 ( 3)  0.084
 912 -   0.25000 0.25000 0.25000 0.25000 ( 1)  0.084
 913 -   0.25000 0.25000 0.25000 0.25000 ( 3)  0.084
 914 -   0.25000 0.25000 0.25000 0.25000 ( 1)  0.084
 915 -   0.25000 0.25000 0.25000 0.25000 ( 1)  0.084
 916 -   0.25000 0.25000 0.25000 0.25000 ( 3)  0.084
 917 -   0.25000 0.25000 0.25000 0.25000 ( 3)  0.084
 918 -   0.25000 0.25000 0.25000 0.25000 ( 1)  0.084
 919 -   0.25000 0.25000 0.25000 0.25000 ( 1)  0.084
 920 -   0.25000 0.25000 0.25000 0.25000 ( 3)  0.084
 921 -   0.25000 0.25000 0.25000 0.25000 ( 1)  0.084
 922 -   0.25000 0.25000 0.25000 0.25000 ( 3)  0.084
 923 -   0.25000 0.25000 0.25000 0.25000 ( 3)  0.084
 924 -   0.25000 0.25000 0.25000 0.25000 ( 1)  0.084
 925 -   0.25000 0.25000 0.25000 0.25000 ( 1)  0.084
 926 -   0.25000 0.25000 0.25000 0.25000 ( 1)  0.084
 927 -   0.25000 0.25000 0.25000 0.25000 ( 1)  0.084
 928 -   0.25000 0.25000 0.25000 0.25000 ( 3)  0.084
 929 -   0.25000 0.25000 0.25000 0.25000 ( 1)  0.084
 930 -   0.25000 0.25000 0.25000 0.25000 ( 3)  0.084
 931 -   0.25000 0.25000 0.25000 0.25000 ( 3)  0.084
 932 -   0.25000 0.25000 0.25000 0.25000 ( 3)  0.084
 933 -   0.25000 0.25000 0.25000 0.25000 ( 3)  0.084
 934 -   0.25000 0.25000 0.25000 0.25000 ( 1)  0.084
 935 -   0.25000 0.25000 0.25000 0.25000 ( 3)  0.084
 936 -   0.25000 0.25000 0.25000 0.25000 ( 3)  0.084
 937 -   0.25000 0.25000 0.25000 0.25000 ( 1)  0.084
 938 -   0.25000 0.25000 0.25000 0.25000 ( 3)  0.084
 939 -   0.25000 0.25000 0.25000 0.25000 ( 1)  0.084
 940 -   0.25000 0.25000 0.25000 0.25000 ( 1)  0.084
 941 -   0.25000 0.25000 0.25000 0.25000 ( 3)  0.084
 942 -   0.25000 0.25000 0.25000 0.25000 ( 1)  0.084
 943 -   0.25000 0.25000 0.25000 0.25000 ( 3)  0.084
 944 -   0.25000 0.25000 0.25000 0.25000 ( 1)  0.084
 945 -   0.25000 0.25000 0.25000 0.25000 ( 1)  0.084
 946 -   0.25000 0.25000 0.25000 0.25000 ( 3)  0.084
 947 -   0.25000 0.25000 0.25000 0.25000 ( 1)  0.084
 948 -   0.25000 0.25000 0.25000 0.25000 ( 3)  0.084
 949 -   0.25000 0.25000 0.25000 0.25000 ( 1)  0.084
 950 -   0.25000 0.25000 0.25000 0.25000 ( 1)  0.084
 951 -   0.25000 0.25000 0.25000 0.25000 ( 1)  0.084
 952 -   0.25000 0.25000 0.25000 0.25000 ( 3)  0.084
 953 -   0.25000 0.25000 0.25000 0.25000 ( 3)  0.084
 954 -   0.25000 0.25000 0.25000 0.25000 ( 3)  0.084
 955 -   0.25000 0.25000 0.25000 0.25000 ( 1)  0.084
 956 -   0.25000 0.25000 0.25000 0.25000 ( 3)  0.084
 957 -   0.25000 0.25000 0.25000 0.25000 ( 1)  0.084
 958 -   0.25000 0.25000 0.25000 0.25000 ( 3)  0.084
 959 -   0.25000 0.25000 0.25000 0.25000 ( 1)  0.084
 960 -   0.25000 0.25000 0.25000 0.25000 ( 1)  0.084
 961 -   0.25000 0.25000 0.25000 0.25000 ( 3)  0.084
 962 -   0.25000 0.25000 0.25000 0.25000 ( 1)  0.084
 963 -   0.25000 0.25000 0.25000 0.25000 ( 1)  0.084
 964 -   0.25000 0.25000 0.25000 0.25000 ( 1)  0.084
 965 -   0.25000 0.25000 0.25000 0.25000 ( 1)  0.084
 966 -   0.25000 0.25000 0.25000 0.25000 ( 3)  0.084
 967 -   0.25000 0.25000 0.25000 0.25000 ( 3)  0.084
 968 -   0.25000 0.25000 0.25000 0.25000 ( 3)  0.084
 969 -   0.25000 0.25000 0.25000 0.25000 ( 1)  0.084
 970 -   0.25000 0.25000 0.25000 0.25000 ( 1)  0.084
 971 -   0.25000 0.25000 0.25000 0.25000 ( 3)  0.084
 972 -   0.25000 0.25000 0.25000 0.25000 ( 1)  0.084
 973 -   0.25000 0.25000 0.25000 0.25000 ( 3)  0.084
 974 -   0.25000 0.25000 0.25000 0.25000 ( 3)  0.084
 975 -   0.25000 0.25000 0.25000 0.25000 ( 1)  0.084
 976 -   0.25000 0.25000 0.25000 0.25000 ( 3)  0.084
 977 -   0.25000 0.25000 0.25000 0.25000 ( 1)  0.084
 978 -   0.25000 0.25000 0.25000 0.25000 ( 1)  0.084
 979 -   0.25000 0.25000 0.25000 0.25000 ( 3)  0.084
 980 -   0.25000 0.25000 0.25000 0.25000 ( 1)  0.084
 981 -   0.25000 0.25000 0.25000 0.25000 ( 1)  0.084
 982 -   0.25000 0.25000 0.25000 0.25000 ( 1)  0.084
 983 -   0.25000 0.25000 0.25000 0.25000 ( 1)  0.084
 984 -   0.25000 0.25000 0.25000 0.25000 ( 1)  0.084
 985 -   0.25000 0.25000 0.25000 0.25000 ( 1)  0.084
 986 -   0.25000 0.25000 0.25000 0.25000 ( 1)  0.084
 987 -   0.25000 0.25000 0.25000 0.25000 ( 3)  0.084
 988 -   0.25000 0.25000 0.25000 0.25000 ( 1)  0.084
 989 -   0.25000 0.25000 0.25000 0.25000 ( 1)  0.084
 990 -   0.25000 0.25000 0.25000 0.25000 ( 3)  0.084
 991 -   0.25000 0.25000 0.25000 0.25000 ( 1)  0.084
 992 -   0.25000 0.25000 0.25000 0.25000 ( 1)  0.084
 993 -   0.25000 0.25000 0.25000 0.25000 ( 1)  0.084
 994 -   0.25000 0.25000 0.25000 0.25000 ( 3)  0.084
 995 -   0.25000 0.25000 0.25000 0.25000 ( 1)  0.084
 996 -   0.25000 0.25000 0.25000 0.25000 ( 1)  0.084
 997 -   0.25000 0.25000 0.25000 0.25000 ( 3)  0.084
 998 -   0.25000 0.25000 0.25000 0.25000 ( 3)  0.084
 999 -   0.25000 0.25000 0.25000 0.25000 ( 3)  0.084
1000 -   0.25000 0.25000 0.25000 0.25000 ( 3)  0.084
1001 -   0.25000 0.25000 0.25000 0.25000 ( 1)  0.084
1002 -   0.25000 0.25000 0.25000 0.25000 ( 1)  0.084
1003 -   0.25000 0.25000 0.25000 0.25000 ( 3)  0.084
1004 -   0.25000 0.25000 0.25000 0.25000 ( 3)  0.084
1005 -   0.25000 0.25000 0.25000 0.25000 ( 1)  0.084
1006 -   0.25000 0.25000 0.25000 0.25000 ( 1)  0.084
1007 -   0.25000 0.25000 0.25000 0.25000 ( 1)  0.084
1008 -   0.25000 0.25000 0.25000 0.25000 ( 3)  0.084
1009 -   0.25000 0.25000 0.25000 0.25000 ( 1)  0.084
1010 -   0.25000 0.25000 0.25000 0.25000 ( 1)  0.084
1011 -   0.25000 0.25000 0.25000 0.25000 ( 3)  0.084
1012 -   0.25000 0.25000 0.25000 0.25000 ( 3)  0.084
1013 -   0.25000 0.25000 0.25000 0.25000 ( 3)  0.084
1014 -   0.25000 0.25000 0.25000 0.25000 ( 3)  0.084
1015 -   0.25000 0.25000 0.25000 0.25000 ( 1)  0.084
1016 -   0.25000 0.25000 0.25000 0.25000 ( 3)  0.084


lnL = -3988.334140

