Supplemental results for CODEML (seqf: algn  treef: tree)


dN/dS (w) for site classes (K=3)

p:   0.34701  0.00000  0.65299
w:   0.23964  1.00000  1.79972

Naive Empirical Bayes (NEB) probabilities for 3 classes & postmean_w & P(w>1)
(amino acids refer to 1st sequence: aotNan_HSFX3_XM_021667856)

   1 M   0.94759 0.00000 0.05241 ( 1)  0.321  0.052
   2 A   0.85346 0.00000 0.14654 ( 1)  0.468  0.147
   3 -   0.34701 0.00000 0.65299 ( 3)  1.258  0.653
   4 -   0.34701 0.00000 0.65299 ( 3)  1.258  0.653
   5 S   0.90071 0.00000 0.09929 ( 1)  0.395  0.099
   6 Q   0.57426 0.00000 0.42574 ( 1)  0.904  0.426
   7 N   0.10501 0.00000 0.89499 ( 3)  1.636  0.895
   8 T   0.36104 0.00000 0.63896 ( 3)  1.236  0.639
   9 E   0.10156 0.00000 0.89844 ( 3)  1.641  0.898
  10 Q   0.39703 0.00000 0.60297 ( 3)  1.180  0.603
  11 E   0.03517 0.00000 0.96483 ( 3)  1.745  0.965
  12 Y   0.87270 0.00000 0.12730 ( 1)  0.438  0.127
  13 -   0.34701 0.00000 0.65299 ( 3)  1.258  0.653
  14 -   0.34701 0.00000 0.65299 ( 3)  1.258  0.653
  15 -   0.34701 0.00000 0.65299 ( 3)  1.258  0.653
  16 -   0.34701 0.00000 0.65299 ( 3)  1.258  0.653
  17 E   0.88809 0.00000 0.11191 ( 1)  0.414  0.112
  18 A   0.56591 0.00000 0.43409 ( 1)  0.917  0.434
  19 K   0.59762 0.00000 0.40238 ( 1)  0.867  0.402
  20 L   0.46393 0.00000 0.53607 ( 3)  1.076  0.536
  21 A   0.44536 0.00000 0.55464 ( 3)  1.105  0.555
  22 P   0.80411 0.00000 0.19589 ( 1)  0.545  0.196
  23 S   0.05166 0.00000 0.94834 ( 3)  1.719  0.948
  24 V   0.09695 0.00000 0.90305 ( 3)  1.648  0.903
  25 G   0.86971 0.00000 0.13029 ( 1)  0.443  0.130
  26 G   0.85308 0.00000 0.14692 ( 1)  0.469  0.147
  27 E   0.51577 0.00000 0.48423 ( 1)  0.995  0.484
  28 P   0.24500 0.00000 0.75500 ( 3)  1.417  0.755
  29 T   0.48957 0.00000 0.51043 ( 3)  1.036  0.510
  30 S   0.57694 0.00000 0.42306 ( 1)  0.900  0.423
  31 G   0.54628 0.00000 0.45372 ( 1)  0.947  0.454
  32 G   0.58053 0.00000 0.41947 ( 1)  0.894  0.419
  33 P   0.46078 0.00000 0.53922 ( 3)  1.081  0.539
  34 S   0.10294 0.00000 0.89706 ( 3)  1.639  0.897
  35 S   0.13578 0.00000 0.86422 ( 3)  1.588  0.864
  36 S   0.44990 0.00000 0.55010 ( 3)  1.098  0.550
  37 S   0.43780 0.00000 0.56220 ( 3)  1.117  0.562
  38 P   0.46911 0.00000 0.53089 ( 3)  1.068  0.531
  39 D   0.56655 0.00000 0.43345 ( 1)  0.916  0.433
  40 P   0.46078 0.00000 0.53922 ( 3)  1.081  0.539
  41 N   0.56794 0.00000 0.43206 ( 1)  0.914  0.432
  42 V   0.01423 0.00000 0.98577 ( 3)  1.778  0.986
  43 D   0.62003 0.00000 0.37997 ( 1)  0.832  0.380
  44 S   0.89436 0.00000 0.10564 ( 1)  0.404  0.106
  45 R   0.10004 0.00000 0.89996 ( 3)  1.644  0.900
  46 E   0.55330 0.00000 0.44670 ( 1)  0.937  0.447
  47 L   0.00488 0.00000 0.99512 ( 3)  1.792  0.995
  48 L   0.74807 0.00000 0.25193 ( 1)  0.633  0.252
  49 D   0.74495 0.00000 0.25505 ( 1)  0.638  0.255
  50 R   0.66188 0.00000 0.33812 ( 1)  0.767  0.338
  51 H   0.64549 0.00000 0.35451 ( 1)  0.793  0.355
  52 E   0.07137 0.00000 0.92863 ( 3)  1.688  0.929
  53 D   0.12067 0.00000 0.87933 ( 3)  1.611  0.879
  54 Q   0.10441 0.00000 0.89559 ( 3)  1.637  0.896
  55 A   0.87814 0.00000 0.12186 ( 1)  0.430  0.122
  56 V   0.01951 0.00000 0.98049 ( 3)  1.769  0.980
  57 S   0.10583 0.00000 0.89417 ( 3)  1.635  0.894
  58 -   0.34701 0.00000 0.65299 ( 3)  1.258  0.653
  59 -   0.34701 0.00000 0.65299 ( 3)  1.258  0.653
  60 -   0.34701 0.00000 0.65299 ( 3)  1.258  0.653
  61 -   0.34701 0.00000 0.65299 ( 3)  1.258  0.653
  62 -   0.34701 0.00000 0.65299 ( 3)  1.258  0.653
  63 -   0.34701 0.00000 0.65299 ( 3)  1.258  0.653
  64 Q   0.41049 0.00000 0.58951 ( 3)  1.159  0.590
  65 D   0.18804 0.00000 0.81196 ( 3)  1.506  0.812
  66 S   0.21845 0.00000 0.78155 ( 3)  1.459  0.782
  67 G   0.88674 0.00000 0.11326 ( 1)  0.416  0.113
  68 S   0.35594 0.00000 0.64406 ( 3)  1.244  0.644
  69 Q   0.41049 0.00000 0.58951 ( 3)  1.159  0.590
  70 -   0.34701 0.00000 0.65299 ( 3)  1.258  0.653
  71 -   0.34701 0.00000 0.65299 ( 3)  1.258  0.653
  72 -   0.34701 0.00000 0.65299 ( 3)  1.258  0.653
  73 -   0.34701 0.00000 0.65299 ( 3)  1.258  0.653
  74 -   0.34701 0.00000 0.65299 ( 3)  1.258  0.653
  75 -   0.34701 0.00000 0.65299 ( 3)  1.258  0.653
  76 -   0.34701 0.00000 0.65299 ( 3)  1.258  0.653
  77 -   0.34701 0.00000 0.65299 ( 3)  1.258  0.653
  78 -   0.34701 0.00000 0.65299 ( 3)  1.258  0.653
  79 -   0.34701 0.00000 0.65299 ( 3)  1.258  0.653
  80 -   0.34701 0.00000 0.65299 ( 3)  1.258  0.653
  81 -   0.34701 0.00000 0.65299 ( 3)  1.258  0.653
  82 -   0.34701 0.00000 0.65299 ( 3)  1.258  0.653
  83 -   0.34701 0.00000 0.65299 ( 3)  1.258  0.653
  84 -   0.34701 0.00000 0.65299 ( 3)  1.258  0.653
  85 -   0.34701 0.00000 0.65299 ( 3)  1.258  0.653
  86 -   0.34701 0.00000 0.65299 ( 3)  1.258  0.653
  87 -   0.34701 0.00000 0.65299 ( 3)  1.258  0.653
  88 -   0.34701 0.00000 0.65299 ( 3)  1.258  0.653
  89 -   0.34701 0.00000 0.65299 ( 3)  1.258  0.653
  90 -   0.34701 0.00000 0.65299 ( 3)  1.258  0.653
  91 -   0.34701 0.00000 0.65299 ( 3)  1.258  0.653
  92 -   0.34701 0.00000 0.65299 ( 3)  1.258  0.653
  93 D   0.03683 0.00000 0.96317 ( 3)  1.742  0.963
  94 N   0.76322 0.00000 0.23678 ( 1)  0.609  0.237
  95 P   0.22809 0.00000 0.77191 ( 3)  1.444  0.772
  96 Q   0.34724 0.00000 0.65276 ( 3)  1.258  0.653
  97 P   0.04502 0.00000 0.95497 ( 3)  1.729  0.955
  98 E   0.08077 0.00000 0.91923 ( 3)  1.674  0.919
  99 D   0.46564 0.00000 0.53436 ( 3)  1.073  0.534
 100 Q   0.21140 0.00000 0.78860 ( 3)  1.470  0.789
 101 N   0.64017 0.00000 0.35983 ( 1)  0.801  0.360
 102 Q   0.48235 0.00000 0.51765 ( 3)  1.047  0.518
 103 R   0.54026 0.00000 0.45974 ( 1)  0.957  0.460
 104 V   0.52662 0.00000 0.47337 ( 1)  0.978  0.473
 105 A   0.14647 0.00000 0.85353 ( 3)  1.571  0.854
 106 S   0.18140 0.00000 0.81860 ( 3)  1.517  0.819
 107 M   0.02246 0.00000 0.97754 ( 3)  1.765  0.978
 108 E   0.54790 0.00000 0.45210 ( 1)  0.945  0.452
 109 D   0.63709 0.00000 0.36291 ( 1)  0.806  0.363
 110 N   0.64017 0.00000 0.35983 ( 1)  0.801  0.360
 111 R   0.02111 0.00000 0.97889 ( 3)  1.767  0.979
 112 N   0.64017 0.00000 0.35983 ( 1)  0.801  0.360
 113 L   0.46587 0.00000 0.53413 ( 3)  1.073  0.534
 114 F   0.46940 0.00000 0.53060 ( 3)  1.067  0.531
 115 R   0.15220 0.00000 0.84780 ( 3)  1.562  0.848
 116 L   0.48052 0.00000 0.51948 ( 3)  1.050  0.519
 117 S   0.12511 0.00000 0.87489 ( 3)  1.605  0.875
 118 F   0.51966 0.00000 0.48034 ( 1)  0.989  0.480
 119 P   0.46078 0.00000 0.53922 ( 3)  1.081  0.539
 120 R   0.52144 0.00000 0.47856 ( 1)  0.986  0.479
 121 K   0.59762 0.00000 0.40238 ( 1)  0.867  0.402
 122 L   0.47214 0.00000 0.52786 ( 3)  1.063  0.528
 123 W   0.46207 0.00000 0.53793 ( 3)  1.079  0.538
 124 M   0.16536 0.00000 0.83464 ( 3)  1.542  0.835
 125 M   0.14620 0.00000 0.85380 ( 3)  1.572  0.854
 126 V   0.52662 0.00000 0.47337 ( 1)  0.978  0.473
 127 E   0.59346 0.00000 0.40654 ( 1)  0.874  0.407
 128 E   0.54790 0.00000 0.45210 ( 1)  0.945  0.452
 129 D   0.63709 0.00000 0.36291 ( 1)  0.806  0.363
 130 T   0.48957 0.00000 0.51043 ( 3)  1.036  0.510
 131 F   0.51966 0.00000 0.48034 ( 1)  0.989  0.480
 132 Q   0.13362 0.00000 0.86638 ( 3)  1.591  0.866
 133 S   0.46370 0.00000 0.53630 ( 3)  1.076  0.536
 134 V   0.11996 0.00000 0.88004 ( 3)  1.613  0.880
 135 N   0.15798 0.00000 0.84202 ( 3)  1.553  0.842
 136 W   0.46207 0.00000 0.53793 ( 3)  1.079  0.538
 137 N   0.63689 0.00000 0.36311 ( 1)  0.806  0.363
 138 D   0.13521 0.00000 0.86479 ( 3)  1.589  0.865
 139 D   0.56597 0.00000 0.43402 ( 1)  0.917  0.434
 140 G   0.49142 0.00000 0.50858 ( 3)  1.033  0.509
 141 D   0.59485 0.00000 0.40515 ( 1)  0.872  0.405
 142 A   0.53028 0.00000 0.46972 ( 1)  0.972  0.470
 143 V   0.12736 0.00000 0.87264 ( 3)  1.601  0.873
 144 I   0.58154 0.00000 0.41846 ( 1)  0.892  0.418
 145 I   0.58154 0.00000 0.41846 ( 1)  0.892  0.418
 146 E   0.16509 0.00000 0.83491 ( 3)  1.542  0.835
 147 K   0.59762 0.00000 0.40238 ( 1)  0.867  0.402
 148 D   0.56401 0.00000 0.43599 ( 1)  0.920  0.436
 149 L   0.52096 0.00000 0.47904 ( 1)  0.987  0.479
 150 L   0.11741 0.00000 0.88259 ( 3)  1.617  0.883
 151 Q   0.51224 0.00000 0.48776 ( 1)  1.001  0.488
 152 R   0.57377 0.00000 0.42622 ( 1)  0.905  0.426
 153 E   0.59346 0.00000 0.40654 ( 1)  0.874  0.407
 154 I   0.11753 0.00000 0.88247 ( 3)  1.616  0.882
 155 L   0.46587 0.00000 0.53413 ( 3)  1.073  0.534
 156 Q   0.48235 0.00000 0.51765 ( 3)  1.047  0.518
 157 R   0.49193 0.00000 0.50807 ( 3)  1.032  0.508
 158 R   0.12630 0.00000 0.87370 ( 3)  1.603  0.874
 159 G   0.54768 0.00000 0.45232 ( 1)  0.945  0.452
 160 A   0.48777 0.00000 0.51223 ( 3)  1.039  0.512
 161 E   0.59346 0.00000 0.40654 ( 1)  0.874  0.407
 162 K   0.16218 0.00000 0.83782 ( 3)  1.547  0.838
 163 I   0.58154 0.00000 0.41846 ( 1)  0.892  0.418
 164 F   0.51966 0.00000 0.48034 ( 1)  0.989  0.480
 165 K   0.13909 0.00000 0.86091 ( 3)  1.583  0.861
 166 T   0.48957 0.00000 0.51043 ( 3)  1.036  0.510
 167 D   0.14261 0.00000 0.85739 ( 3)  1.577  0.857
 168 S   0.19337 0.00000 0.80663 ( 3)  1.498  0.807
 169 L   0.74807 0.00000 0.25193 ( 1)  0.633  0.252
 170 K   0.05934 0.00000 0.94066 ( 3)  1.707  0.941
 171 S   0.28136 0.00000 0.71864 ( 3)  1.361  0.719
 172 F   0.04693 0.00000 0.95307 ( 3)  1.727  0.953
 173 I   0.56995 0.00000 0.43004 ( 1)  0.911  0.430
 174 R   0.89525 0.00000 0.10475 ( 1)  0.403  0.105
 175 Q   0.23584 0.00000 0.76416 ( 3)  1.432  0.764
 176 -   0.34701 0.00000 0.65299 ( 3)  1.258  0.653
 177 L   0.16610 0.00000 0.83390 ( 3)  1.541  0.834
 178 N   0.27112 0.00000 0.72888 ( 3)  1.377  0.729
 179 L   0.41745 0.00000 0.58255 ( 3)  1.148  0.583
 180 -   0.34701 0.00000 0.65299 ( 3)  1.258  0.653
 181 -   0.34701 0.00000 0.65299 ( 3)  1.258  0.653
 182 -   0.34701 0.00000 0.65299 ( 3)  1.258  0.653
 183 Y   0.58160 0.00000 0.41840 ( 1)  0.892  0.418
 184 G   0.85136 0.00000 0.14864 ( 1)  0.472  0.149
 185 F   0.60343 0.00000 0.39657 ( 1)  0.858  0.397
 186 R   0.08764 0.00000 0.91236 ( 3)  1.663  0.912
 187 K   0.28100 0.00000 0.71900 ( 3)  1.361  0.719
 188 I   0.03119 0.00000 0.96881 ( 3)  1.751  0.969
 189 R   0.89525 0.00000 0.10475 ( 1)  0.403  0.105
 190 A   0.00936 0.00000 0.99064 ( 3)  1.785  0.991
 191 S   0.12949 0.00000 0.87051 ( 3)  1.598  0.871
 192 T   0.14310 0.00000 0.85690 ( 3)  1.576  0.857
 193 S   0.31930 0.00000 0.68070 ( 3)  1.302  0.681
 194 P   0.06477 0.00000 0.93523 ( 3)  1.699  0.935
 195 R   0.32517 0.00000 0.67483 ( 3)  1.292  0.675
 196 D   0.17004 0.00000 0.82996 ( 3)  1.534  0.830
 197 K   0.01540 0.00000 0.98460 ( 3)  1.776  0.985
 198 N   0.03192 0.00000 0.96808 ( 3)  1.750  0.968
 199 V   0.11710 0.00000 0.88290 ( 3)  1.617  0.883
 200 M   0.60604 0.00000 0.39396 ( 1)  0.854  0.394
 201 I   0.58154 0.00000 0.41846 ( 1)  0.892  0.418
 202 Y   0.55136 0.00000 0.44864 ( 1)  0.940  0.449
 203 H   0.02163 0.00000 0.97837 ( 3)  1.766  0.978
 204 N   0.18496 0.00000 0.81504 ( 3)  1.511  0.815
 205 S   0.51799 0.00000 0.48201 ( 1)  0.992  0.482
 206 N   0.14788 0.00000 0.85212 ( 3)  1.569  0.852
 207 F   0.46940 0.00000 0.53060 ( 3)  1.067  0.531
 208 Q   0.51224 0.00000 0.48776 ( 1)  1.001  0.488
 209 R   0.52144 0.00000 0.47856 ( 1)  0.986  0.479
 210 G   0.16883 0.00000 0.83117 ( 3)  1.536  0.831
 211 K   0.89987 0.00000 0.10013 ( 1)  0.396  0.100
 212 P   0.86279 0.00000 0.13721 ( 1)  0.454  0.137
 213 W   0.11903 0.00000 0.88097 ( 3)  1.614  0.881
 214 L   0.52096 0.00000 0.47904 ( 1)  0.987  0.479
 215 L   0.46393 0.00000 0.53607 ( 3)  1.076  0.536
 216 E   0.59346 0.00000 0.40654 ( 1)  0.874  0.407
 217 N   0.57406 0.00000 0.42594 ( 1)  0.904  0.426
 218 I   0.58154 0.00000 0.41846 ( 1)  0.892  0.418
 219 R   0.11643 0.00000 0.88357 ( 3)  1.618  0.884
 220 R   0.52144 0.00000 0.47856 ( 1)  0.986  0.479
 221 N   0.01779 0.00000 0.98221 ( 3)  1.772  0.982
 222 G   0.01945 0.00000 0.98055 ( 3)  1.769  0.981
 223 D   0.00044 0.00000 0.99956 ( 3)  1.799  1.000
 224 L   0.01855 0.00000 0.98145 ( 3)  1.771  0.981
 225 R   0.42920 0.00000 0.57080 ( 3)  1.130  0.571
 226 N   0.00876 0.00000 0.99124 ( 3)  1.786  0.991
 227 A   0.38810 0.00000 0.61190 ( 3)  1.194  0.612
 228 T   0.00403 0.00000 0.99597 ( 3)  1.793  0.996
 229 Q   0.87458 0.00000 0.12542 ( 1)  0.435  0.125
 230 Q   0.34746 0.00000 0.65253 ( 3)  1.258  0.653
 231 A   0.07977 0.00000 0.92023 ( 3)  1.675  0.920
 232 T   0.86973 0.00000 0.13027 ( 1)  0.443  0.130
 233 H   0.12571 0.00000 0.87429 ( 3)  1.604  0.874
 234 V   0.37958 0.00000 0.62042 ( 3)  1.208  0.620
 235 P   0.78426 0.00000 0.21574 ( 1)  0.576  0.216
 236 A   0.11529 0.00000 0.88471 ( 3)  1.620  0.885
 237 P   0.06915 0.00000 0.93085 ( 3)  1.692  0.931
 238 K   0.56140 0.00000 0.43860 ( 1)  0.924  0.439
 239 R   0.74798 0.00000 0.25202 ( 1)  0.633  0.252
 240 S   0.00070 0.00000 0.99930 ( 3)  1.799  0.999
 241 K   0.02180 0.00000 0.97820 ( 3)  1.766  0.978
 242 L   0.44346 0.00000 0.55654 ( 3)  1.108  0.557
 243 V   0.02850 0.00000 0.97150 ( 3)  1.755  0.971
 244 P   0.06229 0.00000 0.93771 ( 3)  1.703  0.938
 245 I   0.12350 0.00000 0.87650 ( 3)  1.607  0.876
 246 R   0.12008 0.00000 0.87992 ( 3)  1.612  0.880
 247 H   0.14363 0.00000 0.85637 ( 3)  1.576  0.856
 248 P   0.12392 0.00000 0.87608 ( 3)  1.606  0.876
 249 L   0.43538 0.00000 0.56462 ( 3)  1.120  0.565
 250 Q   0.04112 0.00000 0.95888 ( 3)  1.736  0.959
 251 I   0.58154 0.00000 0.41846 ( 1)  0.892  0.418
 252 H   0.34552 0.00000 0.65448 ( 3)  1.261  0.654
 253 H   0.71147 0.00000 0.28853 ( 1)  0.690  0.289
 254 S   0.01243 0.00000 0.98757 ( 3)  1.780  0.988
 255 N   0.00400 0.00000 0.99600 ( 3)  1.793  0.996
 256 D   0.47258 0.00000 0.52742 ( 3)  1.062  0.527
 257 K   0.10642 0.00000 0.89358 ( 3)  1.634  0.894
 258 D   0.01359 0.00000 0.98641 ( 3)  1.779  0.986
 259 A   0.00184 0.00000 0.99816 ( 3)  1.797  0.998
 260 A   0.06660 0.00000 0.93340 ( 3)  1.696  0.933
 261 I   0.16977 0.00000 0.83023 ( 3)  1.535  0.830
 262 E   0.00018 0.00000 0.99982 ( 3)  1.799  1.000
 263 M   0.10581 0.00000 0.89419 ( 3)  1.635  0.894
 264 S   0.01908 0.00000 0.98092 ( 3)  1.770  0.981
 265 Q   0.04579 0.00000 0.95421 ( 3)  1.728  0.954
 266 G   0.00764 0.00000 0.99236 ( 3)  1.788  0.992
 267 G   0.85308 0.00000 0.14692 ( 1)  0.469  0.147
 268 T   0.06098 0.00000 0.93902 ( 3)  1.705  0.939
 269 P   0.06991 0.00000 0.93009 ( 3)  1.691  0.930
 270 N   0.09262 0.00000 0.90738 ( 3)  1.655  0.907
 271 V   0.49314 0.00000 0.50686 ( 3)  1.030  0.507
 272 Q   0.51224 0.00000 0.48776 ( 1)  1.001  0.488
 273 G   0.49397 0.00000 0.50603 ( 3)  1.029  0.506
 274 P   0.10092 0.00000 0.89908 ( 3)  1.642  0.899
 275 -   0.34701 0.00000 0.65299 ( 3)  1.258  0.653
 276 S   0.91152 0.00000 0.08848 ( 1)  0.378  0.088
 277 G   0.90950 0.00000 0.09050 ( 1)  0.381  0.090
 278 T   0.86311 0.00000 0.13689 ( 1)  0.453  0.137
 279 Q   0.51224 0.00000 0.48776 ( 1)  1.001  0.488
 280 S   0.51799 0.00000 0.48201 ( 1)  0.992  0.482
 281 F   0.91928 0.00000 0.08072 ( 1)  0.366  0.081
 282 P   0.34701 0.00000 0.65299 ( 3)  1.258  0.653
 283 C   0.34701 0.00000 0.65299 ( 3)  1.258  0.653
 284 P   0.05864 0.00000 0.94136 ( 3)  1.708  0.941
 285 -   0.34701 0.00000 0.65299 ( 3)  1.258  0.653
 286 -   0.34701 0.00000 0.65299 ( 3)  1.258  0.653
 287 -   0.34701 0.00000 0.65299 ( 3)  1.258  0.653
 288 -   0.34701 0.00000 0.65299 ( 3)  1.258  0.653
 289 -   0.34701 0.00000 0.65299 ( 3)  1.258  0.653
 290 -   0.34701 0.00000 0.65299 ( 3)  1.258  0.653
 291 -   0.34701 0.00000 0.65299 ( 3)  1.258  0.653
 292 -   0.34701 0.00000 0.65299 ( 3)  1.258  0.653
 293 -   0.34701 0.00000 0.65299 ( 3)  1.258  0.653
 294 -   0.34701 0.00000 0.65299 ( 3)  1.258  0.653
 295 -   0.34701 0.00000 0.65299 ( 3)  1.258  0.653
 296 -   0.34701 0.00000 0.65299 ( 3)  1.258  0.653
 297 -   0.34701 0.00000 0.65299 ( 3)  1.258  0.653
 298 -   0.34701 0.00000 0.65299 ( 3)  1.258  0.653
 299 -   0.34701 0.00000 0.65299 ( 3)  1.258  0.653
 300 -   0.34701 0.00000 0.65299 ( 3)  1.258  0.653
 301 H   0.08000 0.00000 0.91999 ( 3)  1.675  0.920
 302 P   0.00621 0.00000 0.99379 ( 3)  1.790  0.994
 303 G   0.88674 0.00000 0.11326 ( 1)  0.416  0.113
 304 T   0.00748 0.00000 0.99252 ( 3)  1.788  0.993
 305 -   0.34776 0.00000 0.65224 ( 3)  1.257  0.652
 306 W   0.85730 0.00000 0.14270 ( 1)  0.462  0.143
 307 P   0.07848 0.00000 0.92152 ( 3)  1.677  0.922
 308 I   0.34701 0.00000 0.65299 ( 3)  1.258  0.653
 309 Y   0.34701 0.00000 0.65299 ( 3)  1.258  0.653
 310 V   0.00146 0.00000 0.99854 ( 3)  1.797  0.999
 311 N   0.01427 0.00000 0.98573 ( 3)  1.777  0.986
 312 P   0.00075 0.00000 0.99925 ( 3)  1.799  0.999
 313 I   0.04717 0.00000 0.95283 ( 3)  1.726  0.953
 314 T   0.49984 0.00000 0.50016 ( 3)  1.020  0.500
 315 G   0.02091 0.00000 0.97909 ( 3)  1.767  0.979
 316 H   0.12480 0.00000 0.87520 ( 3)  1.605  0.875
 317 P   0.86429 0.00000 0.13571 ( 1)  0.451  0.136
 318 P   0.08237 0.00000 0.91763 ( 3)  1.671  0.918
 319 -   0.34701 0.00000 0.65299 ( 3)  1.258  0.653
 320 -   0.34701 0.00000 0.65299 ( 3)  1.258  0.653
 321 G   0.03047 0.00000 0.96953 ( 3)  1.752  0.970
 322 Y   0.00781 0.00000 0.99219 ( 3)  1.788  0.992
 323 G   0.09175 0.00000 0.90825 ( 3)  1.657  0.908
 324 P   0.45458 0.00000 0.54542 ( 3)  1.091  0.545
 325 P   0.47971 0.00000 0.52029 ( 3)  1.051  0.520
 326 Q   0.86208 0.00000 0.13792 ( 1)  0.455  0.138
 327 -   0.34701 0.00000 0.65299 ( 3)  1.258  0.653
 328 -   0.34701 0.00000 0.65299 ( 3)  1.258  0.653
 329 -   0.34701 0.00000 0.65299 ( 3)  1.258  0.653
 330 -   0.34701 0.00000 0.65299 ( 3)  1.258  0.653
 331 -   0.34701 0.00000 0.65299 ( 3)  1.258  0.653
 332 -   0.34701 0.00000 0.65299 ( 3)  1.258  0.653
 333 -   0.34701 0.00000 0.65299 ( 3)  1.258  0.653
 334 -   0.34701 0.00000 0.65299 ( 3)  1.258  0.653
 335 -   0.34701 0.00000 0.65299 ( 3)  1.258  0.653
 336 -   0.34701 0.00000 0.65299 ( 3)  1.258  0.653
 337 -   0.34701 0.00000 0.65299 ( 3)  1.258  0.653
 338 E   0.47763 0.00000 0.52237 ( 3)  1.055  0.522
 339 P   0.05814 0.00000 0.94186 ( 3)  1.709  0.942
 340 N   0.26037 0.00000 0.73963 ( 3)  1.394  0.740
 341 D   0.45070 0.00000 0.54930 ( 3)  1.097  0.549
 342 P   0.03639 0.00000 0.96361 ( 3)  1.743  0.964
 343 N   0.41315 0.00000 0.58684 ( 3)  1.155  0.587
 344 R   0.00050 0.00000 0.99950 ( 3)  1.799  0.999
 345 E   0.55330 0.00000 0.44670 ( 1)  0.937  0.447
 346 G   0.44779 0.00000 0.55221 ( 3)  1.101  0.552
 347 T   0.09409 0.00000 0.90591 ( 3)  1.653  0.906
 348 S   0.79726 0.00000 0.20274 ( 1)  0.556  0.203
 349 G   0.12082 0.00000 0.87918 ( 3)  1.611  0.879
 350 N   0.56794 0.00000 0.43206 ( 1)  0.914  0.432
 351 D   0.13664 0.00000 0.86336 ( 3)  1.587  0.863
 352 A   0.01387 0.00000 0.98613 ( 3)  1.778  0.986
 353 F   0.01021 0.00000 0.98979 ( 3)  1.784  0.990
 354 A   0.37899 0.00000 0.62101 ( 3)  1.208  0.621
 355 S   0.04749 0.00000 0.95250 ( 3)  1.726  0.953
 356 -   0.34701 0.00000 0.65299 ( 3)  1.258  0.653
 357 -   0.34701 0.00000 0.65299 ( 3)  1.258  0.653
 358 -   0.34701 0.00000 0.65299 ( 3)  1.258  0.653
 359 -   0.34701 0.00000 0.65299 ( 3)  1.258  0.653
 360 -   0.34701 0.00000 0.65299 ( 3)  1.258  0.653
 361 S   0.83885 0.00000 0.16115 ( 1)  0.491  0.161
 362 A   0.84290 0.00000 0.15710 ( 1)  0.485  0.157
 363 T   0.32969 0.00000 0.67031 ( 3)  1.285  0.670
 364 A   0.01341 0.00000 0.98659 ( 3)  1.779  0.987
 365 G   0.01101 0.00000 0.98899 ( 3)  1.783  0.989
 366 -   0.34701 0.00000 0.65299 ( 3)  1.258  0.653
 367 M   0.94759 0.00000 0.05241 ( 1)  0.321  0.052
 368 E   0.02330 0.00000 0.97670 ( 3)  1.763  0.977
 369 S   0.52296 0.00000 0.47704 ( 1)  0.984  0.477
 370 -   0.34701 0.00000 0.65299 ( 3)  1.258  0.653
 371 -   0.34701 0.00000 0.65299 ( 3)  1.258  0.653
 372 A   0.35042 0.00000 0.64958 ( 3)  1.253  0.650
 373 R   0.04323 0.00000 0.95676 ( 3)  1.732  0.957
 374 E   0.00219 0.00000 0.99781 ( 3)  1.796  0.998
 375 V   0.03451 0.00000 0.96549 ( 3)  1.746  0.965
 376 P   0.00055 0.00000 0.99945 ( 3)  1.799  0.999
 377 S   0.53478 0.00000 0.46522 ( 1)  0.965  0.465
 378 S   0.30344 0.00000 0.69655 ( 3)  1.326  0.697
 379 L   0.80678 0.00000 0.19322 ( 1)  0.541  0.193
 380 -   0.34701 0.00000 0.65299 ( 3)  1.258  0.653
 381 -   0.34701 0.00000 0.65299 ( 3)  1.258  0.653
 382 -   0.34701 0.00000 0.65299 ( 3)  1.258  0.653
 383 -   0.34701 0.00000 0.65299 ( 3)  1.258  0.653
 384 V   0.83966 0.00000 0.16034 ( 1)  0.490  0.160
 385 C   0.09481 0.00000 0.90518 ( 3)  1.652  0.905
 386 P   0.04150 0.00000 0.95850 ( 3)  1.735  0.958
 387 D   0.16147 0.00000 0.83853 ( 3)  1.548  0.839
 388 I   0.21317 0.00000 0.78683 ( 3)  1.467  0.787
 389 S   0.00725 0.00000 0.99275 ( 3)  1.788  0.993
 390 S   0.05116 0.00000 0.94884 ( 3)  1.720  0.949
 391 L   0.01275 0.00000 0.98725 ( 3)  1.780  0.987
 392 M   0.24118 0.00000 0.75882 ( 3)  1.423  0.759
 393 F   0.03463 0.00000 0.96537 ( 3)  1.746  0.965
 394 S   0.14014 0.00000 0.85986 ( 3)  1.581  0.860
 395 C   0.12422 0.00000 0.87578 ( 3)  1.606  0.876
 396 N   0.02015 0.00000 0.97985 ( 3)  1.768  0.980
 397 V   0.00285 0.00000 0.99715 ( 3)  1.795  0.997
 398 C   0.50297 0.00000 0.49703 ( 1)  1.015  0.497
 399 Y   0.13534 0.00000 0.86466 ( 3)  1.589  0.865
 400 S   0.12531 0.00000 0.87469 ( 3)  1.604  0.875
 401 I   0.01739 0.00000 0.98261 ( 3)  1.773  0.983
 402 L   0.35213 0.00000 0.64787 ( 3)  1.250  0.648
 403 L   0.05779 0.00000 0.94221 ( 3)  1.710  0.942
 404 A   0.63357 0.00000 0.36643 ( 1)  0.811  0.366
 405 S   0.09216 0.00000 0.90784 ( 3)  1.656  0.908
 406 L   0.88400 0.00000 0.11600 ( 1)  0.421  0.116
 407 -   0.34701 0.00000 0.65299 ( 3)  1.258  0.653
 408 -   0.34701 0.00000 0.65299 ( 3)  1.258  0.653
 409 -   0.34701 0.00000 0.65299 ( 3)  1.258  0.653
 410 -   0.34701 0.00000 0.65299 ( 3)  1.258  0.653
 411 -   0.34701 0.00000 0.65299 ( 3)  1.258  0.653
 412 -   0.34701 0.00000 0.65299 ( 3)  1.258  0.653
 413 -   0.34701 0.00000 0.65299 ( 3)  1.258  0.653
 414 -   0.34701 0.00000 0.65299 ( 3)  1.258  0.653
 415 -   0.34701 0.00000 0.65299 ( 3)  1.258  0.653
 416 -   0.34701 0.00000 0.65299 ( 3)  1.258  0.653
 417 -   0.34701 0.00000 0.65299 ( 3)  1.258  0.653
 418 -   0.34701 0.00000 0.65299 ( 3)  1.258  0.653
 419 -   0.34701 0.00000 0.65299 ( 3)  1.258  0.653
 420 -   0.34701 0.00000 0.65299 ( 3)  1.258  0.653
 421 -   0.34701 0.00000 0.65299 ( 3)  1.258  0.653
 422 -   0.34701 0.00000 0.65299 ( 3)  1.258  0.653
 423 -   0.34701 0.00000 0.65299 ( 3)  1.258  0.653
 424 -   0.34701 0.00000 0.65299 ( 3)  1.258  0.653
 425 -   0.34701 0.00000 0.65299 ( 3)  1.258  0.653
 426 -   0.34701 0.00000 0.65299 ( 3)  1.258  0.653
 427 -   0.34701 0.00000 0.65299 ( 3)  1.258  0.653
 428 -   0.34701 0.00000 0.65299 ( 3)  1.258  0.653
 429 -   0.34701 0.00000 0.65299 ( 3)  1.258  0.653
 430 -   0.34701 0.00000 0.65299 ( 3)  1.258  0.653
 431 -   0.34701 0.00000 0.65299 ( 3)  1.258  0.653
 432 -   0.34701 0.00000 0.65299 ( 3)  1.258  0.653
 433 -   0.34701 0.00000 0.65299 ( 3)  1.258  0.653
 434 -   0.34701 0.00000 0.65299 ( 3)  1.258  0.653
 435 -   0.34701 0.00000 0.65299 ( 3)  1.258  0.653
 436 -   0.34701 0.00000 0.65299 ( 3)  1.258  0.653
 437 -   0.34701 0.00000 0.65299 ( 3)  1.258  0.653
 438 -   0.34701 0.00000 0.65299 ( 3)  1.258  0.653
 439 -   0.34701 0.00000 0.65299 ( 3)  1.258  0.653
 440 -   0.34701 0.00000 0.65299 ( 3)  1.258  0.653
 441 -   0.34701 0.00000 0.65299 ( 3)  1.258  0.653
 442 -   0.34701 0.00000 0.65299 ( 3)  1.258  0.653
 443 L   0.18352 0.00000 0.81648 ( 3)  1.513  0.816
 444 V   0.00928 0.00000 0.99072 ( 3)  1.785  0.991
 445 M   0.56219 0.00000 0.43780 ( 1)  0.923  0.438
 446 T   0.00444 0.00000 0.99555 ( 3)  1.793  0.996
 447 P   0.32255 0.00000 0.67745 ( 3)  1.297  0.677
 448 N   0.73033 0.00000 0.26967 ( 1)  0.660  0.270
 449 E   0.55330 0.00000 0.44670 ( 1)  0.937  0.447
 450 P   0.03658 0.00000 0.96341 ( 3)  1.743  0.963
 451 S   0.00479 0.00000 0.99521 ( 3)  1.792  0.995
 452 D   0.00725 0.00000 0.99275 ( 3)  1.788  0.993
 453 D   0.00322 0.00000 0.99678 ( 3)  1.795  0.997
 454 E   0.90486 0.00000 0.09514 ( 1)  0.388  0.095
 455 E   0.71911 0.00000 0.28089 ( 1)  0.678  0.281
 456 E   0.90486 0.00000 0.09514 ( 1)  0.388  0.095
 457 E   0.45079 0.00000 0.54921 ( 3)  1.096  0.549
 458 E   0.34701 0.00000 0.65299 ( 3)  1.258  0.653
 459 E   0.00729 0.00000 0.99271 ( 3)  1.788  0.993
 460 D   0.01846 0.00000 0.98154 ( 3)  1.771  0.982
 461 -   0.34701 0.00000 0.65299 ( 3)  1.258  0.653
 462 -   0.34701 0.00000 0.65299 ( 3)  1.258  0.653
 463 -   0.34701 0.00000 0.65299 ( 3)  1.258  0.653
 464 S   0.06698 0.00000 0.93302 ( 3)  1.695  0.933
 465 S   0.35673 0.00000 0.64327 ( 3)  1.243  0.643
 466 G   0.10988 0.00000 0.89012 ( 3)  1.628  0.890
 467 Y   0.00373 0.00000 0.99627 ( 3)  1.794  0.996
 468 N   0.02971 0.00000 0.97029 ( 3)  1.753  0.970
 469 S   0.10048 0.00000 0.89952 ( 3)  1.643  0.900
 470 T   0.01826 0.00000 0.98174 ( 3)  1.771  0.982
 471 L   0.28038 0.00000 0.71961 ( 3)  1.362  0.720
 472 C   0.27332 0.00000 0.72668 ( 3)  1.373  0.727
 473 E   0.57929 0.00000 0.42071 ( 1)  0.896  0.421
 474 Q   0.04686 0.00000 0.95314 ( 3)  1.727  0.953
 475 F   0.03406 0.00000 0.96594 ( 3)  1.747  0.966
 476 R   0.86832 0.00000 0.13168 ( 1)  0.445  0.132
 477 N   0.65079 0.00000 0.34921 ( 1)  0.784  0.349
 478 N   0.86805 0.00000 0.13195 ( 1)  0.445  0.132
 479 P   0.06070 0.00000 0.93930 ( 3)  1.705  0.939
 480 N   0.08939 0.00000 0.91061 ( 3)  1.660  0.911
 481 P   0.79616 0.00000 0.20384 ( 1)  0.558  0.204
 482 -   0.34701 0.00000 0.65299 ( 3)  1.258  0.653
 483 -   0.34701 0.00000 0.65299 ( 3)  1.258  0.653
 484 -   0.34701 0.00000 0.65299 ( 3)  1.258  0.653
 485 -   0.34701 0.00000 0.65299 ( 3)  1.258  0.653
 486 -   0.34701 0.00000 0.65299 ( 3)  1.258  0.653
 487 -   0.34701 0.00000 0.65299 ( 3)  1.258  0.653
 488 -   0.34701 0.00000 0.65299 ( 3)  1.258  0.653
 489 -   0.34701 0.00000 0.65299 ( 3)  1.258  0.653
 490 -   0.34701 0.00000 0.65299 ( 3)  1.258  0.653
 491 -   0.34701 0.00000 0.65299 ( 3)  1.258  0.653
 492 -   0.34701 0.00000 0.65299 ( 3)  1.258  0.653
 493 -   0.34701 0.00000 0.65299 ( 3)  1.258  0.653
 494 -   0.34701 0.00000 0.65299 ( 3)  1.258  0.653
 495 -   0.34701 0.00000 0.65299 ( 3)  1.258  0.653

Positively selected sites

	Prob(w>1)  mean w

     3 -      0.653         1.258
     4 -      0.653         1.258
     7 N      0.895         1.636
     8 T      0.639         1.236
     9 E      0.898         1.641
    10 Q      0.603         1.180
    11 E      0.965*        1.745
    13 -      0.653         1.258
    14 -      0.653         1.258
    15 -      0.653         1.258
    16 -      0.653         1.258
    20 L      0.536         1.076
    21 A      0.555         1.105
    23 S      0.948         1.719
    24 V      0.903         1.648
    28 P      0.755         1.417
    29 T      0.510         1.036
    33 P      0.539         1.081
    34 S      0.897         1.639
    35 S      0.864         1.588
    36 S      0.550         1.098
    37 S      0.562         1.117
    38 P      0.531         1.068
    40 P      0.539         1.081
    42 V      0.986*        1.778
    45 R      0.900         1.644
    47 L      0.995**       1.792
    52 E      0.929         1.688
    53 D      0.879         1.611
    54 Q      0.896         1.637
    56 V      0.980*        1.769
    57 S      0.894         1.635
    58 -      0.653         1.258
    59 -      0.653         1.258
    60 -      0.653         1.258
    61 -      0.653         1.258
    62 -      0.653         1.258
    63 -      0.653         1.258
    64 Q      0.590         1.159
    65 D      0.812         1.506
    66 S      0.782         1.459
    68 S      0.644         1.244
    69 Q      0.590         1.159
    70 -      0.653         1.258
    71 -      0.653         1.258
    72 -      0.653         1.258
    73 -      0.653         1.258
    74 -      0.653         1.258
    75 -      0.653         1.258
    76 -      0.653         1.258
    77 -      0.653         1.258
    78 -      0.653         1.258
    79 -      0.653         1.258
    80 -      0.653         1.258
    81 -      0.653         1.258
    82 -      0.653         1.258
    83 -      0.653         1.258
    84 -      0.653         1.258
    85 -      0.653         1.258
    86 -      0.653         1.258
    87 -      0.653         1.258
    88 -      0.653         1.258
    89 -      0.653         1.258
    90 -      0.653         1.258
    91 -      0.653         1.258
    92 -      0.653         1.258
    93 D      0.963*        1.742
    95 P      0.772         1.444
    96 Q      0.653         1.258
    97 P      0.955*        1.729
    98 E      0.919         1.674
    99 D      0.534         1.073
   100 Q      0.789         1.470
   102 Q      0.518         1.047
   105 A      0.854         1.571
   106 S      0.819         1.517
   107 M      0.978*        1.765
   111 R      0.979*        1.767
   113 L      0.534         1.073
   114 F      0.531         1.067
   115 R      0.848         1.562
   116 L      0.519         1.050
   117 S      0.875         1.605
   119 P      0.539         1.081
   122 L      0.528         1.063
   123 W      0.538         1.079
   124 M      0.835         1.542
   125 M      0.854         1.572
   130 T      0.510         1.036
   132 Q      0.866         1.591
   133 S      0.536         1.076
   134 V      0.880         1.613
   135 N      0.842         1.553
   136 W      0.538         1.079
   138 D      0.865         1.589
   140 G      0.509         1.033
   143 V      0.873         1.601
   146 E      0.835         1.542
   150 L      0.883         1.617
   154 I      0.882         1.616
   155 L      0.534         1.073
   156 Q      0.518         1.047
   157 R      0.508         1.032
   158 R      0.874         1.603
   160 A      0.512         1.039
   162 K      0.838         1.547
   165 K      0.861         1.583
   166 T      0.510         1.036
   167 D      0.857         1.577
   168 S      0.807         1.498
   170 K      0.941         1.707
   171 S      0.719         1.361
   172 F      0.953*        1.727
   175 Q      0.764         1.432
   176 -      0.653         1.258
   177 L      0.834         1.541
   178 N      0.729         1.377
   179 L      0.583         1.148
   180 -      0.653         1.258
   181 -      0.653         1.258
   182 -      0.653         1.258
   186 R      0.912         1.663
   187 K      0.719         1.361
   188 I      0.969*        1.751
   190 A      0.991**       1.785
   191 S      0.871         1.598
   192 T      0.857         1.576
   193 S      0.681         1.302
   194 P      0.935         1.699
   195 R      0.675         1.292
   196 D      0.830         1.534
   197 K      0.985*        1.776
   198 N      0.968*        1.750
   199 V      0.883         1.617
   203 H      0.978*        1.766
   204 N      0.815         1.511
   206 N      0.852         1.569
   207 F      0.531         1.067
   210 G      0.831         1.536
   213 W      0.881         1.614
   215 L      0.536         1.076
   219 R      0.884         1.618
   221 N      0.982*        1.772
   222 G      0.981*        1.769
   223 D      1.000**       1.799
   224 L      0.981*        1.771
   225 R      0.571         1.130
   226 N      0.991**       1.786
   227 A      0.612         1.194
   228 T      0.996**       1.793
   230 Q      0.653         1.258
   231 A      0.920         1.675
   233 H      0.874         1.604
   234 V      0.620         1.208
   236 A      0.885         1.620
   237 P      0.931         1.692
   240 S      0.999**       1.799
   241 K      0.978*        1.766
   242 L      0.557         1.108
   243 V      0.971*        1.755
   244 P      0.938         1.703
   245 I      0.876         1.607
   246 R      0.880         1.612
   247 H      0.856         1.576
   248 P      0.876         1.606
   249 L      0.565         1.120
   250 Q      0.959*        1.736
   252 H      0.654         1.261
   254 S      0.988*        1.780
   255 N      0.996**       1.793
   256 D      0.527         1.062
   257 K      0.894         1.634
   258 D      0.986*        1.779
   259 A      0.998**       1.797
   260 A      0.933         1.696
   261 I      0.830         1.535
   262 E      1.000**       1.799
   263 M      0.894         1.635
   264 S      0.981*        1.770
   265 Q      0.954*        1.728
   266 G      0.992**       1.788
   268 T      0.939         1.705
   269 P      0.930         1.691
   270 N      0.907         1.655
   271 V      0.507         1.030
   273 G      0.506         1.029
   274 P      0.899         1.642
   275 -      0.653         1.258
   282 P      0.653         1.258
   283 C      0.653         1.258
   284 P      0.941         1.708
   285 -      0.653         1.258
   286 -      0.653         1.258
   287 -      0.653         1.258
   288 -      0.653         1.258
   289 -      0.653         1.258
   290 -      0.653         1.258
   291 -      0.653         1.258
   292 -      0.653         1.258
   293 -      0.653         1.258
   294 -      0.653         1.258
   295 -      0.653         1.258
   296 -      0.653         1.258
   297 -      0.653         1.258
   298 -      0.653         1.258
   299 -      0.653         1.258
   300 -      0.653         1.258
   301 H      0.920         1.675
   302 P      0.994**       1.790
   304 T      0.993**       1.788
   305 -      0.652         1.257
   307 P      0.922         1.677
   308 I      0.653         1.258
   309 Y      0.653         1.258
   310 V      0.999**       1.797
   311 N      0.986*        1.777
   312 P      0.999**       1.799
   313 I      0.953*        1.726
   314 T      0.500         1.020
   315 G      0.979*        1.767
   316 H      0.875         1.605
   318 P      0.918         1.671
   319 -      0.653         1.258
   320 -      0.653         1.258
   321 G      0.970*        1.752
   322 Y      0.992**       1.788
   323 G      0.908         1.657
   324 P      0.545         1.091
   325 P      0.520         1.051
   327 -      0.653         1.258
   328 -      0.653         1.258
   329 -      0.653         1.258
   330 -      0.653         1.258
   331 -      0.653         1.258
   332 -      0.653         1.258
   333 -      0.653         1.258
   334 -      0.653         1.258
   335 -      0.653         1.258
   336 -      0.653         1.258
   337 -      0.653         1.258
   338 E      0.522         1.055
   339 P      0.942         1.709
   340 N      0.740         1.394
   341 D      0.549         1.097
   342 P      0.964*        1.743
   343 N      0.587         1.155
   344 R      0.999**       1.799
   346 G      0.552         1.101
   347 T      0.906         1.653
   349 G      0.879         1.611
   351 D      0.863         1.587
   352 A      0.986*        1.778
   353 F      0.990*        1.784
   354 A      0.621         1.208
   355 S      0.953*        1.726
   356 -      0.653         1.258
   357 -      0.653         1.258
   358 -      0.653         1.258
   359 -      0.653         1.258
   360 -      0.653         1.258
   363 T      0.670         1.285
   364 A      0.987*        1.779
   365 G      0.989*        1.783
   366 -      0.653         1.258
   368 E      0.977*        1.763
   370 -      0.653         1.258
   371 -      0.653         1.258
   372 A      0.650         1.253
   373 R      0.957*        1.732
   374 E      0.998**       1.796
   375 V      0.965*        1.746
   376 P      0.999**       1.799
   378 S      0.697         1.326
   380 -      0.653         1.258
   381 -      0.653         1.258
   382 -      0.653         1.258
   383 -      0.653         1.258
   385 C      0.905         1.652
   386 P      0.958*        1.735
   387 D      0.839         1.548
   388 I      0.787         1.467
   389 S      0.993**       1.788
   390 S      0.949         1.720
   391 L      0.987*        1.780
   392 M      0.759         1.423
   393 F      0.965*        1.746
   394 S      0.860         1.581
   395 C      0.876         1.606
   396 N      0.980*        1.768
   397 V      0.997**       1.795
   399 Y      0.865         1.589
   400 S      0.875         1.604
   401 I      0.983*        1.773
   402 L      0.648         1.250
   403 L      0.942         1.710
   405 S      0.908         1.656
   407 -      0.653         1.258
   408 -      0.653         1.258
   409 -      0.653         1.258
   410 -      0.653         1.258
   411 -      0.653         1.258
   412 -      0.653         1.258
   413 -      0.653         1.258
   414 -      0.653         1.258
   415 -      0.653         1.258
   416 -      0.653         1.258
   417 -      0.653         1.258
   418 -      0.653         1.258
   419 -      0.653         1.258
   420 -      0.653         1.258
   421 -      0.653         1.258
   422 -      0.653         1.258
   423 -      0.653         1.258
   424 -      0.653         1.258
   425 -      0.653         1.258
   426 -      0.653         1.258
   427 -      0.653         1.258
   428 -      0.653         1.258
   429 -      0.653         1.258
   430 -      0.653         1.258
   431 -      0.653         1.258
   432 -      0.653         1.258
   433 -      0.653         1.258
   434 -      0.653         1.258
   435 -      0.653         1.258
   436 -      0.653         1.258
   437 -      0.653         1.258
   438 -      0.653         1.258
   439 -      0.653         1.258
   440 -      0.653         1.258
   441 -      0.653         1.258
   442 -      0.653         1.258
   443 L      0.816         1.513
   444 V      0.991**       1.785
   446 T      0.996**       1.793
   447 P      0.677         1.297
   450 P      0.963*        1.743
   451 S      0.995**       1.792
   452 D      0.993**       1.788
   453 D      0.997**       1.795
   457 E      0.549         1.096
   458 E      0.653         1.258
   459 E      0.993**       1.788
   460 D      0.982*        1.771
   461 -      0.653         1.258
   462 -      0.653         1.258
   463 -      0.653         1.258
   464 S      0.933         1.695
   465 S      0.643         1.243
   466 G      0.890         1.628
   467 Y      0.996**       1.794
   468 N      0.970*        1.753
   469 S      0.900         1.643
   470 T      0.982*        1.771
   471 L      0.720         1.362
   472 C      0.727         1.373
   474 Q      0.953*        1.727
   475 F      0.966*        1.747
   479 P      0.939         1.705
   480 N      0.911         1.660
   482 -      0.653         1.258
   483 -      0.653         1.258
   484 -      0.653         1.258
   485 -      0.653         1.258
   486 -      0.653         1.258
   487 -      0.653         1.258
   488 -      0.653         1.258
   489 -      0.653         1.258
   490 -      0.653         1.258
   491 -      0.653         1.258
   492 -      0.653         1.258
   493 -      0.653         1.258
   494 -      0.653         1.258
   495 -      0.653         1.258


lnL = -4158.257958

Bayes Empirical Bayes (BEB) probabilities for 3 classes (class) & postmean_w
(amino acids refer to 1st sequence: aotNan_HSFX3_XM_021667856)

   1 M   0.85003 0.12764 0.02233 ( 1)  0.351 +-  0.389
   2 A   0.70230 0.23439 0.06331 ( 1)  0.517 +-  0.549
   3 -   0.26438 0.38138 0.35424 ( 2)  1.273 +-  0.909
   4 -   0.26438 0.38138 0.35424 ( 2)  1.273 +-  0.909
   5 S   0.78107 0.17477 0.04416 ( 1)  0.432 +-  0.490
   6 Q   0.36247 0.46011 0.17743 ( 2)  0.930 +-  0.685
   7 N   0.09187 0.52063 0.38750 ( 2)  1.425 +-  0.761
   8 T   0.23977 0.49141 0.26882 ( 2)  1.149 +-  0.755
   9 E   0.08408 0.45707 0.45886 ( 3)  1.552 +-  0.824
  10 Q   0.25901 0.49994 0.24105 ( 2)  1.093 +-  0.724
  11 E   0.04026 0.43148 0.52825 ( 3)  1.683 +-  0.806
  12 Y   0.71875 0.22612 0.05513 ( 1)  0.495 +-  0.525
  13 -   0.26438 0.38138 0.35424 ( 2)  1.273 +-  0.909
  14 -   0.26438 0.38138 0.35424 ( 2)  1.273 +-  0.909
  15 -   0.26438 0.38138 0.35424 ( 2)  1.273 +-  0.909
  16 -   0.26438 0.38138 0.35424 ( 2)  1.273 +-  0.909
  17 E   0.75355 0.19848 0.04797 ( 1)  0.458 +-  0.501
  18 A   0.42380 0.39299 0.18321 ( 1)  0.890 +-  0.738
  19 K   0.44648 0.38793 0.16559 ( 1)  0.847 +-  0.713
  20 L   0.35111 0.39901 0.24988 ( 2)  1.043 +-  0.816
  21 A   0.28813 0.49019 0.22168 ( 2)  1.044 +-  0.712
  22 P   0.63936 0.27608 0.08456 ( 1)  0.594 +-  0.601
  23 S   0.05018 0.41221 0.53761 ( 3)  1.699 +-  0.831
  24 V   0.08533 0.50293 0.41174 ( 2)  1.470 +-  0.780
  25 G   0.73025 0.21156 0.05818 ( 1)  0.490 +-  0.538
  26 G   0.68845 0.25004 0.06150 ( 1)  0.525 +-  0.539
  27 E   0.34234 0.42838 0.22928 ( 2)  1.023 +-  0.773
  28 P   0.17570 0.49732 0.32699 ( 2)  1.279 +-  0.778
  29 T   0.36947 0.39892 0.23160 ( 2)  1.002 +-  0.797
  30 S   0.43173 0.39111 0.17716 ( 1)  0.875 +-  0.730
  31 G   0.40983 0.39577 0.19439 ( 1)  0.916 +-  0.752
  32 G   0.43419 0.39125 0.17456 ( 1)  0.869 +-  0.725
  33 P   0.34883 0.39884 0.25234 ( 2)  1.049 +-  0.819
  34 S   0.08197 0.38534 0.53268 ( 3)  1.678 +-  0.875
  35 S   0.10691 0.43223 0.46086 ( 3)  1.539 +-  0.848
  36 S   0.34095 0.39836 0.26070 ( 2)  1.068 +-  0.828
  37 S   0.33219 0.39760 0.27020 ( 2)  1.089 +-  0.837
  38 P   0.35482 0.39907 0.24611 ( 2)  1.035 +-  0.813
  39 D   0.42426 0.39296 0.18279 ( 1)  0.889 +-  0.737
  40 P   0.34883 0.39884 0.25234 ( 2)  1.049 +-  0.819
  41 N   0.42522 0.39296 0.18182 ( 1)  0.887 +-  0.735
  42 V   0.01395 0.22290 0.76315 ( 3)  2.123 +-  0.839
  43 D   0.40192 0.43594 0.16214 ( 2)  0.879 +-  0.676
  44 S   0.74177 0.21353 0.04470 ( 1)  0.463 +-  0.488
  45 R   0.08590 0.48158 0.43253 ( 2)  1.503 +-  0.798
  46 E   0.34881 0.47373 0.17746 ( 2)  0.937 +-  0.672
  47 L   0.00676 0.20444 0.78880 ( 3)  2.164 +-  0.810
  48 L   0.57955 0.31120 0.10925 ( 1)  0.673 +-  0.649
  49 D   0.48862 0.40232 0.10907 ( 1)  0.742 +-  0.597
  50 R   0.41646 0.44795 0.13560 ( 2)  0.830 +-  0.623
  51 H   0.40485 0.45136 0.14378 ( 2)  0.851 +-  0.636
  52 E   0.07152 0.53720 0.39128 ( 2)  1.446 +-  0.749
  53 D   0.10282 0.54753 0.34966 ( 2)  1.358 +-  0.731
  54 Q   0.09043 0.51371 0.39586 ( 2)  1.441 +-  0.771
  55 A   0.74619 0.20143 0.05238 ( 1)  0.469 +-  0.517
  56 V   0.02595 0.38644 0.58762 ( 3)  1.793 +-  0.818
  57 S   0.09387 0.54045 0.36568 ( 2)  1.388 +-  0.739
  58 -   0.26438 0.38138 0.35424 ( 2)  1.273 +-  0.909
  59 -   0.26438 0.38138 0.35424 ( 2)  1.273 +-  0.909
  60 -   0.26438 0.38138 0.35424 ( 2)  1.273 +-  0.909
  61 -   0.26438 0.38138 0.35424 ( 2)  1.273 +-  0.909
  62 -   0.26438 0.38138 0.35424 ( 2)  1.273 +-  0.909
  63 -   0.26438 0.38138 0.35424 ( 2)  1.273 +-  0.909
  64 Q   0.26843 0.47593 0.25564 ( 2)  1.111 +-  0.759
  65 D   0.13827 0.55403 0.30770 ( 2)  1.272 +-  0.717
  66 S   0.15730 0.45976 0.38294 ( 2)  1.385 +-  0.833
  67 G   0.73909 0.21253 0.04838 ( 1)  0.470 +-  0.502
  68 S   0.23558 0.47881 0.28562 ( 2)  1.180 +-  0.779
  69 Q   0.26843 0.47593 0.25564 ( 2)  1.111 +-  0.759
  70 -   0.26438 0.38138 0.35424 ( 2)  1.273 +-  0.909
  71 -   0.26438 0.38138 0.35424 ( 2)  1.273 +-  0.909
  72 -   0.26438 0.38138 0.35424 ( 2)  1.273 +-  0.909
  73 -   0.26438 0.38138 0.35424 ( 2)  1.273 +-  0.909
  74 -   0.26438 0.38138 0.35424 ( 2)  1.273 +-  0.909
  75 -   0.26438 0.38138 0.35424 ( 2)  1.273 +-  0.909
  76 -   0.26438 0.38138 0.35424 ( 2)  1.273 +-  0.909
  77 -   0.26438 0.38138 0.35424 ( 2)  1.273 +-  0.909
  78 -   0.26438 0.38138 0.35424 ( 2)  1.273 +-  0.909
  79 -   0.26438 0.38138 0.35424 ( 2)  1.273 +-  0.909
  80 -   0.26438 0.38138 0.35424 ( 2)  1.273 +-  0.909
  81 -   0.26438 0.38138 0.35424 ( 2)  1.273 +-  0.909
  82 -   0.26438 0.38138 0.35424 ( 2)  1.273 +-  0.909
  83 -   0.26438 0.38138 0.35424 ( 2)  1.273 +-  0.909
  84 -   0.26438 0.38138 0.35424 ( 2)  1.273 +-  0.909
  85 -   0.26438 0.38138 0.35424 ( 2)  1.273 +-  0.909
  86 -   0.26438 0.38138 0.35424 ( 2)  1.273 +-  0.909
  87 -   0.26438 0.38138 0.35424 ( 2)  1.273 +-  0.909
  88 -   0.26438 0.38138 0.35424 ( 2)  1.273 +-  0.909
  89 -   0.26438 0.38138 0.35424 ( 2)  1.273 +-  0.909
  90 -   0.26438 0.38138 0.35424 ( 2)  1.273 +-  0.909
  91 -   0.26438 0.38138 0.35424 ( 2)  1.273 +-  0.909
  92 -   0.26438 0.38138 0.35424 ( 2)  1.273 +-  0.909
  93 D   0.03966 0.40301 0.55733 ( 3)  1.733 +-  0.820
  94 N   0.51501 0.38054 0.10445 ( 1)  0.717 +-  0.598
  95 P   0.16440 0.48107 0.35453 ( 2)  1.332 +-  0.804
  96 Q   0.23141 0.46146 0.30713 ( 2)  1.219 +-  0.811
  97 P   0.04391 0.38836 0.56773 ( 3)  1.757 +-  0.843
  98 E   0.07213 0.46011 0.46776 ( 3)  1.571 +-  0.815
  99 D   0.26358 0.55405 0.18237 ( 2)  1.004 +-  0.618
 100 Q   0.15543 0.48954 0.35504 ( 2)  1.337 +-  0.795
 101 N   0.47738 0.37877 0.14385 ( 1)  0.793 +-  0.681
 102 Q   0.36433 0.39935 0.23632 ( 2)  1.013 +-  0.802
 103 R   0.40556 0.39644 0.19800 ( 1)  0.925 +-  0.756
 104 V   0.39588 0.39756 0.20656 ( 2)  0.945 +-  0.767
 105 A   0.11431 0.44217 0.44353 ( 3)  1.506 +-  0.841
 106 S   0.13833 0.47461 0.38707 ( 2)  1.398 +-  0.809
 107 M   0.02342 0.30297 0.67360 ( 3)  1.950 +-  0.843
 108 E   0.41097 0.39552 0.19350 ( 1)  0.914 +-  0.751
 109 D   0.47505 0.37979 0.14516 ( 1)  0.797 +-  0.683
 110 N   0.47738 0.37877 0.14385 ( 1)  0.793 +-  0.681
 111 R   0.02192 0.29230 0.68578 ( 3)  1.973 +-  0.843
 112 N   0.47738 0.37877 0.14385 ( 1)  0.793 +-  0.681
 113 L   0.35251 0.39913 0.24836 ( 2)  1.040 +-  0.815
 114 F   0.35508 0.39946 0.24546 ( 2)  1.034 +-  0.811
 115 R   0.11862 0.44988 0.43150 ( 2)  1.483 +-  0.834
 116 L   0.36303 0.39936 0.23761 ( 2)  1.016 +-  0.803
 117 S   0.09908 0.41927 0.48165 ( 3)  1.580 +-  0.856
 118 F   0.39093 0.39850 0.21057 ( 2)  0.954 +-  0.771
 119 P   0.34883 0.39884 0.25234 ( 2)  1.049 +-  0.819
 120 R   0.39219 0.39803 0.20978 ( 2)  0.952 +-  0.771
 121 K   0.44648 0.38793 0.16559 ( 1)  0.847 +-  0.713
 122 L   0.35701 0.39923 0.24376 ( 2)  1.030 +-  0.810
 123 W   0.34979 0.39918 0.25103 ( 2)  1.046 +-  0.817
 124 M   0.12765 0.46185 0.41050 ( 2)  1.443 +-  0.823
 125 M   0.11446 0.44425 0.44129 ( 2)  1.502 +-  0.838
 126 V   0.39588 0.39756 0.20656 ( 2)  0.945 +-  0.767
 127 E   0.44346 0.38886 0.16768 ( 1)  0.853 +-  0.716
 128 E   0.41097 0.39552 0.19350 ( 1)  0.914 +-  0.751
 129 D   0.47505 0.37979 0.14516 ( 1)  0.797 +-  0.683
 130 T   0.36947 0.39892 0.23160 ( 2)  1.002 +-  0.797
 131 F   0.39093 0.39850 0.21057 ( 2)  0.954 +-  0.771
 132 Q   0.10538 0.43003 0.46458 ( 3)  1.547 +-  0.849
 133 S   0.35096 0.39914 0.24990 ( 2)  1.043 +-  0.816
 134 V   0.09502 0.41085 0.49413 ( 3)  1.604 +-  0.862
 135 N   0.12276 0.45643 0.42082 ( 2)  1.463 +-  0.828
 136 W   0.34979 0.39918 0.25103 ( 2)  1.046 +-  0.817
 137 N   0.47503 0.37930 0.14567 ( 1)  0.798 +-  0.684
 138 D   0.10620 0.42950 0.46430 ( 3)  1.546 +-  0.851
 139 D   0.42383 0.39320 0.18297 ( 1)  0.889 +-  0.737
 140 G   0.37082 0.39910 0.23007 ( 2)  0.999 +-  0.795
 141 D   0.44466 0.38750 0.16785 ( 1)  0.852 +-  0.717
 142 A   0.39848 0.39697 0.20455 ( 1)  0.940 +-  0.765
 143 V   0.10084 0.42282 0.47634 ( 3)  1.569 +-  0.854
 144 I   0.43488 0.39129 0.17383 ( 1)  0.868 +-  0.724
 145 I   0.43488 0.39129 0.17383 ( 1)  0.868 +-  0.724
 146 E   0.12728 0.46036 0.41235 ( 2)  1.446 +-  0.825
 147 K   0.44648 0.38793 0.16559 ( 1)  0.847 +-  0.713
 148 D   0.42242 0.39361 0.18397 ( 1)  0.892 +-  0.738
 149 L   0.39185 0.39800 0.21014 ( 2)  0.953 +-  0.771
 150 L   0.09333 0.40905 0.49762 ( 3)  1.610 +-  0.862
 151 Q   0.38565 0.39844 0.21591 ( 2)  0.966 +-  0.778
 152 R   0.42936 0.39253 0.17812 ( 1)  0.878 +-  0.730
 153 E   0.44346 0.38886 0.16768 ( 1)  0.853 +-  0.716
 154 I   0.09333 0.40852 0.49815 ( 3)  1.611 +-  0.863
 155 L   0.35251 0.39913 0.24836 ( 2)  1.040 +-  0.815
 156 Q   0.36433 0.39935 0.23632 ( 2)  1.013 +-  0.802
 157 R   0.37117 0.39898 0.22985 ( 2)  0.998 +-  0.795
 158 R   0.09994 0.42061 0.47945 ( 3)  1.575 +-  0.855
 159 G   0.41084 0.39532 0.19384 ( 1)  0.915 +-  0.751
 160 A   0.36819 0.39902 0.23279 ( 2)  1.005 +-  0.798
 161 E   0.44346 0.38886 0.16768 ( 1)  0.853 +-  0.716
 162 K   0.12508 0.45634 0.41858 ( 2)  1.458 +-  0.829
 163 I   0.43488 0.39129 0.17383 ( 1)  0.868 +-  0.724
 164 F   0.39093 0.39850 0.21057 ( 2)  0.954 +-  0.771
 165 K   0.10910 0.43457 0.45633 ( 3)  1.531 +-  0.847
 166 T   0.36947 0.39892 0.23160 ( 2)  1.002 +-  0.797
 167 D   0.11177 0.43959 0.44864 ( 3)  1.516 +-  0.843
 168 S   0.13623 0.44488 0.41889 ( 2)  1.458 +-  0.845
 169 L   0.57955 0.31120 0.10925 ( 1)  0.673 +-  0.649
 170 K   0.06082 0.48844 0.45074 ( 2)  1.549 +-  0.788
 171 S   0.18154 0.56666 0.25180 ( 2)  1.160 +-  0.677
 172 F   0.04436 0.37682 0.57882 ( 3)  1.775 +-  0.847
 173 I   0.36016 0.46341 0.17643 ( 2)  0.929 +-  0.680
 174 R   0.75317 0.20217 0.04465 ( 1)  0.454 +-  0.489
 175 Q   0.16818 0.49749 0.33433 ( 2)  1.297 +-  0.782
 176 -   0.26438 0.38138 0.35424 ( 2)  1.273 +-  0.909
 177 L   0.12393 0.44651 0.42956 ( 2)  1.483 +-  0.848
 178 N   0.18050 0.50381 0.31569 ( 2)  1.262 +-  0.770
 179 L   0.26898 0.49934 0.23168 ( 2)  1.072 +-  0.716
 180 -   0.26438 0.38138 0.35424 ( 2)  1.273 +-  0.909
 181 -   0.26438 0.38138 0.35424 ( 2)  1.273 +-  0.909
 182 -   0.26438 0.38138 0.35424 ( 2)  1.273 +-  0.909
 183 Y   0.36392 0.46507 0.17100 ( 2)  0.919 +-  0.672
 184 G   0.69977 0.23488 0.06535 ( 1)  0.523 +-  0.557
 185 F   0.37031 0.47717 0.15252 ( 2)  0.887 +-  0.634
 186 R   0.07329 0.43035 0.49636 ( 3)  1.623 +-  0.844
 187 K   0.18309 0.54869 0.26821 ( 2)  1.185 +-  0.704
 188 I   0.03247 0.35667 0.61086 ( 3)  1.837 +-  0.845
 189 R   0.75317 0.20217 0.04465 ( 1)  0.454 +-  0.489
 190 A   0.01301 0.28447 0.70253 ( 3)  2.007 +-  0.833
 191 S   0.10753 0.59159 0.30089 ( 2)  1.281 +-  0.680
 192 T   0.11095 0.47513 0.41392 ( 2)  1.460 +-  0.810
 193 S   0.21622 0.48634 0.29744 ( 2)  1.209 +-  0.778
 194 P   0.06192 0.45519 0.48289 ( 3)  1.600 +-  0.811
 195 R   0.21837 0.49067 0.29095 ( 2)  1.198 +-  0.772
 196 D   0.12761 0.51346 0.35893 ( 2)  1.361 +-  0.770
 197 K   0.01968 0.32549 0.65484 ( 3)  1.916 +-  0.832
 198 N   0.04042 0.47016 0.48942 ( 3)  1.621 +-  0.789
 199 V   0.09482 0.48387 0.42131 ( 2)  1.483 +-  0.804
 200 M   0.45232 0.38759 0.16009 ( 1)  0.835 +-  0.704
 201 I   0.43488 0.39129 0.17383 ( 1)  0.868 +-  0.724
 202 Y   0.41343 0.39536 0.19121 ( 1)  0.909 +-  0.747
 203 H   0.02244 0.29541 0.68214 ( 3)  1.966 +-  0.843
 204 N   0.14013 0.47381 0.38606 ( 2)  1.395 +-  0.811
 205 S   0.38975 0.39834 0.21191 ( 2)  0.957 +-  0.773
 206 N   0.11543 0.44448 0.44009 ( 2)  1.500 +-  0.839
 207 F   0.35508 0.39946 0.24546 ( 2)  1.034 +-  0.811
 208 Q   0.38565 0.39844 0.21591 ( 2)  0.966 +-  0.778
 209 R   0.39219 0.39803 0.20978 ( 2)  0.952 +-  0.771
 210 G   0.13002 0.46495 0.40502 ( 2)  1.432 +-  0.820
 211 K   0.77854 0.17931 0.04215 ( 1)  0.430 +-  0.480
 212 P   0.71289 0.22856 0.05855 ( 1)  0.503 +-  0.534
 213 W   0.09451 0.41097 0.49452 ( 3)  1.604 +-  0.861
 214 L   0.39185 0.39800 0.21014 ( 2)  0.953 +-  0.771
 215 L   0.35111 0.39901 0.24988 ( 2)  1.043 +-  0.816
 216 E   0.44346 0.38886 0.16768 ( 1)  0.853 +-  0.716
 217 N   0.42969 0.39106 0.17926 ( 1)  0.880 +-  0.733
 218 I   0.43488 0.39129 0.17383 ( 1)  0.868 +-  0.724
 219 R   0.09253 0.40727 0.50020 ( 3)  1.615 +-  0.863
 220 R   0.39219 0.39803 0.20978 ( 2)  0.952 +-  0.771
 221 N   0.01818 0.26320 0.71862 ( 3)  2.036 +-  0.843
 222 G   0.01998 0.27690 0.70311 ( 3)  2.006 +-  0.843
 223 D   0.00078 0.07354 0.92567 ( 3)  2.419 +-  0.728
 224 L   0.01895 0.26843 0.71262 ( 3)  2.025 +-  0.843
 225 R   0.35017 0.35608 0.29374 ( 2)  1.112 +-  0.886
 226 N   0.01393 0.32443 0.66163 ( 3)  1.924 +-  0.815
 227 A   0.25791 0.46873 0.27336 ( 2)  1.145 +-  0.778
 228 T   0.00600 0.20388 0.79012 ( 3)  2.164 +-  0.804
 229 Q   0.71878 0.22814 0.05308 ( 1)  0.491 +-  0.516
 230 Q   0.23193 0.49439 0.27369 ( 2)  1.161 +-  0.756
 231 A   0.07445 0.49128 0.43427 ( 2)  1.510 +-  0.784
 232 T   0.73626 0.20792 0.05582 ( 1)  0.481 +-  0.528
 233 H   0.09994 0.48730 0.41276 ( 2)  1.467 +-  0.803
 234 V   0.25291 0.47296 0.27413 ( 2)  1.149 +-  0.774
 235 P   0.61564 0.29272 0.09164 ( 1)  0.621 +-  0.612
 236 A   0.09158 0.40502 0.50339 ( 3)  1.622 +-  0.865
 237 P   0.05601 0.36232 0.58167 ( 3)  1.788 +-  0.886
 238 K   0.35351 0.47167 0.17482 ( 2)  0.931 +-  0.670
 239 R   0.61658 0.27000 0.11342 ( 1)  0.650 +-  0.673
 240 S   0.00114 0.08512 0.91374 ( 3)  2.399 +-  0.742
 241 K   0.02637 0.36079 0.61284 ( 3)  1.842 +-  0.834
 242 L   0.28270 0.48259 0.23471 ( 2)  1.071 +-  0.738
 243 V   0.03047 0.35119 0.61834 ( 3)  1.845 +-  0.834
 244 P   0.05454 0.38894 0.55652 ( 3)  1.737 +-  0.858
 245 I   0.09784 0.41684 0.48532 ( 3)  1.587 +-  0.858
 246 R   0.09521 0.41179 0.49300 ( 3)  1.601 +-  0.861
 247 H   0.11253 0.44082 0.44664 ( 3)  1.512 +-  0.841
 248 P   0.09818 0.41756 0.48427 ( 3)  1.585 +-  0.857
 249 L   0.33043 0.39743 0.27213 ( 2)  1.093 +-  0.839
 250 Q   0.03492 0.28660 0.67849 ( 3)  1.959 +-  0.869
 251 I   0.43488 0.39129 0.17383 ( 1)  0.868 +-  0.724
 252 H   0.23267 0.47258 0.29475 ( 2)  1.195 +-  0.790
 253 H   0.45019 0.43083 0.11897 ( 1)  0.784 +-  0.603
 254 S   0.01730 0.32726 0.65544 ( 3)  1.915 +-  0.824
 255 N   0.00727 0.25523 0.73750 ( 3)  2.063 +-  0.809
 256 D   0.31422 0.43495 0.25083 ( 2)  1.075 +-  0.789
 257 K   0.08948 0.48186 0.42866 ( 2)  1.496 +-  0.800
 258 D   0.01863 0.33655 0.64482 ( 3)  1.899 +-  0.829
 259 A   0.00264 0.12147 0.87589 ( 3)  2.332 +-  0.775
 260 A   0.06074 0.42989 0.50937 ( 3)  1.648 +-  0.832
 261 I   0.12909 0.55857 0.31233 ( 2)  1.285 +-  0.714
 262 E   0.00046 0.06523 0.93431 ( 3)  2.433 +-  0.718
 263 M   0.09236 0.52459 0.38305 ( 2)  1.418 +-  0.757
 264 S   0.02259 0.32980 0.64761 ( 3)  1.910 +-  0.847
 265 Q   0.04890 0.45030 0.50080 ( 3)  1.635 +-  0.804
 266 G   0.00885 0.20119 0.78996 ( 3)  2.175 +-  0.827
 267 G   0.68845 0.25004 0.06150 ( 1)  0.525 +-  0.539
 268 T   0.05413 0.38944 0.55643 ( 3)  1.735 +-  0.854
 269 P   0.06787 0.48737 0.44476 ( 2)  1.531 +-  0.785
 270 N   0.07973 0.46238 0.45789 ( 2)  1.550 +-  0.814
 271 V   0.37205 0.39914 0.22881 ( 2)  0.996 +-  0.793
 272 Q   0.38565 0.39844 0.21591 ( 2)  0.966 +-  0.778
 273 G   0.37264 0.39908 0.22828 ( 2)  0.995 +-  0.793
 274 P   0.08097 0.42594 0.49309 ( 3)  1.614 +-  0.851
 275 -   0.26438 0.38138 0.35424 ( 2)  1.273 +-  0.909
 276 S   0.78055 0.18103 0.03843 ( 1)  0.425 +-  0.467
 277 G   0.78825 0.17262 0.03913 ( 1)  0.420 +-  0.469
 278 T   0.72249 0.21688 0.06064 ( 1)  0.499 +-  0.545
 279 Q   0.38565 0.39844 0.21591 ( 2)  0.966 +-  0.778
 280 S   0.38975 0.39834 0.21191 ( 2)  0.957 +-  0.773
 281 F   0.76956 0.19652 0.03391 ( 1)  0.428 +-  0.448
 282 P   0.26438 0.38138 0.35424 ( 2)  1.273 +-  0.909
 283 C   0.26438 0.38138 0.35424 ( 2)  1.273 +-  0.909
 284 P   0.04772 0.32335 0.62892 ( 3)  1.870 +-  0.882
 285 -   0.26438 0.38138 0.35424 ( 2)  1.273 +-  0.909
 286 -   0.26438 0.38138 0.35424 ( 2)  1.273 +-  0.909
 287 -   0.26438 0.38138 0.35424 ( 2)  1.273 +-  0.909
 288 -   0.26438 0.38138 0.35424 ( 2)  1.273 +-  0.909
 289 -   0.26438 0.38138 0.35424 ( 2)  1.273 +-  0.909
 290 -   0.26438 0.38138 0.35424 ( 2)  1.273 +-  0.909
 291 -   0.26438 0.38138 0.35424 ( 2)  1.273 +-  0.909
 292 -   0.26438 0.38138 0.35424 ( 2)  1.273 +-  0.909
 293 -   0.26438 0.38138 0.35424 ( 2)  1.273 +-  0.909
 294 -   0.26438 0.38138 0.35424 ( 2)  1.273 +-  0.909
 295 -   0.26438 0.38138 0.35424 ( 2)  1.273 +-  0.909
 296 -   0.26438 0.38138 0.35424 ( 2)  1.273 +-  0.909
 297 -   0.26438 0.38138 0.35424 ( 2)  1.273 +-  0.909
 298 -   0.26438 0.38138 0.35424 ( 2)  1.273 +-  0.909
 299 -   0.26438 0.38138 0.35424 ( 2)  1.273 +-  0.909
 300 -   0.26438 0.38138 0.35424 ( 2)  1.273 +-  0.909
 301 H   0.06715 0.40462 0.52823 ( 3)  1.680 +-  0.855
 302 P   0.00843 0.22461 0.76696 ( 3)  2.130 +-  0.828
 303 G   0.73909 0.21253 0.04838 ( 1)  0.470 +-  0.502
 304 T   0.01047 0.26973 0.71980 ( 3)  2.029 +-  0.813
 305 -   0.26496 0.38160 0.35344 ( 2)  1.271 +-  0.908
 306 W   0.66939 0.27547 0.05514 ( 1)  0.530 +-  0.510
 307 P   0.06757 0.42892 0.50351 ( 3)  1.638 +-  0.842
 308 I   0.26438 0.38138 0.35424 ( 2)  1.273 +-  0.909
 309 Y   0.26438 0.38138 0.35424 ( 2)  1.273 +-  0.909
 310 V   0.00312 0.17591 0.82097 ( 3)  2.224 +-  0.794
 311 N   0.02122 0.37993 0.59885 ( 3)  1.811 +-  0.810
 312 P   0.00118 0.08482 0.91400 ( 3)  2.401 +-  0.743
 313 I   0.04544 0.39021 0.56435 ( 3)  1.750 +-  0.842
 314 T   0.37681 0.39862 0.22457 ( 2)  0.986 +-  0.789
 315 G   0.02167 0.29019 0.68814 ( 3)  1.977 +-  0.843
 316 H   0.09877 0.41829 0.48293 ( 3)  1.582 +-  0.857
 317 P   0.71457 0.22761 0.05782 ( 1)  0.501 +-  0.532
 318 P   0.07401 0.47151 0.45448 ( 2)  1.547 +-  0.806
 319 -   0.26438 0.38138 0.35424 ( 2)  1.273 +-  0.909
 320 -   0.26438 0.38138 0.35424 ( 2)  1.273 +-  0.909
 321 G   0.03168 0.34778 0.62053 ( 3)  1.849 +-  0.837
 322 Y   0.01032 0.24309 0.74659 ( 3)  2.088 +-  0.827
 323 G   0.08011 0.47467 0.44523 ( 2)  1.528 +-  0.804
 324 P   0.29651 0.45804 0.24545 ( 2)  1.078 +-  0.766
 325 P   0.30212 0.49157 0.20631 ( 2)  1.013 +-  0.698
 326 Q   0.70088 0.24095 0.05817 ( 1)  0.512 +-  0.531
 327 -   0.26438 0.38138 0.35424 ( 2)  1.273 +-  0.909
 328 -   0.26438 0.38138 0.35424 ( 2)  1.273 +-  0.909
 329 -   0.26438 0.38138 0.35424 ( 2)  1.273 +-  0.909
 330 -   0.26438 0.38138 0.35424 ( 2)  1.273 +-  0.909
 331 -   0.26438 0.38138 0.35424 ( 2)  1.273 +-  0.909
 332 -   0.26438 0.38138 0.35424 ( 2)  1.273 +-  0.909
 333 -   0.26438 0.38138 0.35424 ( 2)  1.273 +-  0.909
 334 -   0.26438 0.38138 0.35424 ( 2)  1.273 +-  0.909
 335 -   0.26438 0.38138 0.35424 ( 2)  1.273 +-  0.909
 336 -   0.26438 0.38138 0.35424 ( 2)  1.273 +-  0.909
 337 -   0.26438 0.38138 0.35424 ( 2)  1.273 +-  0.909
 338 E   0.30571 0.48034 0.21395 ( 2)  1.022 +-  0.714
 339 P   0.05545 0.42536 0.51920 ( 3)  1.665 +-  0.827
 340 N   0.17297 0.55876 0.26828 ( 2)  1.191 +-  0.694
 341 D   0.30246 0.44792 0.24962 ( 2)  1.079 +-  0.774
 342 P   0.03710 0.37044 0.59245 ( 3)  1.799 +-  0.838
 343 N   0.27362 0.45062 0.27576 ( 2)  1.141 +-  0.796
 344 R   0.00120 0.11211 0.88669 ( 3)  2.345 +-  0.757
 345 E   0.34881 0.47373 0.17746 ( 2)  0.937 +-  0.672
 346 G   0.28703 0.49529 0.21768 ( 2)  1.039 +-  0.704
 347 T   0.08489 0.52288 0.39223 ( 2)  1.438 +-  0.760
 348 S   0.62159 0.29243 0.08598 ( 1)  0.609 +-  0.599
 349 G   0.09585 0.41343 0.49072 ( 3)  1.597 +-  0.860
 350 N   0.42522 0.39296 0.18182 ( 1)  0.887 +-  0.735
 351 D   0.10725 0.43123 0.46152 ( 3)  1.541 +-  0.849
 352 A   0.01342 0.21589 0.77069 ( 3)  2.138 +-  0.839
 353 F   0.01471 0.31051 0.67479 ( 3)  1.955 +-  0.831
 354 A   0.25095 0.46236 0.28669 ( 2)  1.173 +-  0.796
 355 S   0.04804 0.42038 0.53159 ( 3)  1.688 +-  0.823
 356 -   0.26438 0.38138 0.35424 ( 2)  1.273 +-  0.909
 357 -   0.26438 0.38138 0.35424 ( 2)  1.273 +-  0.909
 358 -   0.26438 0.38138 0.35424 ( 2)  1.273 +-  0.909
 359 -   0.26438 0.38138 0.35424 ( 2)  1.273 +-  0.909
 360 -   0.26438 0.38138 0.35424 ( 2)  1.273 +-  0.909
 361 S   0.66562 0.26829 0.06608 ( 1)  0.548 +-  0.548
 362 A   0.69801 0.23248 0.06951 ( 1)  0.529 +-  0.570
 363 T   0.22236 0.49921 0.27843 ( 2)  1.174 +-  0.753
 364 A   0.01624 0.28210 0.70166 ( 3)  2.005 +-  0.838
 365 G   0.01476 0.29428 0.69095 ( 3)  1.984 +-  0.832
 366 -   0.26438 0.38138 0.35424 ( 2)  1.273 +-  0.909
 367 M   0.85003 0.12764 0.02233 ( 1)  0.351 +-  0.389
 368 E   0.02977 0.40270 0.56752 ( 3)  1.759 +-  0.819
 369 S   0.34721 0.43282 0.21998 ( 2)  1.004 +-  0.756
 370 -   0.26438 0.38138 0.35424 ( 2)  1.273 +-  0.909
 371 -   0.26438 0.38138 0.35424 ( 2)  1.273 +-  0.909
 372 A   0.23400 0.41781 0.34819 ( 2)  1.287 +-  0.873
 373 R   0.04682 0.44699 0.50619 ( 3)  1.646 +-  0.807
 374 E   0.00333 0.15119 0.84547 ( 3)  2.270 +-  0.786
 375 V   0.03431 0.34963 0.61606 ( 3)  1.845 +-  0.848
 376 P   0.00113 0.09868 0.90019 ( 3)  2.371 +-  0.748
 377 S   0.35450 0.41396 0.23154 ( 2)  1.021 +-  0.788
 378 S   0.19345 0.55276 0.25380 ( 2)  1.156 +-  0.690
 379 L   0.63063 0.28969 0.07968 ( 1)  0.593 +-  0.581
 380 -   0.26438 0.38138 0.35424 ( 2)  1.273 +-  0.909
 381 -   0.26438 0.38138 0.35424 ( 2)  1.273 +-  0.909
 382 -   0.26438 0.38138 0.35424 ( 2)  1.273 +-  0.909
 383 -   0.26438 0.38138 0.35424 ( 2)  1.273 +-  0.909
 384 V   0.69101 0.23462 0.07437 ( 1)  0.543 +-  0.587
 385 C   0.08045 0.45651 0.46304 ( 3)  1.559 +-  0.820
 386 P   0.03738 0.33465 0.62798 ( 3)  1.876 +-  0.875
 387 D   0.12356 0.53960 0.33684 ( 2)  1.328 +-  0.740
 388 I   0.14828 0.48478 0.36694 ( 2)  1.366 +-  0.806
 389 S   0.01228 0.31758 0.67014 ( 3)  1.942 +-  0.818
 390 S   0.05573 0.49518 0.44908 ( 2)  1.545 +-  0.776
 391 L   0.01501 0.26689 0.71809 ( 3)  2.042 +-  0.847
 392 M   0.16396 0.53274 0.30329 ( 2)  1.252 +-  0.737
 393 F   0.03535 0.36417 0.60049 ( 3)  1.816 +-  0.843
 394 S   0.10565 0.37969 0.51466 ( 3)  1.637 +-  0.896
 395 C   0.09839 0.41785 0.48377 ( 3)  1.584 +-  0.857
 396 N   0.02074 0.28230 0.69697 ( 3)  1.995 +-  0.844
 397 V   0.00380 0.14742 0.84878 ( 3)  2.279 +-  0.789
 398 C   0.37905 0.39871 0.22224 ( 2)  0.981 +-  0.786
 399 Y   0.10667 0.43229 0.46104 ( 3)  1.540 +-  0.847
 400 S   0.09917 0.41909 0.48174 ( 3)  1.580 +-  0.857
 401 I   0.01761 0.25718 0.72521 ( 3)  2.049 +-  0.843
 402 L   0.23469 0.48529 0.28003 ( 2)  1.170 +-  0.768
 403 L   0.05558 0.43259 0.51183 ( 3)  1.654 +-  0.827
 404 A   0.40314 0.44650 0.15036 ( 2)  0.861 +-  0.650
 405 S   0.08304 0.50980 0.40716 ( 2)  1.463 +-  0.772
 406 L   0.73216 0.21870 0.04914 ( 1)  0.476 +-  0.503
 407 -   0.26438 0.38138 0.35424 ( 2)  1.273 +-  0.909
 408 -   0.26438 0.38138 0.35424 ( 2)  1.273 +-  0.909
 409 -   0.26438 0.38138 0.35424 ( 2)  1.273 +-  0.909
 410 -   0.26438 0.38138 0.35424 ( 2)  1.273 +-  0.909
 411 -   0.26438 0.38138 0.35424 ( 2)  1.273 +-  0.909
 412 -   0.26438 0.38138 0.35424 ( 2)  1.273 +-  0.909
 413 -   0.26438 0.38138 0.35424 ( 2)  1.273 +-  0.909
 414 -   0.26438 0.38138 0.35424 ( 2)  1.273 +-  0.909
 415 -   0.26438 0.38138 0.35424 ( 2)  1.273 +-  0.909
 416 -   0.26438 0.38138 0.35424 ( 2)  1.273 +-  0.909
 417 -   0.26438 0.38138 0.35424 ( 2)  1.273 +-  0.909
 418 -   0.26438 0.38138 0.35424 ( 2)  1.273 +-  0.909
 419 -   0.26438 0.38138 0.35424 ( 2)  1.273 +-  0.909
 420 -   0.26438 0.38138 0.35424 ( 2)  1.273 +-  0.909
 421 -   0.26438 0.38138 0.35424 ( 2)  1.273 +-  0.909
 422 -   0.26438 0.38138 0.35424 ( 2)  1.273 +-  0.909
 423 -   0.26438 0.38138 0.35424 ( 2)  1.273 +-  0.909
 424 -   0.26438 0.38138 0.35424 ( 2)  1.273 +-  0.909
 425 -   0.26438 0.38138 0.35424 ( 2)  1.273 +-  0.909
 426 -   0.26438 0.38138 0.35424 ( 2)  1.273 +-  0.909
 427 -   0.26438 0.38138 0.35424 ( 2)  1.273 +-  0.909
 428 -   0.26438 0.38138 0.35424 ( 2)  1.273 +-  0.909
 429 -   0.26438 0.38138 0.35424 ( 2)  1.273 +-  0.909
 430 -   0.26438 0.38138 0.35424 ( 2)  1.273 +-  0.909
 431 -   0.26438 0.38138 0.35424 ( 2)  1.273 +-  0.909
 432 -   0.26438 0.38138 0.35424 ( 2)  1.273 +-  0.909
 433 -   0.26438 0.38138 0.35424 ( 2)  1.273 +-  0.909
 434 -   0.26438 0.38138 0.35424 ( 2)  1.273 +-  0.909
 435 -   0.26438 0.38138 0.35424 ( 2)  1.273 +-  0.909
 436 -   0.26438 0.38138 0.35424 ( 2)  1.273 +-  0.909
 437 -   0.26438 0.38138 0.35424 ( 2)  1.273 +-  0.909
 438 -   0.26438 0.38138 0.35424 ( 2)  1.273 +-  0.909
 439 -   0.26438 0.38138 0.35424 ( 2)  1.273 +-  0.909
 440 -   0.26438 0.38138 0.35424 ( 2)  1.273 +-  0.909
 441 -   0.26438 0.38138 0.35424 ( 2)  1.273 +-  0.909
 442 -   0.26438 0.38138 0.35424 ( 2)  1.273 +-  0.909
 443 L   0.13609 0.43271 0.43120 ( 2)  1.476 +-  0.858
 444 V   0.01090 0.22625 0.76285 ( 3)  2.122 +-  0.832
 445 M   0.35579 0.47140 0.17282 ( 2)  0.925 +-  0.666
 446 T   0.00689 0.22417 0.76894 ( 3)  2.126 +-  0.813
 447 P   0.21812 0.49016 0.29173 ( 2)  1.199 +-  0.772
 448 N   0.48437 0.39663 0.11900 ( 1)  0.760 +-  0.622
 449 E   0.34881 0.47373 0.17746 ( 2)  0.937 +-  0.672
 450 P   0.04075 0.42376 0.53549 ( 3)  1.696 +-  0.812
 451 S   0.00747 0.23460 0.75794 ( 3)  2.106 +-  0.816
 452 D   0.01316 0.34531 0.64153 ( 3)  1.887 +-  0.809
 453 D   0.00625 0.23820 0.75555 ( 3)  2.102 +-  0.814
 454 E   0.78478 0.17500 0.04021 ( 1)  0.423 +-  0.472
 455 E   0.46726 0.41341 0.11933 ( 1)  0.772 +-  0.612
 456 E   0.78478 0.17500 0.04021 ( 1)  0.423 +-  0.472
 457 E   0.29035 0.46372 0.24592 ( 2)  1.084 +-  0.765
 458 E   0.26438 0.38138 0.35424 ( 2)  1.273 +-  0.909
 459 E   0.01191 0.30591 0.68218 ( 3)  1.965 +-  0.821
 460 D   0.02675 0.41716 0.55609 ( 3)  1.741 +-  0.811
 461 -   0.26438 0.38138 0.35424 ( 2)  1.273 +-  0.909
 462 -   0.26438 0.38138 0.35424 ( 2)  1.273 +-  0.909
 463 -   0.26438 0.38138 0.35424 ( 2)  1.273 +-  0.909
 464 S   0.06484 0.47303 0.46213 ( 2)  1.562 +-  0.796
 465 S   0.23454 0.49308 0.27238 ( 2)  1.160 +-  0.760
 466 G   0.08863 0.44802 0.46335 ( 3)  1.557 +-  0.833
 467 Y   0.00675 0.23574 0.75752 ( 3)  2.111 +-  0.824
 468 N   0.03666 0.43667 0.52667 ( 3)  1.685 +-  0.806
 469 S   0.07980 0.43457 0.48563 ( 3)  1.608 +-  0.856
 470 T   0.01455 0.17640 0.80905 ( 3)  2.207 +-  0.829
 471 L   0.19465 0.47618 0.32916 ( 2)  1.273 +-  0.802
 472 C   0.19045 0.48893 0.32062 ( 2)  1.262 +-  0.786
 473 E   0.37806 0.43710 0.18484 ( 2)  0.930 +-  0.709
 474 Q   0.05101 0.47195 0.47704 ( 3)  1.595 +-  0.794
 475 F   0.03913 0.42825 0.53263 ( 3)  1.693 +-  0.810
 476 R   0.72917 0.21210 0.05873 ( 1)  0.492 +-  0.540
 477 N   0.42846 0.42185 0.14969 ( 1)  0.842 +-  0.663
 478 N   0.74822 0.19336 0.05842 ( 1)  0.476 +-  0.540
 479 P   0.05379 0.38524 0.56097 ( 3)  1.742 +-  0.856
 480 N   0.07596 0.43971 0.48433 ( 3)  1.598 +-  0.832
 481 P   0.63187 0.27944 0.08869 ( 1)  0.605 +-  0.611
 482 -   0.26438 0.38138 0.35424 ( 2)  1.273 +-  0.909
 483 -   0.26438 0.38138 0.35424 ( 2)  1.273 +-  0.909
 484 -   0.26438 0.38138 0.35424 ( 2)  1.273 +-  0.909
 485 -   0.26438 0.38138 0.35424 ( 2)  1.273 +-  0.909
 486 -   0.26438 0.38138 0.35424 ( 2)  1.273 +-  0.909
 487 -   0.26438 0.38138 0.35424 ( 2)  1.273 +-  0.909
 488 -   0.26438 0.38138 0.35424 ( 2)  1.273 +-  0.909
 489 -   0.26438 0.38138 0.35424 ( 2)  1.273 +-  0.909
 490 -   0.26438 0.38138 0.35424 ( 2)  1.273 +-  0.909
 491 -   0.26438 0.38138 0.35424 ( 2)  1.273 +-  0.909
 492 -   0.26438 0.38138 0.35424 ( 2)  1.273 +-  0.909
 493 -   0.26438 0.38138 0.35424 ( 2)  1.273 +-  0.909
 494 -   0.26438 0.38138 0.35424 ( 2)  1.273 +-  0.909
 495 -   0.26438 0.38138 0.35424 ( 2)  1.273 +-  0.909

Positively selected sites

	Prob(w>1)  mean w

    11 E      0.528         1.683 +- 0.806
    23 S      0.538         1.699 +- 0.831
    34 S      0.533         1.678 +- 0.875
    42 V      0.763         2.123 +- 0.839
    47 L      0.789         2.164 +- 0.810
    56 V      0.588         1.793 +- 0.818
    93 D      0.557         1.733 +- 0.820
    97 P      0.568         1.757 +- 0.843
   107 M      0.674         1.950 +- 0.843
   111 R      0.686         1.973 +- 0.843
   172 F      0.579         1.775 +- 0.847
   188 I      0.611         1.837 +- 0.845
   190 A      0.703         2.007 +- 0.833
   197 K      0.655         1.916 +- 0.832
   203 H      0.682         1.966 +- 0.843
   219 R      0.500         1.615 +- 0.863
   221 N      0.719         2.036 +- 0.843
   222 G      0.703         2.006 +- 0.843
   223 D      0.926         2.419 +- 0.728
   224 L      0.713         2.025 +- 0.843
   226 N      0.662         1.924 +- 0.815
   228 T      0.790         2.164 +- 0.804
   236 A      0.503         1.622 +- 0.865
   237 P      0.582         1.788 +- 0.886
   240 S      0.914         2.399 +- 0.742
   241 K      0.613         1.842 +- 0.834
   243 V      0.618         1.845 +- 0.834
   244 P      0.557         1.737 +- 0.858
   250 Q      0.678         1.959 +- 0.869
   254 S      0.655         1.915 +- 0.824
   255 N      0.737         2.063 +- 0.809
   258 D      0.645         1.899 +- 0.829
   259 A      0.876         2.332 +- 0.775
   260 A      0.509         1.648 +- 0.832
   262 E      0.934         2.433 +- 0.718
   264 S      0.648         1.910 +- 0.847
   265 Q      0.501         1.635 +- 0.804
   266 G      0.790         2.175 +- 0.827
   268 T      0.556         1.735 +- 0.854
   284 P      0.629         1.870 +- 0.882
   301 H      0.528         1.680 +- 0.855
   302 P      0.767         2.130 +- 0.828
   304 T      0.720         2.029 +- 0.813
   307 P      0.504         1.638 +- 0.842
   310 V      0.821         2.224 +- 0.794
   311 N      0.599         1.811 +- 0.810
   312 P      0.914         2.401 +- 0.743
   313 I      0.564         1.750 +- 0.842
   315 G      0.688         1.977 +- 0.843
   321 G      0.621         1.849 +- 0.837
   322 Y      0.747         2.088 +- 0.827
   339 P      0.519         1.665 +- 0.827
   342 P      0.592         1.799 +- 0.838
   344 R      0.887         2.345 +- 0.757
   352 A      0.771         2.138 +- 0.839
   353 F      0.675         1.955 +- 0.831
   355 S      0.532         1.688 +- 0.823
   364 A      0.702         2.005 +- 0.838
   365 G      0.691         1.984 +- 0.832
   368 E      0.568         1.759 +- 0.819
   373 R      0.506         1.646 +- 0.807
   374 E      0.845         2.270 +- 0.786
   375 V      0.616         1.845 +- 0.848
   376 P      0.900         2.371 +- 0.748
   386 P      0.628         1.876 +- 0.875
   389 S      0.670         1.942 +- 0.818
   391 L      0.718         2.042 +- 0.847
   393 F      0.600         1.816 +- 0.843
   394 S      0.515         1.637 +- 0.896
   396 N      0.697         1.995 +- 0.844
   397 V      0.849         2.279 +- 0.789
   401 I      0.725         2.049 +- 0.843
   403 L      0.512         1.654 +- 0.827
   444 V      0.763         2.122 +- 0.832
   446 T      0.769         2.126 +- 0.813
   450 P      0.535         1.696 +- 0.812
   451 S      0.758         2.106 +- 0.816
   452 D      0.642         1.887 +- 0.809
   453 D      0.756         2.102 +- 0.814
   459 E      0.682         1.965 +- 0.821
   460 D      0.556         1.741 +- 0.811
   467 Y      0.758         2.111 +- 0.824
   468 N      0.527         1.685 +- 0.806
   470 T      0.809         2.207 +- 0.829
   475 F      0.533         1.693 +- 0.810
   479 P      0.561         1.742 +- 0.856

