Supplemental results for CODEML (seqf: algn  treef: tree)


dN/dS (w) for site classes (K=4)

p:   0.25000  0.25000  0.25000  0.25000
w:   0.00001  0.00559  0.10124  0.60371

Naive Empirical Bayes (NEB) probabilities for 4 classes & postmean_w
(amino acids refer to 1st sequence: chlSab_FOXL3_XM_008018930)

   1 -   0.25000 0.25000 0.25000 0.25000 ( 4)  0.178
   2 -   0.25000 0.25000 0.25000 0.25000 ( 4)  0.178
   3 -   0.25000 0.25000 0.25000 0.25000 ( 4)  0.178
   4 -   0.25000 0.25000 0.25000 0.25000 ( 4)  0.178
   5 -   0.25000 0.25000 0.25000 0.25000 ( 4)  0.178
   6 -   0.25000 0.25000 0.25000 0.25000 ( 4)  0.178
   7 -   0.25000 0.25000 0.25000 0.25000 ( 4)  0.178
   8 -   0.25000 0.25000 0.25000 0.25000 ( 1)  0.178
   9 -   0.25000 0.25000 0.25000 0.25000 ( 4)  0.178
  10 -   0.25000 0.25000 0.25000 0.25000 ( 4)  0.178
  11 -   0.25000 0.25000 0.25000 0.25000 ( 4)  0.178
  12 -   0.25000 0.25000 0.25000 0.25000 ( 4)  0.178
  13 -   0.25000 0.25000 0.25000 0.25000 ( 4)  0.178
  14 -   0.25000 0.25000 0.25000 0.25000 ( 4)  0.178
  15 -   0.25000 0.25000 0.25000 0.25000 ( 4)  0.178
  16 -   0.25000 0.25000 0.25000 0.25000 ( 4)  0.178
  17 -   0.25000 0.25000 0.25000 0.25000 ( 4)  0.178
  18 -   0.25000 0.25000 0.25000 0.25000 ( 4)  0.178
  19 -   0.25000 0.25000 0.25000 0.25000 ( 4)  0.178
  20 -   0.25000 0.25000 0.25000 0.25000 ( 4)  0.178
  21 -   0.25000 0.25000 0.25000 0.25000 ( 4)  0.178
  22 -   0.25000 0.25000 0.25000 0.25000 ( 4)  0.178
  23 -   0.25000 0.25000 0.25000 0.25000 ( 4)  0.178
  24 -   0.25000 0.25000 0.25000 0.25000 ( 4)  0.178
  25 -   0.25000 0.25000 0.25000 0.25000 ( 4)  0.178
  26 -   0.25000 0.25000 0.25000 0.25000 ( 3)  0.178
  27 -   0.25000 0.25000 0.25000 0.25000 ( 4)  0.178
  28 -   0.25000 0.25000 0.25000 0.25000 ( 4)  0.178
  29 -   0.25000 0.25000 0.25000 0.25000 ( 4)  0.178
  30 -   0.25000 0.25000 0.25000 0.25000 ( 4)  0.178
  31 -   0.25000 0.25000 0.25000 0.25000 ( 4)  0.178
  32 -   0.25000 0.25000 0.25000 0.25000 ( 4)  0.178
  33 -   0.25000 0.25000 0.25000 0.25000 ( 4)  0.178
  34 -   0.25000 0.25000 0.25000 0.25000 ( 4)  0.178
  35 -   0.25000 0.25000 0.25000 0.25000 ( 4)  0.178
  36 -   0.25000 0.25000 0.25000 0.25000 ( 4)  0.178
  37 -   0.25000 0.25000 0.25000 0.25000 ( 4)  0.178
  38 -   0.25000 0.25000 0.25000 0.25000 ( 4)  0.178
  39 -   0.25000 0.25000 0.25000 0.25000 ( 4)  0.178
  40 -   0.25000 0.25000 0.25000 0.25000 ( 4)  0.178
  41 -   0.25000 0.25000 0.25000 0.25000 ( 4)  0.178
  42 -   0.25000 0.25000 0.25000 0.25000 ( 4)  0.178
  43 -   0.25000 0.25000 0.25000 0.25000 ( 4)  0.178
  44 -   0.25000 0.25000 0.25000 0.25000 ( 4)  0.178
  45 -   0.25000 0.25000 0.25000 0.25000 ( 4)  0.178
  46 -   0.25000 0.25000 0.25000 0.25000 ( 4)  0.178
  47 -   0.25000 0.25000 0.25000 0.25000 ( 4)  0.178
  48 -   0.25000 0.25000 0.25000 0.25000 ( 4)  0.178
  49 -   0.25000 0.25000 0.25000 0.25000 ( 4)  0.178
  50 -   0.25000 0.25000 0.25000 0.25000 ( 4)  0.178
  51 -   0.25000 0.25000 0.25000 0.25000 ( 4)  0.178
  52 -   0.25000 0.25000 0.25000 0.25000 ( 4)  0.178
  53 -   0.25000 0.25000 0.25000 0.25000 ( 4)  0.178
  54 -   0.25000 0.25000 0.25000 0.25000 ( 4)  0.178
  55 -   0.25000 0.25000 0.25000 0.25000 ( 4)  0.178
  56 -   0.25000 0.25000 0.25000 0.25000 ( 4)  0.178
  57 M   0.37325 0.36398 0.23682 0.02594 ( 1)  0.042
  58 F   0.29088 0.28922 0.26229 0.15760 ( 1)  0.123
  59 D   0.41303 0.39518 0.18692 0.00487 ( 1)  0.024
  60 S   0.00000 0.00327 0.51621 0.48052 ( 3)  0.342
  61 S   0.35066 0.34435 0.25268 0.05231 ( 1)  0.059
  62 Q   0.37519 0.36554 0.23448 0.02479 ( 1)  0.041
  63 Y   0.28415 0.28282 0.26107 0.17196 ( 1)  0.132
  64 P   0.39910 0.38472 0.20645 0.00972 ( 1)  0.029
  65 Y   0.40525 0.38950 0.19847 0.00678 ( 1)  0.026
  66 N   0.38345 0.37232 0.22574 0.01848 ( 1)  0.036
  67 C   0.40650 0.39046 0.19678 0.00626 ( 1)  0.026
  68 F   0.38988 0.37763 0.21899 0.01349 ( 1)  0.032
  69 N   0.30894 0.30624 0.26356 0.12126 ( 1)  0.102
  70 D   0.00000 0.00246 0.42059 0.57696 ( 4)  0.391
  71 D   0.40654 0.39028 0.19590 0.00729 ( 1)  0.026
  72 A   0.00014 0.07111 0.70748 0.22127 ( 3)  0.206
  73 D   0.41976 0.39999 0.17682 0.00343 ( 1)  0.022
  74 D   0.00020 0.09947 0.80306 0.09727 ( 3)  0.141
  75 Y   0.40525 0.38950 0.19847 0.00678 ( 1)  0.026
  76 P   0.37227 0.36292 0.23602 0.02878 ( 1)  0.043
  77 A   0.40232 0.38717 0.20204 0.00847 ( 1)  0.028
  78 G   0.00000 0.00268 0.44371 0.55361 ( 4)  0.379
  79 S   0.41297 0.39522 0.18728 0.00454 ( 1)  0.024
  80 S   0.38940 0.37719 0.21924 0.01416 ( 1)  0.033
  81 D   0.41303 0.39518 0.18692 0.00487 ( 1)  0.024
  82 E   0.00005 0.02799 0.38391 0.58804 ( 4)  0.394
  83 A   0.00000 0.00157 0.30127 0.69716 ( 4)  0.451
  84 K   0.00011 0.05730 0.63345 0.30914 ( 3)  0.251
  85 R   0.37593 0.36607 0.23307 0.02493 ( 1)  0.041
  86 L   0.39895 0.38469 0.20706 0.00930 ( 1)  0.029
  87 T   0.37166 0.36258 0.23785 0.02790 ( 1)  0.043
  88 R   0.37316 0.36376 0.23579 0.02729 ( 1)  0.042
  89 P   0.39910 0.38472 0.20645 0.00972 ( 1)  0.029
  90 A   0.37361 0.36417 0.23561 0.02660 ( 1)  0.042
  91 Y   0.40525 0.38950 0.19847 0.00678 ( 1)  0.026
  92 -   0.25000 0.25000 0.25000 0.25000 ( 4)  0.178
  93 -   0.25000 0.25000 0.25000 0.25000 ( 4)  0.178
  94 -   0.25000 0.25000 0.25000 0.25000 ( 4)  0.178
  95 S   0.41297 0.39522 0.18728 0.00454 ( 1)  0.024
  96 Y   0.40525 0.38950 0.19847 0.00678 ( 1)  0.026
  97 I   0.39644 0.38280 0.21065 0.01011 ( 1)  0.030
  98 A   0.40334 0.38795 0.20066 0.00805 ( 1)  0.027
  99 L   0.33103 0.32670 0.26087 0.08141 ( 1)  0.077
 100 I   0.39644 0.38280 0.21065 0.01011 ( 1)  0.030
 101 A   0.40334 0.38795 0.20066 0.00805 ( 1)  0.027
 102 M   0.37325 0.36398 0.23682 0.02594 ( 1)  0.042
 103 A   0.40334 0.38795 0.20066 0.00805 ( 1)  0.027
 104 I   0.30098 0.29877 0.26343 0.13682 ( 1)  0.111
 105 Q   0.36865 0.35998 0.24007 0.03130 ( 1)  0.045
 106 Q   0.37519 0.36554 0.23448 0.02479 ( 1)  0.041
 107 S   0.41297 0.39522 0.18728 0.00454 ( 1)  0.024
 108 P   0.38482 0.37340 0.22385 0.01793 ( 1)  0.036
 109 A   0.37708 0.36704 0.23209 0.02379 ( 1)  0.040
 110 G   0.39997 0.38533 0.20502 0.00968 ( 1)  0.029
 111 R   0.38010 0.36964 0.22970 0.02057 ( 1)  0.038
 112 V   0.37332 0.36399 0.23637 0.02632 ( 1)  0.042
 113 T   0.40131 0.38649 0.20382 0.00837 ( 1)  0.028
 114 L   0.35638 0.34942 0.24953 0.04468 ( 1)  0.054
 115 S   0.39169 0.37901 0.21641 0.01289 ( 1)  0.032
 116 G   0.40900 0.39215 0.19257 0.00628 ( 1)  0.025
 117 I   0.39644 0.38280 0.21065 0.01011 ( 1)  0.030
 118 Y   0.40525 0.38950 0.19847 0.00678 ( 1)  0.026
 119 D   0.41976 0.39999 0.17682 0.00343 ( 1)  0.022
 120 F   0.38988 0.37763 0.21899 0.01349 ( 1)  0.032
 121 I   0.39644 0.38280 0.21065 0.01011 ( 1)  0.030
 122 M   0.37325 0.36398 0.23682 0.02594 ( 1)  0.042
 123 R   0.40887 0.39210 0.19291 0.00613 ( 1)  0.025
 124 K   0.38249 0.37159 0.22710 0.01882 ( 1)  0.036
 125 F   0.38752 0.37572 0.22173 0.01503 ( 1)  0.034
 126 P   0.39910 0.38472 0.20645 0.00972 ( 1)  0.029
 127 Y   0.30685 0.30417 0.26227 0.12670 ( 1)  0.105
 128 Y   0.40525 0.38950 0.19847 0.00678 ( 1)  0.026
 129 R   0.40887 0.39210 0.19291 0.00613 ( 1)  0.025
 130 A   0.40334 0.38795 0.20066 0.00805 ( 1)  0.027
 131 N   0.41483 0.39655 0.18447 0.00415 ( 1)  0.023
 132 Q   0.37519 0.36554 0.23448 0.02479 ( 1)  0.041
 133 R   0.40887 0.39210 0.19291 0.00613 ( 1)  0.025
 134 A   0.40334 0.38795 0.20066 0.00805 ( 1)  0.027
 135 W   0.36216 0.35448 0.24587 0.03749 ( 1)  0.050
 136 Q   0.37519 0.36554 0.23448 0.02479 ( 1)  0.041
 137 N   0.41483 0.39655 0.18447 0.00415 ( 1)  0.023
 138 S   0.39654 0.38284 0.21033 0.01029 ( 1)  0.030
 139 I   0.39644 0.38280 0.21065 0.01011 ( 1)  0.030
 140 R   0.40475 0.38899 0.19862 0.00764 ( 1)  0.027
 141 H   0.41532 0.39684 0.18352 0.00432 ( 1)  0.023
 142 N   0.41483 0.39655 0.18447 0.00415 ( 1)  0.023
 143 L   0.35638 0.34942 0.24953 0.04468 ( 1)  0.054
 144 S   0.39323 0.38024 0.21459 0.01194 ( 1)  0.031
 145 L   0.39895 0.38469 0.20706 0.00930 ( 1)  0.029
 146 N   0.41483 0.39655 0.18447 0.00415 ( 1)  0.023
 147 S   0.41297 0.39522 0.18728 0.00454 ( 1)  0.024
 148 C   0.40650 0.39046 0.19678 0.00626 ( 1)  0.026
 149 F   0.38988 0.37763 0.21899 0.01349 ( 1)  0.032
 150 V   0.00015 0.07742 0.73934 0.18309 ( 3)  0.186
 151 K   0.38483 0.37351 0.22460 0.01706 ( 1)  0.035
 152 V   0.37332 0.36399 0.23637 0.02632 ( 1)  0.042
 153 P   0.00000 0.00058 0.13589 0.86352 ( 4)  0.535
 154 -   0.25000 0.25000 0.25000 0.25000 ( 4)  0.178
 155 -   0.25000 0.25000 0.25000 0.25000 ( 4)  0.178
 156 -   0.25000 0.25000 0.25000 0.25000 ( 4)  0.178
 157 -   0.25000 0.25000 0.25000 0.25000 ( 4)  0.178
 158 -   0.25000 0.25000 0.25000 0.25000 ( 4)  0.178
 159 -   0.25000 0.25000 0.25000 0.25000 ( 4)  0.178
 160 -   0.25000 0.25000 0.25000 0.25000 ( 4)  0.178
 161 -   0.25000 0.25000 0.25000 0.25000 ( 4)  0.178
 162 -   0.25000 0.25000 0.25000 0.25000 ( 4)  0.178
 163 -   0.25000 0.25000 0.25000 0.25000 ( 4)  0.178
 164 -   0.25000 0.25000 0.25000 0.25000 ( 4)  0.178
 165 -   0.25000 0.25000 0.25000 0.25000 ( 4)  0.178
 166 -   0.25000 0.25000 0.25000 0.25000 ( 4)  0.178
 167 -   0.25000 0.25000 0.25000 0.25000 ( 4)  0.178
 168 -   0.25000 0.25000 0.25000 0.25000 ( 4)  0.178
 169 -   0.25000 0.25000 0.25000 0.25000 ( 4)  0.178
 170 -   0.25000 0.25000 0.25000 0.25000 ( 4)  0.178
 171 -   0.25000 0.25000 0.25000 0.25000 ( 4)  0.178
 172 -   0.25000 0.25000 0.25000 0.25000 ( 4)  0.178
 173 -   0.25000 0.25000 0.25000 0.25000 ( 4)  0.178
 174 -   0.25000 0.25000 0.25000 0.25000 ( 4)  0.178
 175 -   0.25000 0.25000 0.25000 0.25000 ( 4)  0.178
 176 -   0.25000 0.25000 0.25000 0.25000 ( 4)  0.178
 177 -   0.25000 0.25000 0.25000 0.25000 ( 4)  0.178
 178 -   0.25000 0.25000 0.25000 0.25000 ( 4)  0.178
 179 -   0.25000 0.25000 0.25000 0.25000 ( 4)  0.178
 180 -   0.25000 0.25000 0.25000 0.25000 ( 4)  0.178
 181 -   0.25000 0.25000 0.25000 0.25000 ( 4)  0.178
 182 -   0.25000 0.25000 0.25000 0.25000 ( 4)  0.178
 183 -   0.25000 0.25000 0.25000 0.25000 ( 4)  0.178
 184 -   0.25000 0.25000 0.25000 0.25000 ( 4)  0.178
 185 -   0.25000 0.25000 0.25000 0.25000 ( 4)  0.178
 186 -   0.25000 0.25000 0.25000 0.25000 ( 4)  0.178
 187 -   0.25000 0.25000 0.25000 0.25000 ( 4)  0.178
 188 -   0.25000 0.25000 0.25000 0.25000 ( 4)  0.178
 189 -   0.25000 0.25000 0.25000 0.25000 ( 4)  0.178
 190 -   0.25000 0.25000 0.25000 0.25000 ( 4)  0.178
 191 -   0.25000 0.25000 0.25000 0.25000 ( 4)  0.178
 192 -   0.25000 0.25000 0.25000 0.25000 ( 4)  0.178
 193 -   0.25000 0.25000 0.25000 0.25000 ( 4)  0.178
 194 -   0.25000 0.25000 0.25000 0.25000 ( 4)  0.178
 195 -   0.25000 0.25000 0.25000 0.25000 ( 4)  0.178
 196 -   0.25000 0.25000 0.25000 0.25000 ( 4)  0.178
 197 -   0.25000 0.25000 0.25000 0.25000 ( 4)  0.178
 198 -   0.25000 0.25000 0.25000 0.25000 ( 4)  0.178
 199 -   0.25000 0.25000 0.25000 0.25000 ( 4)  0.178
 200 -   0.25000 0.25000 0.25000 0.25000 ( 4)  0.178
 201 -   0.25000 0.25000 0.25000 0.25000 ( 4)  0.178
 202 -   0.25000 0.25000 0.25000 0.25000 ( 4)  0.178
 203 -   0.25000 0.25000 0.25000 0.25000 ( 4)  0.178
 204 R   0.37316 0.36376 0.23579 0.02729 ( 1)  0.042
 205 S   0.00000 0.00002 0.07594 0.92404 ( 4)  0.566
 206 E   0.00012 0.06338 0.66899 0.26751 ( 3)  0.230
 207 G   0.41320 0.39527 0.18657 0.00496 ( 1)  0.024
 208 H   0.00000 0.00286 0.46575 0.53139 ( 4)  0.368
 209 E   0.00000 0.00135 0.26640 0.73225 ( 4)  0.469
 210 K   0.00011 0.05895 0.64446 0.29647 ( 3)  0.245
 211 G   0.40773 0.39124 0.19449 0.00655 ( 1)  0.026
 212 K   0.00003 0.01535 0.24420 0.74042 ( 4)  0.472
 213 G   0.41320 0.39527 0.18657 0.00496 ( 1)  0.024
 214 N   0.39708 0.38320 0.20934 0.01037 ( 1)  0.030
 215 Y   0.39109 0.37853 0.21712 0.01325 ( 1)  0.032
 216 W   0.35032 0.34410 0.25331 0.05227 ( 1)  0.059
 217 T   0.35407 0.34737 0.25079 0.04777 ( 1)  0.056
 218 F   0.37736 0.36741 0.23281 0.02242 ( 1)  0.039
 219 A   0.36143 0.35377 0.24564 0.03917 ( 1)  0.050
 220 G   0.39107 0.37832 0.21604 0.01457 ( 1)  0.033
 221 G   0.39985 0.38527 0.20531 0.00957 ( 1)  0.029
 222 C   0.38531 0.37390 0.22405 0.01675 ( 1)  0.035
 223 E   0.37897 0.36866 0.23052 0.02185 ( 1)  0.039
 224 S   0.34967 0.34350 0.25346 0.05338 ( 1)  0.060
 225 L   0.33749 0.33256 0.25873 0.07123 ( 1)  0.071
 226 L   0.33629 0.33147 0.25911 0.07313 ( 1)  0.072
 227 D   0.40614 0.39006 0.19677 0.00703 ( 1)  0.026
 228 L   0.38615 0.37456 0.22293 0.01636 ( 1)  0.035
 229 F   0.37736 0.36741 0.23281 0.02242 ( 1)  0.039
 230 E   0.37897 0.36866 0.23052 0.02185 ( 1)  0.039
 231 N   0.40096 0.38622 0.20429 0.00854 ( 1)  0.028
 232 G   0.39985 0.38527 0.20531 0.00957 ( 1)  0.029
 233 N   0.40147 0.38661 0.20361 0.00831 ( 1)  0.028
 234 Y   0.39226 0.37946 0.21571 0.01257 ( 1)  0.032
 235 R   0.36258 0.35471 0.24431 0.03840 ( 1)  0.050
 236 R   0.35327 0.34664 0.25096 0.04912 ( 1)  0.057
 237 R   0.36148 0.35371 0.24461 0.04020 ( 1)  0.051
 238 R   0.35726 0.35001 0.24734 0.04539 ( 1)  0.054
 239 R   0.36098 0.35335 0.24573 0.03994 ( 1)  0.051
 240 R   0.00007 0.03874 0.48798 0.47320 ( 3)  0.335
 241 R   0.37253 0.36305 0.23507 0.02935 ( 1)  0.044
 242 G   0.40606 0.38999 0.19684 0.00711 ( 1)  0.026
 243 -   0.25000 0.25000 0.25000 0.25000 ( 4)  0.178
 244 -   0.25000 0.25000 0.25000 0.25000 ( 4)  0.178
 245 -   0.25000 0.25000 0.25000 0.25000 ( 4)  0.178
 246 -   0.25000 0.25000 0.25000 0.25000 ( 4)  0.178
 247 -   0.25000 0.25000 0.25000 0.25000 ( 4)  0.178
 248 -   0.25000 0.25000 0.25000 0.25000 ( 4)  0.178
 249 -   0.25000 0.25000 0.25000 0.25000 ( 4)  0.178
 250 -   0.25000 0.25000 0.25000 0.25000 ( 4)  0.178
 251 -   0.25000 0.25000 0.25000 0.25000 ( 4)  0.178
 252 -   0.25000 0.25000 0.25000 0.25000 ( 4)  0.178
 253 -   0.25000 0.25000 0.25000 0.25000 ( 4)  0.178
 254 P   0.39701 0.38311 0.20926 0.01062 ( 1)  0.030
 255 K   0.00000 0.00001 0.02435 0.97564 ( 4)  0.591
 256 -   0.25000 0.25000 0.25000 0.25000 ( 4)  0.178
 257 -   0.25000 0.25000 0.25000 0.25000 ( 4)  0.178
 258 -   0.25000 0.25000 0.25000 0.25000 ( 4)  0.178
 259 -   0.25000 0.25000 0.25000 0.25000 ( 4)  0.178
 260 -   0.25000 0.25000 0.25000 0.25000 ( 4)  0.178
 261 -   0.25000 0.25000 0.25000 0.25000 ( 4)  0.178
 262 -   0.25000 0.25000 0.25000 0.25000 ( 4)  0.178
 263 -   0.25000 0.25000 0.25000 0.25000 ( 4)  0.178
 264 -   0.25000 0.25000 0.25000 0.25000 ( 4)  0.178
 265 -   0.25000 0.25000 0.25000 0.25000 ( 4)  0.178
 266 -   0.25000 0.25000 0.25000 0.25000 ( 4)  0.178
 267 -   0.25000 0.25000 0.25000 0.25000 ( 4)  0.178
 268 -   0.25000 0.25000 0.25000 0.25000 ( 4)  0.178
 269 -   0.25000 0.25000 0.25000 0.25000 ( 4)  0.178
 270 -   0.25000 0.25000 0.25000 0.25000 ( 4)  0.178
 271 -   0.25000 0.25000 0.25000 0.25000 ( 4)  0.178
 272 -   0.25000 0.25000 0.25000 0.25000 ( 4)  0.178
 273 -   0.25000 0.25000 0.25000 0.25000 ( 4)  0.178
 274 -   0.25000 0.25000 0.25000 0.25000 ( 4)  0.178
 275 -   0.25000 0.25000 0.25000 0.25000 ( 4)  0.178
 276 -   0.25000 0.25000 0.25000 0.25000 ( 4)  0.178
 277 -   0.25000 0.25000 0.25000 0.25000 ( 4)  0.178
 278 -   0.25000 0.25000 0.25000 0.25000 ( 4)  0.178
 279 -   0.25000 0.25000 0.25000 0.25000 ( 4)  0.178
 280 -   0.25000 0.25000 0.25000 0.25000 ( 4)  0.178
 281 -   0.25000 0.25000 0.25000 0.25000 ( 4)  0.178
 282 -   0.25000 0.25000 0.25000 0.25000 ( 4)  0.178
 283 -   0.25000 0.25000 0.25000 0.25000 ( 4)  0.178
 284 -   0.25000 0.25000 0.25000 0.25000 ( 4)  0.178
 285 -   0.25000 0.25000 0.25000 0.25000 ( 4)  0.178
 286 -   0.25000 0.25000 0.25000 0.25000 ( 4)  0.178
 287 -   0.25000 0.25000 0.25000 0.25000 ( 4)  0.178
 288 R   0.00016 0.08175 0.75146 0.16663 ( 3)  0.177
 289 E   0.00000 0.00143 0.27702 0.72156 ( 4)  0.464
 290 G   0.00000 0.00079 0.17302 0.82619 ( 4)  0.516
 291 -   0.00003 0.01672 0.25601 0.72724 ( 4)  0.465
 292 -   0.31045 0.30715 0.25729 0.12511 ( 1)  0.103
 293 -   0.00000 0.00014 0.04352 0.95634 ( 4)  0.582
 294 -   0.00003 0.01466 0.23486 0.75045 ( 4)  0.477
 295 -   0.00000 0.00040 0.09875 0.90086 ( 4)  0.554
 296 -   0.30897 0.30606 0.26100 0.12396 ( 1)  0.103
 297 -   0.00003 0.01791 0.27211 0.70995 ( 4)  0.456
 298 -   0.00004 0.02274 0.32349 0.65373 ( 4)  0.428
 299 -   0.00003 0.01715 0.26273 0.72009 ( 4)  0.461
 300 -   0.32820 0.32384 0.25848 0.08949 ( 1)  0.082
 301 -   0.32082 0.31704 0.25969 0.10244 ( 1)  0.090
 302 -   0.00003 0.01742 0.26724 0.71531 ( 4)  0.459
 303 -   0.00003 0.01419 0.22887 0.75691 ( 4)  0.480
 304 -   0.00002 0.00929 0.16314 0.82755 ( 4)  0.516
 305 -   0.00000 0.00018 0.05068 0.94914 ( 4)  0.578
 306 -   0.00005 0.02387 0.34051 0.63557 ( 4)  0.418
 307 -   0.00000 0.00023 0.06245 0.93733 ( 4)  0.572
 308 -   0.00003 0.01497 0.23814 0.74686 ( 4)  0.475
 309 -   0.00002 0.01219 0.20201 0.78577 ( 4)  0.495
 310 -   0.26534 0.26479 0.25562 0.21425 ( 1)  0.157
 311 -   0.00003 0.01430 0.22944 0.75623 ( 4)  0.480
 312 -   0.00003 0.01450 0.23175 0.75373 ( 4)  0.479
 313 -   0.00004 0.02011 0.29910 0.68075 ( 4)  0.441
 314 -   0.33294 0.32822 0.25784 0.08100 ( 1)  0.077
 315 -   0.28202 0.28069 0.25927 0.17803 ( 1)  0.135
 316 -   0.31802 0.31441 0.25973 0.10785 ( 1)  0.093
 317 -   0.26159 0.26120 0.25450 0.22271 ( 1)  0.162
 318 -   0.34970 0.34294 0.24759 0.05978 ( 1)  0.063
 319 -   0.34381 0.33771 0.25046 0.06802 ( 1)  0.068
 320 -   0.31424 0.31099 0.26096 0.11381 ( 1)  0.097
 321 -   0.00002 0.01238 0.19897 0.78863 ( 4)  0.496
 322 -   0.00003 0.01545 0.24414 0.74038 ( 4)  0.472
 323 -   0.33198 0.32713 0.25576 0.08512 ( 1)  0.079
 324 -   0.28102 0.27977 0.25951 0.17970 ( 1)  0.136
 325 -   0.28105 0.27980 0.25947 0.17968 ( 1)  0.136
 326 -   0.00002 0.00819 0.14728 0.84451 ( 4)  0.525
 327 -   0.27847 0.27736 0.25914 0.18503 ( 1)  0.139
 328 -   0.00002 0.01280 0.21027 0.77691 ( 4)  0.490
 329 -   0.28370 0.28228 0.25944 0.17457 ( 1)  0.133
 330 -   0.33610 0.33086 0.25433 0.07872 ( 1)  0.075
 331 -   0.34624 0.34013 0.25188 0.06175 ( 1)  0.065
 332 -   0.30179 0.29935 0.26107 0.13778 ( 1)  0.111
 333 -   0.00003 0.01764 0.26903 0.71330 ( 4)  0.458
 334 -   0.00000 0.00000 0.01437 0.98563 ( 4)  0.596
 335 -   0.30650 0.30378 0.26132 0.12839 ( 1)  0.106
 336 -   0.00003 0.01525 0.24103 0.74369 ( 4)  0.473
 337 -   0.00003 0.01753 0.26883 0.71360 ( 4)  0.458
 338 -   0.31424 0.31099 0.26096 0.11381 ( 1)  0.097
 339 -   0.33135 0.32642 0.25448 0.08776 ( 1)  0.081
 340 -   0.32618 0.32198 0.25884 0.09299 ( 1)  0.084
 341 -   0.00003 0.01521 0.24457 0.74018 ( 4)  0.472
 342 -   0.00000 0.00031 0.08006 0.91963 ( 4)  0.563
 343 -   0.33358 0.32887 0.25835 0.07920 ( 1)  0.076
 344 -   0.32377 0.31987 0.26049 0.09587 ( 1)  0.086
 345 -   0.32854 0.32431 0.26013 0.08701 ( 1)  0.081
 346 -   0.34624 0.34013 0.25188 0.06175 ( 1)  0.065
 347 -   0.26661 0.26603 0.25629 0.21108 ( 1)  0.155
 348 -   0.34970 0.34294 0.24759 0.05978 ( 1)  0.063
 349 -   0.33999 0.33456 0.25503 0.07043 ( 1)  0.070
 350 -   0.33358 0.32887 0.25835 0.07920 ( 1)  0.076
 351 -   0.33452 0.32961 0.25691 0.07896 ( 1)  0.076
 352 -   0.31316 0.31001 0.26146 0.11537 ( 1)  0.098
 353 -   0.30416 0.30160 0.26158 0.13266 ( 1)  0.108
 354 -   0.31455 0.31125 0.26067 0.11353 ( 1)  0.097
 355 -   0.00006 0.02959 0.39567 0.57468 ( 4)  0.387
 356 -   0.33301 0.32811 0.25584 0.08304 ( 1)  0.078
 357 -   0.26316 0.26271 0.25508 0.21905 ( 1)  0.160
 358 -   0.00003 0.01524 0.23997 0.74476 ( 4)  0.474
 359 -   0.32082 0.31704 0.25969 0.10244 ( 1)  0.090
 360 -   0.25000 0.25000 0.25000 0.25000 ( 4)  0.178
 361 -   0.25000 0.25000 0.25000 0.25000 ( 4)  0.178
 362 -   0.25000 0.25000 0.25000 0.25000 ( 4)  0.178
 363 -   0.25000 0.25000 0.25000 0.25000 ( 4)  0.178
 364 -   0.25000 0.25000 0.25000 0.25000 ( 4)  0.178
 365 -   0.33301 0.32811 0.25584 0.08304 ( 1)  0.078
 366 -   0.00003 0.01386 0.22283 0.76329 ( 4)  0.483
 367 -   0.00003 0.01691 0.25750 0.72556 ( 4)  0.464
 368 -   0.00000 0.00012 0.03678 0.96310 ( 4)  0.585
 369 -   0.30405 0.30137 0.25985 0.13473 ( 1)  0.109
 370 -   0.00002 0.00953 0.16587 0.82458 ( 4)  0.515
 371 -   0.32820 0.32384 0.25848 0.08949 ( 1)  0.082
 372 -   0.34381 0.33771 0.25046 0.06802 ( 1)  0.068
 373 -   0.26689 0.26625 0.25571 0.21115 ( 1)  0.155
 374 -   0.00005 0.02416 0.33441 0.64139 ( 4)  0.421
 375 -   0.32618 0.32198 0.25884 0.09299 ( 1)  0.084
 376 -   0.00000 0.00003 0.01523 0.98474 ( 4)  0.596
 377 -   0.30303 0.30062 0.26241 0.13394 ( 1)  0.109
 378 -   0.00003 0.01812 0.27540 0.70645 ( 4)  0.454
 379 -   0.33610 0.33086 0.25433 0.07872 ( 1)  0.075
 380 -   0.00003 0.01497 0.23814 0.74686 ( 4)  0.475
 381 -   0.00004 0.02126 0.31055 0.66815 ( 4)  0.435
 382 -   0.00000 0.00018 0.05171 0.94811 ( 4)  0.578
 383 -   0.34747 0.34118 0.25089 0.06047 ( 1)  0.064
 384 -   0.33452 0.32961 0.25691 0.07896 ( 1)  0.076
 385 -   0.34632 0.34000 0.24981 0.06387 ( 1)  0.066
 386 -   0.28803 0.28648 0.26142 0.16407 ( 1)  0.127
 387 -   0.30756 0.30489 0.26286 0.12468 ( 1)  0.104
 388 -   0.00002 0.01190 0.19821 0.78987 ( 4)  0.497
 389 L   0.00000 0.00000 0.00328 0.99672 ( 4)  0.602
 390 R   0.31345 0.31044 0.26325 0.11286 ( 1)  0.097
 391 G   0.28268 0.28135 0.25973 0.17624 ( 1)  0.134
 392 P   0.30610 0.30356 0.26325 0.12709 ( 1)  0.105
 393 R   0.00003 0.01557 0.24582 0.73858 ( 4)  0.471
 394 A   0.30882 0.30610 0.26320 0.12187 ( 1)  0.102
 395 G   0.30591 0.30336 0.26297 0.12777 ( 1)  0.105
 396 G   0.00004 0.02274 0.33078 0.64643 ( 4)  0.424
 397 V   0.00004 0.01983 0.29755 0.68258 ( 4)  0.442
 398 Q   0.30948 0.30673 0.26332 0.12047 ( 1)  0.101
 399 G   0.31536 0.31219 0.26282 0.10963 ( 1)  0.095
 400 P   0.00004 0.01929 0.29162 0.68906 ( 4)  0.446
 401 P   0.00000 0.00016 0.04642 0.95342 ( 4)  0.580
 402 G   0.26398 0.26350 0.25541 0.21712 ( 1)  0.158
 403 P   0.30610 0.30356 0.26325 0.12709 ( 1)  0.105
 404 P   0.00000 0.00022 0.06060 0.93919 ( 4)  0.573
 405 E   0.00004 0.02015 0.30130 0.67851 ( 4)  0.440
 406 P   0.30610 0.30356 0.26325 0.12709 ( 1)  0.105
 407 A   0.00000 0.00028 0.07492 0.92480 ( 4)  0.566
 408 A   0.00004 0.02245 0.32770 0.64981 ( 4)  0.426
 409 G   0.00003 0.01607 0.25232 0.73158 ( 4)  0.467
 410 Q   0.30299 0.30064 0.26314 0.13322 ( 1)  0.109
 411 G   0.31536 0.31219 0.26282 0.10963 ( 1)  0.095
 412 S   0.00000 0.00022 0.06130 0.93848 ( 4)  0.573
 413 L   0.29723 0.29522 0.26292 0.14463 ( 1)  0.116
 414 A   0.30881 0.30606 0.26284 0.12228 ( 1)  0.102
 415 P   0.00003 0.01490 0.23803 0.74704 ( 4)  0.475
 416 D   0.34440 0.33869 0.25498 0.06193 ( 1)  0.065
 417 S   0.33912 0.33400 0.25776 0.06912 ( 1)  0.070
 418 A   0.26230 0.26188 0.25483 0.22099 ( 1)  0.161
 419 G   0.32487 0.32097 0.26122 0.09294 ( 1)  0.084
 420 E   0.32202 0.31837 0.26211 0.09750 ( 1)  0.087
 421 S   0.00005 0.02649 0.36993 0.60352 ( 4)  0.402
 422 A   0.00004 0.02332 0.33741 0.63922 ( 4)  0.420
 423 P   0.00003 0.01480 0.23699 0.74818 ( 4)  0.476
 424 G   0.28659 0.28505 0.26032 0.16804 ( 1)  0.129
 425 R   0.30621 0.30360 0.26253 0.12766 ( 1)  0.105
 426 D   0.00005 0.02360 0.34057 0.63578 ( 4)  0.418
 427 P   0.00004 0.02223 0.32450 0.65323 ( 4)  0.427
 428 H   0.25930 0.25899 0.25375 0.22796 ( 1)  0.165
 429 A   0.28939 0.28780 0.26196 0.16085 ( 1)  0.125
 430 S   0.00003 0.01319 0.21628 0.77051 ( 4)  0.487
 431 P   0.32784 0.32370 0.26073 0.08772 ( 1)  0.081
 432 A   0.33118 0.32674 0.25980 0.08228 ( 1)  0.078
 433 S   0.33912 0.33400 0.25776 0.06912 ( 1)  0.070
 434 P   0.32784 0.32370 0.26073 0.08772 ( 1)  0.081
 435 A   0.00004 0.01847 0.28115 0.70034 ( 4)  0.451
 436 P   0.00000 0.00024 0.06499 0.93478 ( 4)  0.571
 437 P   0.00003 0.01555 0.24611 0.73832 ( 4)  0.471
 438 G   0.30639 0.30380 0.26295 0.12687 ( 1)  0.105
 439 K   0.31693 0.31368 0.26299 0.10640 ( 1)  0.093
 440 E   0.32202 0.31837 0.26211 0.09750 ( 1)  0.087
 441 H   0.00000 0.00029 0.07654 0.92317 ( 4)  0.565
 442 S   0.00004 0.01864 0.28298 0.69834 ( 4)  0.450
 443 R   0.30852 0.30581 0.26310 0.12257 ( 1)  0.102
 444 D   0.34440 0.33869 0.25498 0.06193 ( 1)  0.065
 445 L   0.32783 0.32373 0.26113 0.08731 ( 1)  0.081
 446 K   0.31693 0.31368 0.26299 0.10640 ( 1)  0.093
 447 F   0.32081 0.31729 0.26273 0.09916 ( 1)  0.088
 448 S   0.33912 0.33400 0.25776 0.06912 ( 1)  0.070
 449 I   0.32591 0.32199 0.26180 0.09030 ( 1)  0.083
 450 D   0.34440 0.33869 0.25498 0.06193 ( 1)  0.065
 451 Y   0.33287 0.32834 0.25988 0.07891 ( 1)  0.076
 452 I   0.32591 0.32199 0.26180 0.09030 ( 1)  0.083
 453 L   0.30387 0.30145 0.26306 0.13162 ( 1)  0.108
 454 S   0.32595 0.32200 0.26163 0.09042 ( 1)  0.083
 455 S   0.32595 0.32200 0.26163 0.09042 ( 1)  0.083
 456 P   0.26071 0.26035 0.25426 0.22467 ( 1)  0.163
 457 D   0.34440 0.33869 0.25498 0.06193 ( 1)  0.065
 458 P   0.32784 0.32370 0.26073 0.08772 ( 1)  0.081
 459 F   0.31080 0.30797 0.26344 0.11779 ( 1)  0.100
 460 P   0.30524 0.30273 0.26298 0.12905 ( 1)  0.106
 461 G   0.29178 0.29001 0.26159 0.15662 ( 1)  0.123
 462 L   0.00004 0.02173 0.31999 0.65824 ( 4)  0.430
 463 K   0.31693 0.31368 0.26299 0.10640 ( 1)  0.093
 464 P   0.30559 0.30308 0.26323 0.12810 ( 1)  0.106
 465 P   0.32784 0.32370 0.26073 0.08772 ( 1)  0.081
 466 C   0.00004 0.02006 0.30071 0.67919 ( 4)  0.441
 467 L   0.00004 0.01930 0.29180 0.68886 ( 4)  0.446
 468 A   0.26022 0.25988 0.25408 0.22581 ( 1)  0.164
 469 Q   0.00003 0.01598 0.25147 0.73252 ( 4)  0.468
 470 E   0.32202 0.31837 0.26211 0.09750 ( 1)  0.087
 471 G   0.33907 0.33390 0.25714 0.06989 ( 1)  0.070
 472 -   0.25000 0.25000 0.25000 0.25000 ( 4)  0.178
 473 -   0.25000 0.25000 0.25000 0.25000 ( 4)  0.178
 474 -   0.25000 0.25000 0.25000 0.25000 ( 4)  0.178
 475 -   0.25000 0.25000 0.25000 0.25000 ( 4)  0.178
 476 -   0.25000 0.25000 0.25000 0.25000 ( 4)  0.178
 477 R   0.26809 0.26745 0.25682 0.20764 ( 1)  0.153
 478 Y   0.32218 0.31851 0.26195 0.09735 ( 1)  0.087
 479 A   0.00000 0.00014 0.04248 0.95737 ( 4)  0.582
 480 P   0.00003 0.01640 0.25649 0.72708 ( 4)  0.465
 481 L   0.00003 0.01407 0.22749 0.75842 ( 4)  0.481
 482 E   0.32202 0.31837 0.26211 0.09750 ( 1)  0.087
 483 N   0.33885 0.33374 0.25773 0.06968 ( 1)  0.070
 484 V   0.30862 0.30593 0.26343 0.12203 ( 1)  0.102
 485 G   0.33052 0.32610 0.25951 0.08387 ( 1)  0.079
 486 L   0.32783 0.32373 0.26113 0.08731 ( 1)  0.081
 487 H   0.34083 0.33550 0.25660 0.06707 ( 1)  0.068
 488 F   0.26302 0.26258 0.25511 0.21929 ( 1)  0.160
 489 W   0.30111 0.29889 0.26334 0.13666 ( 1)  0.111
 490 T   0.26365 0.26318 0.25530 0.21787 ( 1)  0.159
 491 M   0.30856 0.30589 0.26361 0.12193 ( 1)  0.102
 492 -   0.25000 0.25000 0.25000 0.25000 ( 4)  0.178
 493 -   0.25000 0.25000 0.25000 0.25000 ( 4)  0.178
 494 -   0.25000 0.25000 0.25000 0.25000 ( 4)  0.178
 495 -   0.25000 0.25000 0.25000 0.25000 ( 4)  0.178
 496 -   0.25000 0.25000 0.25000 0.25000 ( 4)  0.178
 497 -   0.25000 0.25000 0.25000 0.25000 ( 4)  0.178
 498 -   0.25000 0.25000 0.25000 0.25000 ( 4)  0.178
 499 -   0.25000 0.25000 0.25000 0.25000 ( 4)  0.178
 500 -   0.25000 0.25000 0.25000 0.25000 ( 4)  0.178
 501 -   0.25000 0.25000 0.25000 0.25000 ( 4)  0.178
 502 -   0.25000 0.25000 0.25000 0.25000 ( 4)  0.178
 503 -   0.25000 0.25000 0.25000 0.25000 ( 4)  0.178
 504 -   0.25000 0.25000 0.25000 0.25000 ( 4)  0.178
 505 -   0.25000 0.25000 0.25000 0.25000 ( 4)  0.178
 506 -   0.25000 0.25000 0.25000 0.25000 ( 4)  0.178
 507 -   0.25000 0.25000 0.25000 0.25000 ( 4)  0.178
 508 -   0.25000 0.25000 0.25000 0.25000 ( 4)  0.178
 509 -   0.25000 0.25000 0.25000 0.25000 ( 4)  0.178
 510 -   0.25000 0.25000 0.25000 0.25000 ( 4)  0.178
 511 -   0.25000 0.25000 0.25000 0.25000 ( 4)  0.178
 512 -   0.25000 0.25000 0.25000 0.25000 ( 4)  0.178
 513 -   0.25000 0.25000 0.25000 0.25000 ( 4)  0.178
 514 -   0.25000 0.25000 0.25000 0.25000 ( 4)  0.178
 515 -   0.25000 0.25000 0.25000 0.25000 ( 4)  0.178
 516 -   0.25000 0.25000 0.25000 0.25000 ( 4)  0.178
 517 -   0.25000 0.25000 0.25000 0.25000 ( 4)  0.178
 518 -   0.25000 0.25000 0.25000 0.25000 ( 4)  0.178
 519 -   0.25000 0.25000 0.25000 0.25000 ( 4)  0.178
 520 -   0.25000 0.25000 0.25000 0.25000 ( 4)  0.178
 521 -   0.25000 0.25000 0.25000 0.25000 ( 4)  0.178
 522 -   0.25000 0.25000 0.25000 0.25000 ( 4)  0.178
 523 -   0.25000 0.25000 0.25000 0.25000 ( 4)  0.178
 524 -   0.25000 0.25000 0.25000 0.25000 ( 4)  0.178
 525 -   0.25000 0.25000 0.25000 0.25000 ( 4)  0.178
 526 -   0.25000 0.25000 0.25000 0.25000 ( 4)  0.178
 527 -   0.25000 0.25000 0.25000 0.25000 ( 4)  0.178
 528 -   0.25000 0.25000 0.25000 0.25000 ( 4)  0.178
 529 -   0.25000 0.25000 0.25000 0.25000 ( 4)  0.178
 530 -   0.25000 0.25000 0.25000 0.25000 ( 4)  0.178
 531 -   0.25000 0.25000 0.25000 0.25000 ( 4)  0.178
 532 -   0.25000 0.25000 0.25000 0.25000 ( 4)  0.178
 533 -   0.25000 0.25000 0.25000 0.25000 ( 4)  0.178
 534 -   0.25000 0.25000 0.25000 0.25000 ( 4)  0.178
 535 -   0.25000 0.25000 0.25000 0.25000 ( 4)  0.178
 536 -   0.25000 0.25000 0.25000 0.25000 ( 4)  0.178
 537 -   0.25000 0.25000 0.25000 0.25000 ( 4)  0.178
 538 -   0.25000 0.25000 0.25000 0.25000 ( 4)  0.178
 539 -   0.25000 0.25000 0.25000 0.25000 ( 4)  0.178
 540 -   0.25000 0.25000 0.25000 0.25000 ( 4)  0.178
 541 -   0.25000 0.25000 0.25000 0.25000 ( 4)  0.178
 542 -   0.25000 0.25000 0.25000 0.25000 ( 4)  0.178
 543 -   0.25000 0.25000 0.25000 0.25000 ( 4)  0.178
 544 -   0.25000 0.25000 0.25000 0.25000 ( 4)  0.178
 545 -   0.25000 0.25000 0.25000 0.25000 ( 4)  0.178
 546 -   0.25000 0.25000 0.25000 0.25000 ( 4)  0.178
 547 -   0.25000 0.25000 0.25000 0.25000 ( 4)  0.178


lnL = -3443.782244

