Supplemental results for CODEML (seqf: algn  treef: tree)


dN/dS (w) for site classes (K=4)

p:   0.25000  0.25000  0.25000  0.25000
w:   0.00017  0.01269  0.09784  0.42129

Naive Empirical Bayes (NEB) probabilities for 4 classes & postmean_w
(amino acids refer to 1st sequence: aotNan_ASCL5_XM_021677339)

   1 M   0.33450 0.32209 0.24914 0.09427 ( 1)  0.068
   2 N   0.36455 0.34459 0.23517 0.05569 ( 1)  0.051
   3 N   0.00039 0.02921 0.21385 0.75655 ( 4)  0.340
   4 N   0.36640 0.34591 0.23406 0.05363 ( 1)  0.050
   5 F   0.00000 0.00019 0.05777 0.94204 ( 4)  0.403
   6 C   0.37211 0.34986 0.23029 0.04774 ( 1)  0.047
   7 R   0.34857 0.33279 0.24316 0.07547 ( 1)  0.060
   8 A   0.00088 0.06360 0.36999 0.56554 ( 4)  0.275
   9 L   0.00092 0.06663 0.38321 0.54923 ( 4)  0.270
  10 A   0.00000 0.00334 0.14595 0.85071 ( 4)  0.373
  11 D   0.00000 0.00592 0.22422 0.76986 ( 4)  0.346
  12 R   0.34656 0.33132 0.24426 0.07785 ( 1)  0.061
  13 R   0.31886 0.30957 0.25320 0.11837 ( 1)  0.079
  14 P   0.37738 0.35316 0.22575 0.04371 ( 1)  0.045
  15 L   0.00000 0.00290 0.13113 0.86597 ( 4)  0.378
  16 G   0.35360 0.33658 0.24095 0.06887 ( 1)  0.057
  17 S   0.00155 0.10903 0.51718 0.37224 ( 3)  0.209
  18 P   0.38824 0.36029 0.21756 0.03391 ( 1)  0.040
  19 G   0.00116 0.08330 0.44327 0.47227 ( 4)  0.243
  20 C   0.36568 0.34536 0.23438 0.05458 ( 1)  0.050
  21 M   0.00000 0.00270 0.12403 0.87328 ( 4)  0.380
  22 Q   0.00000 0.00374 0.15909 0.83716 ( 4)  0.368
  23 L   0.00092 0.06680 0.38371 0.54856 ( 4)  0.269
  24 S   0.00000 0.00528 0.20598 0.78873 ( 4)  0.353
  25 I   0.00152 0.10763 0.51531 0.37554 ( 3)  0.210
  26 V   0.00000 0.00012 0.03879 0.96109 ( 4)  0.409
  27 P   0.00160 0.11288 0.52830 0.35722 ( 3)  0.204
  28 P   0.00039 0.02908 0.21312 0.75741 ( 4)  0.340
  29 P   0.39340 0.36349 0.21317 0.02994 ( 1)  0.038
  30 R   0.34656 0.33132 0.24426 0.07785 ( 1)  0.061
  31 Q   0.35532 0.33788 0.24017 0.06663 ( 1)  0.056
  32 A   0.00000 0.00328 0.14387 0.85285 ( 4)  0.373
  33 P   0.38817 0.36025 0.21762 0.03395 ( 1)  0.040
  34 L   0.00000 0.00311 0.13833 0.85856 ( 4)  0.375
  35 P   0.00132 0.09393 0.47369 0.43106 ( 3)  0.229
  36 R   0.00000 0.00671 0.24515 0.74814 ( 4)  0.339
  37 A   0.00155 0.10958 0.52007 0.36879 ( 3)  0.208
  38 E   0.00104 0.07477 0.41363 0.51056 ( 4)  0.257
  39 P   0.38654 0.35924 0.21903 0.03519 ( 1)  0.041
  40 L   0.33883 0.32539 0.24733 0.08845 ( 1)  0.066
  41 G   0.37925 0.35461 0.22500 0.04114 ( 1)  0.044
  42 N   0.00122 0.08703 0.45570 0.45606 ( 4)  0.238
  43 V   0.00097 0.06997 0.39601 0.53305 ( 4)  0.264
  44 P   0.39340 0.36349 0.21317 0.02994 ( 1)  0.038
  45 F   0.37750 0.35352 0.22652 0.04247 ( 1)  0.045
  46 L   0.34792 0.33229 0.24346 0.07633 ( 1)  0.060
  47 L   0.34290 0.32853 0.24578 0.08278 ( 1)  0.063
  48 Y   0.37342 0.35074 0.22934 0.04651 ( 1)  0.047
  49 P   0.00100 0.07192 0.40246 0.52462 ( 4)  0.261
  50 G   0.37371 0.35088 0.22895 0.04647 ( 1)  0.046
  51 P   0.00103 0.07424 0.40923 0.51551 ( 4)  0.258
  52 S   0.00000 0.00473 0.18916 0.80610 ( 4)  0.358
  53 -   0.25000 0.25000 0.25000 0.25000 ( 1)  0.133
  54 E   0.35213 0.33550 0.24170 0.07067 ( 1)  0.058
  55 P   0.00000 0.00366 0.15611 0.84023 ( 4)  0.369
  56 P   0.39340 0.36349 0.21317 0.02994 ( 1)  0.038
  57 Y   0.37342 0.35074 0.22934 0.04651 ( 1)  0.047
  58 Y   0.37342 0.35074 0.22934 0.04651 ( 1)  0.047
  59 D   0.38840 0.36054 0.21781 0.03326 ( 1)  0.040
  60 A   0.38453 0.35795 0.22060 0.03691 ( 1)  0.042
  61 Y   0.36457 0.34456 0.23498 0.05589 ( 1)  0.051
  62 A   0.34425 0.32954 0.24512 0.08109 ( 1)  0.062
  63 G   0.34351 0.32902 0.24561 0.08186 ( 1)  0.063
  64 V   0.34819 0.33256 0.24357 0.07567 ( 1)  0.060
  65 F   0.37750 0.35352 0.22652 0.04247 ( 1)  0.045
  66 P   0.39340 0.36349 0.21317 0.02994 ( 1)  0.038
  67 Y   0.35852 0.34020 0.23841 0.06286 ( 1)  0.054
  68 V   0.34955 0.33359 0.24296 0.07390 ( 1)  0.059
  69 P   0.38939 0.36105 0.21669 0.03287 ( 1)  0.040
  70 F   0.37095 0.34905 0.23101 0.04899 ( 1)  0.048
  71 P   0.39340 0.36349 0.21317 0.02994 ( 1)  0.038
  72 G   0.37027 0.34850 0.23120 0.05003 ( 1)  0.048
  73 A   0.38622 0.35904 0.21928 0.03545 ( 1)  0.041
  74 F   0.37750 0.35352 0.22652 0.04247 ( 1)  0.045
  75 G   0.34351 0.32902 0.24561 0.08186 ( 1)  0.063
  76 V   0.38643 0.35928 0.21941 0.03488 ( 1)  0.041
  77 Y   0.37342 0.35074 0.22934 0.04651 ( 1)  0.047
  78 D   0.00086 0.06264 0.36506 0.57144 ( 4)  0.277
  79 Y   0.37141 0.34936 0.23068 0.04855 ( 1)  0.048
  80 P   0.39340 0.36349 0.21317 0.02994 ( 1)  0.038
  81 F   0.37750 0.35352 0.22652 0.04247 ( 1)  0.045
  82 E   0.35564 0.33811 0.24000 0.06625 ( 1)  0.056
  83 P   0.36123 0.34186 0.23584 0.06107 ( 1)  0.053
  84 A   0.38553 0.35860 0.21982 0.03604 ( 1)  0.041
  85 F   0.37750 0.35352 0.22652 0.04247 ( 1)  0.045
  86 I   0.35610 0.33849 0.23990 0.06551 ( 1)  0.055
  87 Q   0.35532 0.33788 0.24017 0.06663 ( 1)  0.056
  88 K   0.33050 0.31893 0.25035 0.10022 ( 1)  0.071
  89 R   0.38656 0.35936 0.21927 0.03481 ( 1)  0.041
  90 N   0.36640 0.34591 0.23406 0.05363 ( 1)  0.050
  91 E   0.35497 0.33761 0.24033 0.06709 ( 1)  0.056
  92 R   0.38656 0.35936 0.21927 0.03481 ( 1)  0.041
  93 E   0.35564 0.33811 0.24000 0.06625 ( 1)  0.056
  94 R   0.35761 0.33944 0.23854 0.06441 ( 1)  0.055
  95 Q   0.35532 0.33788 0.24017 0.06663 ( 1)  0.056
  96 R   0.37696 0.35307 0.22661 0.04336 ( 1)  0.045
  97 V   0.37062 0.34870 0.23086 0.04981 ( 1)  0.048
  98 K   0.33050 0.31893 0.25035 0.10022 ( 1)  0.071
  99 C   0.37211 0.34986 0.23029 0.04774 ( 1)  0.047
 100 V   0.38643 0.35928 0.21941 0.03488 ( 1)  0.041
 101 N   0.36640 0.34591 0.23406 0.05363 ( 1)  0.050
 102 E   0.35518 0.33777 0.24023 0.06683 ( 1)  0.056
 103 G   0.37249 0.35005 0.22982 0.04765 ( 1)  0.047
 104 Y   0.37342 0.35074 0.22934 0.04651 ( 1)  0.047
 105 A   0.34906 0.33316 0.24298 0.07480 ( 1)  0.060
 106 R   0.38656 0.35936 0.21927 0.03481 ( 1)  0.041
 107 L   0.39012 0.36160 0.21631 0.03197 ( 1)  0.039
 108 R   0.38656 0.35936 0.21927 0.03481 ( 1)  0.041
 109 G   0.37925 0.35461 0.22500 0.04114 ( 1)  0.044
 110 H   0.39591 0.36516 0.21130 0.02763 ( 1)  0.037
 111 L   0.39127 0.36232 0.21535 0.03107 ( 1)  0.039
 112 P   0.39163 0.36240 0.21468 0.03129 ( 1)  0.039
 113 G   0.37925 0.35461 0.22500 0.04114 ( 1)  0.044
 114 A   0.38622 0.35904 0.21928 0.03545 ( 1)  0.041
 115 L   0.34422 0.32954 0.24525 0.08098 ( 1)  0.062
 116 A   0.32884 0.31726 0.24937 0.10454 ( 1)  0.073
 117 E   0.35564 0.33811 0.24000 0.06625 ( 1)  0.056
 118 K   0.32101 0.31131 0.25272 0.11496 ( 1)  0.077
 119 R   0.32269 0.31259 0.25201 0.11270 ( 1)  0.076
 120 L   0.37769 0.35349 0.22589 0.04294 ( 1)  0.045
 121 S   0.35890 0.34055 0.23846 0.06208 ( 1)  0.054
 122 K   0.33050 0.31893 0.25035 0.10022 ( 1)  0.071
 123 V   0.34955 0.33359 0.24296 0.07390 ( 1)  0.059
 124 E   0.35096 0.33463 0.24226 0.07216 ( 1)  0.058
 125 T   0.34511 0.33028 0.24510 0.07951 ( 1)  0.062
 126 L   0.34274 0.32841 0.24585 0.08300 ( 1)  0.063
 127 -   0.25000 0.25000 0.25000 0.25000 ( 4)  0.133
 128 -   0.25000 0.25000 0.25000 0.25000 ( 1)  0.133
 129 -   0.25000 0.25000 0.25000 0.25000 ( 4)  0.133
 130 -   0.25000 0.25000 0.25000 0.25000 ( 4)  0.133
 131 -   0.25000 0.25000 0.25000 0.25000 ( 3)  0.133
 132 -   0.25000 0.25000 0.25000 0.25000 ( 1)  0.133
 133 -   0.25000 0.25000 0.25000 0.25000 ( 3)  0.133
 134 -   0.25000 0.25000 0.25000 0.25000 ( 3)  0.133
 135 -   0.25000 0.25000 0.25000 0.25000 ( 3)  0.133
 136 -   0.25000 0.25000 0.25000 0.25000 ( 1)  0.133
 137 -   0.25000 0.25000 0.25000 0.25000 ( 4)  0.133
 138 -   0.25000 0.25000 0.25000 0.25000 ( 3)  0.133
 139 -   0.25000 0.25000 0.25000 0.25000 ( 1)  0.133
 140 -   0.25000 0.25000 0.25000 0.25000 ( 4)  0.133
 141 -   0.25000 0.25000 0.25000 0.25000 ( 4)  0.133
 142 -   0.25000 0.25000 0.25000 0.25000 ( 4)  0.133
 143 -   0.25000 0.25000 0.25000 0.25000 ( 3)  0.133
 144 -   0.25000 0.25000 0.25000 0.25000 ( 4)  0.133
 145 -   0.25000 0.25000 0.25000 0.25000 ( 4)  0.133
 146 -   0.25000 0.25000 0.25000 0.25000 ( 3)  0.133
 147 -   0.25000 0.25000 0.25000 0.25000 ( 4)  0.133
 148 -   0.25000 0.25000 0.25000 0.25000 ( 3)  0.133
 149 -   0.25000 0.25000 0.25000 0.25000 ( 1)  0.133
 150 -   0.25000 0.25000 0.25000 0.25000 ( 3)  0.133
 151 -   0.25000 0.25000 0.25000 0.25000 ( 1)  0.133
 152 -   0.25000 0.25000 0.25000 0.25000 ( 1)  0.133
 153 -   0.25000 0.25000 0.25000 0.25000 ( 1)  0.133
 154 -   0.25000 0.25000 0.25000 0.25000 ( 4)  0.133
 155 -   0.25000 0.25000 0.25000 0.25000 ( 1)  0.133
 156 -   0.25000 0.25000 0.25000 0.25000 ( 4)  0.133
 157 -   0.25000 0.25000 0.25000 0.25000 ( 1)  0.133
 158 -   0.25000 0.25000 0.25000 0.25000 ( 3)  0.133
 159 -   0.25000 0.25000 0.25000 0.25000 ( 1)  0.133
 160 -   0.25000 0.25000 0.25000 0.25000 ( 4)  0.133
 161 -   0.25000 0.25000 0.25000 0.25000 ( 1)  0.133
 162 -   0.25000 0.25000 0.25000 0.25000 ( 4)  0.133
 163 -   0.25000 0.25000 0.25000 0.25000 ( 4)  0.133
 164 -   0.25000 0.25000 0.25000 0.25000 ( 3)  0.133
 165 R   0.38656 0.35936 0.21927 0.03481 ( 1)  0.041
 166 A   0.38293 0.35690 0.22185 0.03832 ( 1)  0.042
 167 A   0.38293 0.35690 0.22185 0.03832 ( 1)  0.042
 168 I   0.35942 0.34092 0.23816 0.06149 ( 1)  0.054
 169 R   0.38328 0.35723 0.22185 0.03763 ( 1)  0.042
 170 Y   0.37030 0.34859 0.23141 0.04969 ( 1)  0.048
 171 I   0.35029 0.33418 0.24274 0.07279 ( 1)  0.059
 172 K   0.32812 0.31703 0.25102 0.10383 ( 1)  0.072
 173 Y   0.00000 0.00379 0.16223 0.83399 ( 4)  0.367
 174 L   0.34155 0.32750 0.24631 0.08463 ( 1)  0.064
 175 Q   0.34872 0.33296 0.24332 0.07499 ( 1)  0.060
 176 E   0.35278 0.33600 0.24144 0.06979 ( 1)  0.057
 177 L   0.34155 0.32750 0.24631 0.08463 ( 1)  0.064
 178 L   0.34281 0.32846 0.24582 0.08291 ( 1)  0.063
 179 S   0.35600 0.33843 0.24000 0.06556 ( 1)  0.055
 180 A   0.00101 0.07292 0.40522 0.52085 ( 4)  0.260
 181 A   0.38080 0.35550 0.22344 0.04025 ( 1)  0.043
 182 P   0.33952 0.32571 0.24621 0.08856 ( 1)  0.066
 183 D   0.38285 0.35694 0.22216 0.03804 ( 1)  0.042
 184 G   0.37578 0.35228 0.22748 0.04445 ( 1)  0.046
 185 A   0.00093 0.06733 0.38538 0.54636 ( 4)  0.269
 186 P   0.00000 0.00285 0.12884 0.86831 ( 4)  0.378
 187 P   0.00000 0.00024 0.06866 0.93109 ( 4)  0.399
 188 P   0.36496 0.34457 0.23387 0.05661 ( 1)  0.051
 189 A   0.32969 0.31775 0.24838 0.10417 ( 1)  0.072
 190 A   0.00000 0.00016 0.04913 0.95072 ( 4)  0.405
 191 R   0.36992 0.34813 0.23104 0.05091 ( 1)  0.049
 192 V   0.00000 0.00404 0.16809 0.82787 ( 4)  0.365
 193 L   0.37686 0.35285 0.22623 0.04406 ( 1)  0.045
 194 P   0.35106 0.33443 0.24119 0.07333 ( 1)  0.059
 195 A   0.00094 0.06832 0.38854 0.54220 ( 4)  0.267
 196 P   0.00000 0.00339 0.14728 0.84933 ( 4)  0.372
 197 G   0.00000 0.00000 0.00551 0.99448 ( 4)  0.420
 198 P   0.00000 0.00493 0.19467 0.80039 ( 4)  0.356
 199 A   0.00000 0.00000 0.00891 0.99108 ( 4)  0.418
 200 P   0.37034 0.34842 0.23076 0.05047 ( 1)  0.048
 201 -   0.33200 0.32002 0.24953 0.09845 ( 1)  0.070
 202 -   0.00078 0.05676 0.34354 0.59892 ( 4)  0.287
 203 -   0.00000 0.00422 0.17350 0.82228 ( 4)  0.363
 204 -   0.00117 0.08388 0.44330 0.47165 ( 4)  0.243
 205 -   0.00000 0.00317 0.14017 0.85666 ( 4)  0.375
 206 -   0.00126 0.08998 0.46357 0.44519 ( 3)  0.234
 207 -   0.00000 0.00200 0.09838 0.89962 ( 4)  0.389
 208 -   0.00120 0.08612 0.45001 0.46266 ( 4)  0.240
 209 -   0.36501 0.34482 0.23455 0.05562 ( 1)  0.051
 210 R   0.00000 0.00426 0.17513 0.82062 ( 4)  0.363
 211 R   0.25000 0.25000 0.25000 0.25000 ( 4)  0.133
 212 P   0.25000 0.25000 0.25000 0.25000 ( 4)  0.133
 213 P   0.25000 0.25000 0.25000 0.25000 ( 4)  0.133
 214 P   0.25000 0.25000 0.25000 0.25000 ( 4)  0.133
 215 R   0.25000 0.25000 0.25000 0.25000 ( 4)  0.133
 216 P   0.25000 0.25000 0.25000 0.25000 ( 4)  0.133
 217 N   0.25000 0.25000 0.25000 0.25000 ( 1)  0.133
 218 A   0.25000 0.25000 0.25000 0.25000 ( 4)  0.133
 219 P   0.32343 0.31289 0.25055 0.11313 ( 1)  0.076
 220 G   0.36353 0.34379 0.23549 0.05719 ( 1)  0.052
 221 -   0.25000 0.25000 0.25000 0.25000 ( 4)  0.133
 222 -   0.25000 0.25000 0.25000 0.25000 ( 4)  0.133
 223 D   0.00000 0.00518 0.20279 0.79203 ( 4)  0.354
 224 G   0.00000 0.00383 0.16154 0.83463 ( 4)  0.367
 225 E   0.33763 0.32448 0.24785 0.09004 ( 1)  0.066
 226 D   0.00126 0.08981 0.46252 0.44642 ( 3)  0.234
 227 R   0.00000 0.00265 0.12218 0.87518 ( 4)  0.381
 228 A   0.00000 0.00264 0.12174 0.87562 ( 4)  0.381
 229 P   0.37735 0.35321 0.22597 0.04347 ( 1)  0.045
 230 S   0.00000 0.00513 0.20060 0.79427 ( 4)  0.354
 231 S   0.00000 0.00431 0.17718 0.81852 ( 4)  0.362
 232 L   0.00079 0.05776 0.34801 0.59344 ( 4)  0.285
 233 V   0.00000 0.00207 0.10108 0.89685 ( 4)  0.388
 234 P   0.00102 0.07356 0.40730 0.51812 ( 4)  0.259
 235 E   0.00089 0.06464 0.37556 0.55891 ( 4)  0.273
 236 S   0.29936 0.29322 0.25493 0.15249 ( 1)  0.093
 237 S   0.36775 0.34677 0.23290 0.05258 ( 1)  0.049
 238 E   0.33763 0.32448 0.24785 0.09004 ( 1)  0.066
 239 S   0.36901 0.34765 0.23210 0.05123 ( 1)  0.049
 240 S   0.37435 0.35134 0.22857 0.04574 ( 1)  0.046
 241 C   0.35014 0.33405 0.24276 0.07304 ( 1)  0.059
 242 F   0.36237 0.34302 0.23640 0.05821 ( 1)  0.052
 243 S   0.37435 0.35134 0.22857 0.04574 ( 1)  0.046
 244 P   0.00000 0.00500 0.19733 0.79767 ( 4)  0.355
 245 S   0.33433 0.32192 0.24900 0.09475 ( 1)  0.068
 246 P   0.26620 0.26454 0.25350 0.21576 ( 1)  0.119
 247 F   0.36237 0.34302 0.23640 0.05821 ( 1)  0.052
 248 L   0.00050 0.03705 0.25451 0.70795 ( 4)  0.324
 249 E   0.33321 0.32101 0.24929 0.09649 ( 1)  0.069
 250 S   0.33433 0.32192 0.24900 0.09475 ( 1)  0.068
 251 E   0.34208 0.32793 0.24620 0.08379 ( 1)  0.064
 252 E   0.28599 0.28190 0.25560 0.17652 ( 1)  0.103
 253 S   0.37306 0.35045 0.22945 0.04704 ( 1)  0.047
 254 C   0.00000 0.00351 0.15187 0.84462 ( 4)  0.371
 255 H   0.00058 0.04265 0.28146 0.67531 ( 4)  0.313


lnL = -2373.752068

