Supplemental results for CODEML (seqf: algn  treef: tree)


dN/dS (w) for site classes (K=2)

p:   0.92548  0.07452
w:   0.24548  1.00000

Naive Empirical Bayes (NEB) probabilities for 2 classes & postmean_w
(amino acids refer to 1st sequence: chlSab_FOXL3_XM_008018930)

   1 G   0.99944 0.00056 ( 1)  0.246
   2 -   0.92548 0.07452 ( 1)  0.302
   3 -   0.92548 0.07452 ( 1)  0.302
   4 -   0.92548 0.07452 ( 1)  0.302
   5 -   0.92548 0.07452 ( 1)  0.302
   6 -   0.92548 0.07452 ( 1)  0.302
   7 -   0.92548 0.07452 ( 1)  0.302
   8 -   0.92548 0.07452 ( 1)  0.302
   9 -   0.92548 0.07452 ( 1)  0.302
  10 -   0.92548 0.07452 ( 1)  0.302
  11 -   0.92548 0.07452 ( 1)  0.302
  12 -   0.92548 0.07452 ( 1)  0.302
  13 P   0.99905 0.00095 ( 1)  0.246
  14 K   0.86641 0.13359 ( 1)  0.346
  15 -   0.92548 0.07452 ( 1)  0.302
  16 -   0.92548 0.07452 ( 1)  0.302
  17 -   0.92548 0.07452 ( 1)  0.302
  18 -   0.92548 0.07452 ( 1)  0.302
  19 -   0.92548 0.07452 ( 1)  0.302
  20 -   0.92548 0.07452 ( 1)  0.302
  21 -   0.92548 0.07452 ( 1)  0.302
  22 -   0.92548 0.07452 ( 1)  0.302
  23 -   0.92548 0.07452 ( 1)  0.302
  24 -   0.92548 0.07452 ( 1)  0.302
  25 -   0.92548 0.07452 ( 1)  0.302
  26 -   0.92548 0.07452 ( 1)  0.302
  27 -   0.92548 0.07452 ( 1)  0.302
  28 -   0.92548 0.07452 ( 1)  0.302
  29 -   0.92548 0.07452 ( 1)  0.302
  30 -   0.92548 0.07452 ( 1)  0.302
  31 -   0.92548 0.07452 ( 1)  0.302
  32 -   0.92548 0.07452 ( 1)  0.302
  33 -   0.92548 0.07452 ( 1)  0.302
  34 -   0.92548 0.07452 ( 1)  0.302
  35 -   0.92548 0.07452 ( 1)  0.302
  36 -   0.92548 0.07452 ( 1)  0.302
  37 -   0.92548 0.07452 ( 1)  0.302
  38 -   0.92548 0.07452 ( 1)  0.302
  39 -   0.92548 0.07452 ( 1)  0.302
  40 -   0.92548 0.07452 ( 1)  0.302
  41 -   0.92548 0.07452 ( 1)  0.302
  42 -   0.92548 0.07452 ( 1)  0.302
  43 -   0.92548 0.07452 ( 1)  0.302
  44 -   0.92548 0.07452 ( 1)  0.302
  45 -   0.92548 0.07452 ( 1)  0.302
  46 -   0.92548 0.07452 ( 1)  0.302
  47 R   0.99641 0.00359 ( 1)  0.248
  48 E   0.98913 0.01087 ( 1)  0.254
  49 G   0.96541 0.03459 ( 1)  0.272
  50 -   0.88298 0.11702 ( 1)  0.334
  51 -   0.96643 0.03357 ( 1)  0.271
  52 -   0.67256 0.32744 ( 1)  0.493
  53 -   0.90580 0.09420 ( 1)  0.317
  54 -   0.80186 0.19814 ( 1)  0.395
  55 -   0.96978 0.03022 ( 1)  0.268
  56 -   0.90897 0.09103 ( 1)  0.314
  57 -   0.92689 0.07311 ( 1)  0.301
  58 -   0.89532 0.10468 ( 1)  0.324
  59 -   0.98303 0.01697 ( 1)  0.258
  60 -   0.97658 0.02342 ( 1)  0.263
  61 -   0.88620 0.11380 ( 1)  0.331
  62 -   0.89283 0.10717 ( 1)  0.326
  63 -   0.78002 0.21998 ( 1)  0.411
  64 -   0.70537 0.29463 ( 1)  0.468
  65 -   0.93878 0.06122 ( 1)  0.292
  66 -   0.72217 0.27783 ( 1)  0.455
  67 -   0.88941 0.11059 ( 1)  0.329
  68 -   0.83474 0.16526 ( 1)  0.370
  69 -   0.94888 0.05112 ( 1)  0.284
  70 -   0.84632 0.15368 ( 1)  0.361
  71 -   0.88202 0.11798 ( 1)  0.334
  72 -   0.92602 0.07398 ( 1)  0.301
  73 -   0.98618 0.01382 ( 1)  0.256
  74 -   0.95951 0.04049 ( 1)  0.276
  75 -   0.97178 0.02822 ( 1)  0.267
  76 -   0.94708 0.05292 ( 1)  0.285
  77 -   0.98481 0.01519 ( 1)  0.257
  78 -   0.97864 0.02136 ( 1)  0.262
  79 -   0.97305 0.02695 ( 1)  0.266
  80 -   0.84797 0.15203 ( 1)  0.360
  81 -   0.91701 0.08299 ( 1)  0.308
  82 -   0.97492 0.02508 ( 1)  0.264
  83 -   0.94935 0.05065 ( 1)  0.284
  84 -   0.94743 0.05257 ( 1)  0.285
  85 -   0.76883 0.23117 ( 1)  0.420
  86 -   0.95167 0.04833 ( 1)  0.282
  87 -   0.88313 0.11687 ( 1)  0.334
  88 -   0.96078 0.03922 ( 1)  0.275
  89 -   0.97495 0.02505 ( 1)  0.264
  90 -   0.98579 0.01421 ( 1)  0.256
  91 -   0.96625 0.03375 ( 1)  0.271
  92 -   0.89040 0.10960 ( 1)  0.328
  93 -   0.42300 0.57700 ( 2)  0.681
  94 -   0.96864 0.03136 ( 1)  0.269
  95 -   0.88864 0.11136 ( 1)  0.330
  96 -   0.91887 0.08113 ( 1)  0.307
  97 -   0.97305 0.02695 ( 1)  0.266
  98 -   0.97929 0.02071 ( 1)  0.261
  99 -   0.97546 0.02454 ( 1)  0.264
 100 -   0.90677 0.09323 ( 1)  0.316
 101 -   0.77026 0.22974 ( 1)  0.419
 102 -   0.98049 0.01951 ( 1)  0.260
 103 -   0.98095 0.01905 ( 1)  0.260
 104 -   0.97609 0.02391 ( 1)  0.264
 105 -   0.98579 0.01421 ( 1)  0.256
 106 -   0.94516 0.05484 ( 1)  0.287
 107 -   0.98481 0.01519 ( 1)  0.257
 108 -   0.98101 0.01899 ( 1)  0.260
 109 -   0.98049 0.01951 ( 1)  0.260
 110 -   0.98474 0.01526 ( 1)  0.257
 111 -   0.97683 0.02317 ( 1)  0.263
 112 -   0.97126 0.02874 ( 1)  0.267
 113 -   0.97134 0.02866 ( 1)  0.267
 114 -   0.94235 0.05765 ( 1)  0.289
 115 -   0.97419 0.02581 ( 1)  0.265
 116 -   0.94860 0.05140 ( 1)  0.284
 117 -   0.88792 0.11208 ( 1)  0.330
 118 -   0.97658 0.02342 ( 1)  0.263
 119 -   0.92548 0.07452 ( 1)  0.302
 120 -   0.92548 0.07452 ( 1)  0.302
 121 -   0.92548 0.07452 ( 1)  0.302
 122 -   0.92548 0.07452 ( 1)  0.302
 123 -   0.92548 0.07452 ( 1)  0.302
 124 -   0.97419 0.02581 ( 1)  0.265
 125 -   0.86671 0.13329 ( 1)  0.346
 126 -   0.88830 0.11170 ( 1)  0.330
 127 -   0.55740 0.44260 ( 1)  0.579
 128 -   0.96258 0.03742 ( 1)  0.274
 129 -   0.81738 0.18262 ( 1)  0.383
 130 -   0.98303 0.01697 ( 1)  0.258
 131 -   0.97864 0.02136 ( 1)  0.262
 132 -   0.94429 0.05571 ( 1)  0.288
 133 -   0.92870 0.07130 ( 1)  0.299
 134 -   0.97546 0.02454 ( 1)  0.264
 135 -   0.36590 0.63410 ( 2)  0.724
 136 -   0.98069 0.01931 ( 1)  0.260
 137 -   0.92165 0.07835 ( 1)  0.305
 138 -   0.97495 0.02505 ( 1)  0.264
 139 -   0.88941 0.11059 ( 1)  0.329
 140 -   0.93033 0.06967 ( 1)  0.298
 141 -   0.70644 0.29356 ( 1)  0.467
 142 -   0.98426 0.01574 ( 1)  0.257
 143 -   0.98474 0.01526 ( 1)  0.257
 144 -   0.98388 0.01612 ( 1)  0.258
 145 -   0.95669 0.04331 ( 1)  0.278
 146 -   0.97915 0.02085 ( 1)  0.261
 147 -   0.86894 0.13106 ( 1)  0.344
 148 L   0.91123 0.08877 ( 1)  0.312
 149 R   0.97990 0.02010 ( 1)  0.261
 150 G   0.95605 0.04395 ( 1)  0.279
 151 P   0.91346 0.08654 ( 1)  0.311
 152 R   0.89507 0.10493 ( 1)  0.325
 153 A   0.98053 0.01947 ( 1)  0.260
 154 G   0.97818 0.02182 ( 1)  0.262
 155 G   0.93314 0.06686 ( 1)  0.296
 156 V   0.92635 0.07365 ( 1)  0.301
 157 Q   0.98257 0.01743 ( 1)  0.259
 158 G   0.93184 0.06816 ( 1)  0.297
 159 P   0.91809 0.08191 ( 1)  0.307
 160 P   0.60897 0.39103 ( 1)  0.541
 161 G   0.94657 0.05343 ( 1)  0.286
 162 P   0.97843 0.02157 ( 1)  0.262
 163 P   0.72467 0.27533 ( 1)  0.453
 164 E   0.94464 0.05536 ( 1)  0.287
 165 P   0.97865 0.02135 ( 1)  0.262
 166 A   0.76432 0.23568 ( 1)  0.423
 167 A   0.77236 0.22764 ( 1)  0.417
 168 G   0.90336 0.09664 ( 1)  0.318
 169 Q   0.97948 0.02052 ( 1)  0.261
 170 G   0.93184 0.06816 ( 1)  0.297
 171 S   0.73663 0.26337 ( 1)  0.444
 172 L   0.98143 0.01857 ( 1)  0.259
 173 A   0.97602 0.02398 ( 1)  0.264
 174 P   0.91004 0.08996 ( 1)  0.313
 175 D   0.98890 0.01110 ( 1)  0.254
 176 S   0.98621 0.01379 ( 1)  0.256
 177 A   0.94565 0.05435 ( 1)  0.286
 178 G   0.98138 0.01862 ( 1)  0.260
 179 E   0.98620 0.01380 ( 1)  0.256
 180 S   0.94205 0.05795 ( 1)  0.289
 181 A   0.94056 0.05944 ( 1)  0.290
 182 P   0.90794 0.09206 ( 1)  0.315
 183 G   0.96695 0.03305 ( 1)  0.270
 184 R   0.97134 0.02866 ( 1)  0.267
 185 D   0.94991 0.05009 ( 1)  0.283
 186 P   0.92876 0.07124 ( 1)  0.299
 187 H   0.93766 0.06234 ( 1)  0.293
 188 A   0.95783 0.04217 ( 1)  0.277
 189 S   0.85026 0.14974 ( 1)  0.358
 190 P   0.98163 0.01837 ( 1)  0.259
 191 A   0.98358 0.01642 ( 1)  0.258
 192 S   0.98621 0.01379 ( 1)  0.256
 193 P   0.98163 0.01837 ( 1)  0.259
 194 A   0.74230 0.25770 ( 1)  0.440
 195 P   0.73303 0.26697 ( 1)  0.447
 196 P   0.91201 0.08799 ( 1)  0.312
 197 G   0.97816 0.02184 ( 1)  0.262
 198 K   0.97989 0.02011 ( 1)  0.261
 199 E   0.98620 0.01380 ( 1)  0.256
 200 H   0.80448 0.19552 ( 1)  0.393
 201 S   0.91190 0.08810 ( 1)  0.312
 202 R   0.97887 0.02113 ( 1)  0.261
 203 D   0.98789 0.01211 ( 1)  0.255
 204 L   0.98654 0.01346 ( 1)  0.256
 205 K   0.97989 0.02011 ( 1)  0.261
 206 F   0.97332 0.02668 ( 1)  0.266
 207 S   0.98621 0.01379 ( 1)  0.256
 208 I   0.97849 0.02151 ( 1)  0.262
 209 D   0.98890 0.01110 ( 1)  0.254
 210 Y   0.97921 0.02079 ( 1)  0.261
 211 I   0.97849 0.02151 ( 1)  0.262
 212 L   0.98204 0.01796 ( 1)  0.259
 213 S   0.98631 0.01369 ( 1)  0.256
 214 S   0.98631 0.01369 ( 1)  0.256
 215 P   0.94514 0.05486 ( 1)  0.287
 216 D   0.98890 0.01110 ( 1)  0.254
 217 P   0.98163 0.01837 ( 1)  0.259
 218 F   0.96923 0.03077 ( 1)  0.269
 219 P   0.96905 0.03095 ( 1)  0.269
 220 G   0.97120 0.02880 ( 1)  0.267
 221 L   0.94110 0.05890 ( 1)  0.290
 222 K   0.97989 0.02011 ( 1)  0.261
 223 P   0.97692 0.02308 ( 1)  0.263
 224 P   0.98163 0.01837 ( 1)  0.259
 225 C   0.91850 0.08150 ( 1)  0.307
 226 L   0.93147 0.06853 ( 1)  0.297
 227 A   0.94585 0.05415 ( 1)  0.286
 228 Q   0.91270 0.08730 ( 1)  0.311
 229 E   0.98620 0.01380 ( 1)  0.256
 230 G   0.93674 0.06326 ( 1)  0.293
 231 -   0.92548 0.07452 ( 1)  0.302
 232 -   0.92548 0.07452 ( 1)  0.302
 233 -   0.92548 0.07452 ( 1)  0.302
 234 -   0.92548 0.07452 ( 1)  0.302
 235 -   0.92548 0.07452 ( 1)  0.302
 236 R   0.94831 0.05169 ( 1)  0.284
 237 Y   0.97130 0.02870 ( 1)  0.267
 238 A   0.62080 0.37920 ( 1)  0.532
 239 P   0.90435 0.09565 ( 1)  0.318
 240 L   0.91294 0.08706 ( 1)  0.311
 241 E   0.98315 0.01685 ( 1)  0.258
 242 N   0.98312 0.01688 ( 1)  0.258
 243 V   0.98489 0.01511 ( 1)  0.257
 244 G   0.98342 0.01658 ( 1)  0.258
 245 L   0.98654 0.01346 ( 1)  0.256
 246 H   0.98753 0.01247 ( 1)  0.255
 247 F   0.94027 0.05973 ( 1)  0.291
 248 W   0.97722 0.02278 ( 1)  0.263
 249 T   0.95020 0.04980 ( 1)  0.283
 250 M   0.97627 0.02373 ( 1)  0.263
 251 -   0.92548 0.07452 ( 1)  0.302
 252 -   0.92548 0.07452 ( 1)  0.302
 253 -   0.92548 0.07452 ( 1)  0.302
 254 -   0.92548 0.07452 ( 1)  0.302
 255 -   0.92548 0.07452 ( 1)  0.302
 256 -   0.92548 0.07452 ( 1)  0.302
 257 -   0.92548 0.07452 ( 1)  0.302
 258 -   0.92548 0.07452 ( 1)  0.302
 259 -   0.92548 0.07452 ( 1)  0.302
 260 -   0.92548 0.07452 ( 1)  0.302
 261 -   0.92548 0.07452 ( 1)  0.302
 262 -   0.92548 0.07452 ( 1)  0.302
 263 -   0.92548 0.07452 ( 1)  0.302
 264 -   0.92548 0.07452 ( 1)  0.302
 265 -   0.92548 0.07452 ( 1)  0.302
 266 -   0.92548 0.07452 ( 1)  0.302
 267 -   0.92548 0.07452 ( 1)  0.302
 268 -   0.92548 0.07452 ( 1)  0.302
 269 -   0.92548 0.07452 ( 1)  0.302
 270 -   0.92548 0.07452 ( 1)  0.302
 271 -   0.92548 0.07452 ( 1)  0.302
 272 -   0.92548 0.07452 ( 1)  0.302
 273 -   0.92548 0.07452 ( 1)  0.302
 274 -   0.92548 0.07452 ( 1)  0.302
 275 -   0.92548 0.07452 ( 1)  0.302
 276 -   0.92548 0.07452 ( 1)  0.302
 277 -   0.92548 0.07452 ( 1)  0.302
 278 -   0.92548 0.07452 ( 1)  0.302
 279 -   0.92548 0.07452 ( 1)  0.302
 280 -   0.92548 0.07452 ( 1)  0.302
 281 -   0.92548 0.07452 ( 1)  0.302
 282 -   0.92548 0.07452 ( 1)  0.302
 283 -   0.92548 0.07452 ( 1)  0.302
 284 -   0.92548 0.07452 ( 1)  0.302
 285 -   0.92548 0.07452 ( 1)  0.302
 286 -   0.92548 0.07452 ( 1)  0.302
 287 -   0.92548 0.07452 ( 1)  0.302
 288 -   0.92548 0.07452 ( 1)  0.302
 289 -   0.92548 0.07452 ( 1)  0.302
 290 -   0.92548 0.07452 ( 1)  0.302
 291 -   0.92548 0.07452 ( 1)  0.302
 292 -   0.92548 0.07452 ( 1)  0.302
 293 -   0.92548 0.07452 ( 1)  0.302
 294 -   0.92548 0.07452 ( 1)  0.302
 295 -   0.92548 0.07452 ( 1)  0.302
 296 -   0.92548 0.07452 ( 1)  0.302
 297 -   0.92548 0.07452 ( 1)  0.302
 298 -   0.92548 0.07452 ( 1)  0.302
 299 -   0.92548 0.07452 ( 1)  0.302
 300 -   0.92548 0.07452 ( 1)  0.302
 301 -   0.92548 0.07452 ( 1)  0.302
 302 -   0.92548 0.07452 ( 1)  0.302
 303 -   0.92548 0.07452 ( 1)  0.302
 304 -   0.92548 0.07452 ( 1)  0.302
 305 -   0.92548 0.07452 ( 1)  0.302
 306 -   0.92548 0.07452 ( 1)  0.302


lnL = -2049.918160

