Supplemental results for CODEML (seqf: algn  treef: tree)


dN/dS (w) for site classes (K=3)

p:   0.73689  0.00000  0.26311
w:   0.20195  1.00000  1.34038

Naive Empirical Bayes (NEB) probabilities for 3 classes & postmean_w & P(w>1)
(amino acids refer to 1st sequence: calJac_NFILZ_XM_035286919)

   1 -   0.73689 0.00000 0.26311 ( 1)  0.501  0.263
   2 -   0.73689 0.00000 0.26311 ( 1)  0.501  0.263
   3 -   0.73689 0.00000 0.26311 ( 1)  0.501  0.263
   4 -   0.73689 0.00000 0.26311 ( 1)  0.501  0.263
   5 -   0.73689 0.00000 0.26311 ( 1)  0.501  0.263
   6 -   0.73689 0.00000 0.26311 ( 1)  0.501  0.263
   7 -   0.73689 0.00000 0.26311 ( 1)  0.501  0.263
   8 -   0.73689 0.00000 0.26311 ( 1)  0.501  0.263
   9 -   0.73689 0.00000 0.26311 ( 1)  0.501  0.263
  10 -   0.73689 0.00000 0.26311 ( 1)  0.501  0.263
  11 -   0.73689 0.00000 0.26311 ( 1)  0.501  0.263
  12 -   0.73689 0.00000 0.26311 ( 1)  0.501  0.263
  13 -   0.73689 0.00000 0.26311 ( 1)  0.501  0.263
  14 -   0.73689 0.00000 0.26311 ( 1)  0.501  0.263
  15 -   0.73689 0.00000 0.26311 ( 1)  0.501  0.263
  16 -   0.73689 0.00000 0.26311 ( 1)  0.501  0.263
  17 -   0.73689 0.00000 0.26311 ( 1)  0.501  0.263
  18 -   0.73689 0.00000 0.26311 ( 1)  0.501  0.263
  19 -   0.73689 0.00000 0.26311 ( 1)  0.501  0.263
  20 -   0.73689 0.00000 0.26311 ( 1)  0.501  0.263
  21 -   0.73689 0.00000 0.26311 ( 1)  0.501  0.263
  22 -   0.73689 0.00000 0.26311 ( 1)  0.501  0.263
  23 -   0.73689 0.00000 0.26311 ( 1)  0.501  0.263
  24 -   0.73689 0.00000 0.26311 ( 1)  0.501  0.263
  25 -   0.73689 0.00000 0.26311 ( 1)  0.501  0.263
  26 -   0.73689 0.00000 0.26311 ( 1)  0.501  0.263
  27 -   0.73689 0.00000 0.26311 ( 1)  0.501  0.263
  28 -   0.73689 0.00000 0.26311 ( 1)  0.501  0.263
  29 -   0.73689 0.00000 0.26311 ( 1)  0.501  0.263
  30 -   0.73689 0.00000 0.26311 ( 1)  0.501  0.263
  31 -   0.73689 0.00000 0.26311 ( 1)  0.501  0.263
  32 -   0.73689 0.00000 0.26311 ( 1)  0.501  0.263
  33 -   0.73689 0.00000 0.26311 ( 1)  0.501  0.263
  34 -   0.73689 0.00000 0.26311 ( 1)  0.501  0.263
  35 -   0.73689 0.00000 0.26311 ( 1)  0.501  0.263
  36 -   0.73689 0.00000 0.26311 ( 1)  0.501  0.263
  37 -   0.73689 0.00000 0.26311 ( 1)  0.501  0.263
  38 -   0.73689 0.00000 0.26311 ( 1)  0.501  0.263
  39 -   0.73689 0.00000 0.26311 ( 1)  0.501  0.263
  40 -   0.73689 0.00000 0.26311 ( 1)  0.501  0.263
  41 -   0.73689 0.00000 0.26311 ( 1)  0.501  0.263
  42 -   0.73689 0.00000 0.26311 ( 1)  0.501  0.263
  43 -   0.73689 0.00000 0.26311 ( 1)  0.501  0.263
  44 -   0.73689 0.00000 0.26311 ( 1)  0.501  0.263
  45 -   0.73689 0.00000 0.26311 ( 1)  0.501  0.263
  46 -   0.73689 0.00000 0.26311 ( 1)  0.501  0.263
  47 -   0.73689 0.00000 0.26311 ( 1)  0.501  0.263
  48 -   0.73689 0.00000 0.26311 ( 1)  0.501  0.263
  49 -   0.73689 0.00000 0.26311 ( 1)  0.501  0.263
  50 -   0.73689 0.00000 0.26311 ( 1)  0.501  0.263
  51 -   0.73689 0.00000 0.26311 ( 1)  0.501  0.263
  52 -   0.73689 0.00000 0.26311 ( 1)  0.501  0.263
  53 -   0.73689 0.00000 0.26311 ( 1)  0.501  0.263
  54 -   0.73689 0.00000 0.26311 ( 1)  0.501  0.263
  55 -   0.73689 0.00000 0.26311 ( 1)  0.501  0.263
  56 -   0.73689 0.00000 0.26311 ( 1)  0.501  0.263
  57 -   0.73689 0.00000 0.26311 ( 1)  0.501  0.263
  58 -   0.73689 0.00000 0.26311 ( 1)  0.501  0.263
  59 -   0.73689 0.00000 0.26311 ( 1)  0.501  0.263
  60 -   0.73689 0.00000 0.26311 ( 1)  0.501  0.263
  61 -   0.73689 0.00000 0.26311 ( 1)  0.501  0.263
  62 -   0.73689 0.00000 0.26311 ( 1)  0.501  0.263
  63 -   0.73689 0.00000 0.26311 ( 1)  0.501  0.263
  64 -   0.73689 0.00000 0.26311 ( 1)  0.501  0.263
  65 -   0.73689 0.00000 0.26311 ( 1)  0.501  0.263
  66 -   0.73689 0.00000 0.26311 ( 1)  0.501  0.263
  67 -   0.73689 0.00000 0.26311 ( 1)  0.501  0.263
  68 -   0.73689 0.00000 0.26311 ( 1)  0.501  0.263
  69 -   0.73689 0.00000 0.26311 ( 1)  0.501  0.263
  70 -   0.73689 0.00000 0.26311 ( 1)  0.501  0.263
  71 -   0.73689 0.00000 0.26311 ( 1)  0.501  0.263
  72 -   0.73689 0.00000 0.26311 ( 1)  0.501  0.263
  73 -   0.73689 0.00000 0.26311 ( 1)  0.501  0.263
  74 -   0.73689 0.00000 0.26311 ( 1)  0.501  0.263
  75 -   0.73689 0.00000 0.26311 ( 1)  0.501  0.263
  76 -   0.73689 0.00000 0.26311 ( 1)  0.501  0.263
  77 -   0.73689 0.00000 0.26311 ( 1)  0.501  0.263
  78 -   0.73689 0.00000 0.26311 ( 1)  0.501  0.263
  79 -   0.73689 0.00000 0.26311 ( 1)  0.501  0.263
  80 -   0.73689 0.00000 0.26311 ( 1)  0.501  0.263
  81 -   0.73689 0.00000 0.26311 ( 1)  0.501  0.263
  82 -   0.73689 0.00000 0.26311 ( 1)  0.501  0.263
  83 -   0.73689 0.00000 0.26311 ( 1)  0.501  0.263
  84 -   0.73689 0.00000 0.26311 ( 1)  0.501  0.263
  85 -   0.73689 0.00000 0.26311 ( 1)  0.501  0.263
  86 -   0.73689 0.00000 0.26311 ( 1)  0.501  0.263
  87 -   0.73689 0.00000 0.26311 ( 1)  0.501  0.263
  88 -   0.73689 0.00000 0.26311 ( 1)  0.501  0.263
  89 -   0.73689 0.00000 0.26311 ( 1)  0.501  0.263
  90 -   0.73689 0.00000 0.26311 ( 1)  0.501  0.263
  91 -   0.73689 0.00000 0.26311 ( 1)  0.501  0.263
  92 -   0.73689 0.00000 0.26311 ( 1)  0.501  0.263
  93 -   0.73689 0.00000 0.26311 ( 1)  0.501  0.263
  94 -   0.73689 0.00000 0.26311 ( 1)  0.501  0.263
  95 -   0.73689 0.00000 0.26311 ( 1)  0.501  0.263
  96 -   0.73689 0.00000 0.26311 ( 1)  0.501  0.263
  97 -   0.73689 0.00000 0.26311 ( 1)  0.501  0.263
  98 -   0.73689 0.00000 0.26311 ( 1)  0.501  0.263
  99 -   0.73689 0.00000 0.26311 ( 1)  0.501  0.263
 100 -   0.73689 0.00000 0.26311 ( 1)  0.501  0.263
 101 -   0.73689 0.00000 0.26311 ( 1)  0.501  0.263
 102 -   0.73689 0.00000 0.26311 ( 1)  0.501  0.263
 103 -   0.73689 0.00000 0.26311 ( 1)  0.501  0.263
 104 -   0.73689 0.00000 0.26311 ( 1)  0.501  0.263
 105 -   0.73689 0.00000 0.26311 ( 1)  0.501  0.263
 106 -   0.73689 0.00000 0.26311 ( 1)  0.501  0.263
 107 -   0.73689 0.00000 0.26311 ( 1)  0.501  0.263
 108 -   0.73689 0.00000 0.26311 ( 1)  0.501  0.263
 109 -   0.73689 0.00000 0.26311 ( 1)  0.501  0.263
 110 -   0.73689 0.00000 0.26311 ( 1)  0.501  0.263
 111 -   0.73689 0.00000 0.26311 ( 1)  0.501  0.263
 112 -   0.73689 0.00000 0.26311 ( 1)  0.501  0.263
 113 -   0.73689 0.00000 0.26311 ( 1)  0.501  0.263
 114 -   0.73689 0.00000 0.26311 ( 1)  0.501  0.263
 115 -   0.73689 0.00000 0.26311 ( 1)  0.501  0.263
 116 -   0.73689 0.00000 0.26311 ( 1)  0.501  0.263
 117 -   0.73689 0.00000 0.26311 ( 1)  0.501  0.263
 118 -   0.73689 0.00000 0.26311 ( 1)  0.501  0.263
 119 -   0.73689 0.00000 0.26311 ( 1)  0.501  0.263
 120 -   0.73689 0.00000 0.26311 ( 1)  0.501  0.263
 121 -   0.73689 0.00000 0.26311 ( 1)  0.501  0.263
 122 -   0.73689 0.00000 0.26311 ( 1)  0.501  0.263
 123 -   0.73689 0.00000 0.26311 ( 1)  0.501  0.263
 124 -   0.73689 0.00000 0.26311 ( 1)  0.501  0.263
 125 -   0.73689 0.00000 0.26311 ( 1)  0.501  0.263
 126 -   0.73689 0.00000 0.26311 ( 1)  0.501  0.263
 127 -   0.73689 0.00000 0.26311 ( 1)  0.501  0.263
 128 -   0.73689 0.00000 0.26311 ( 1)  0.501  0.263
 129 -   0.73689 0.00000 0.26311 ( 1)  0.501  0.263
 130 -   0.73689 0.00000 0.26311 ( 1)  0.501  0.263
 131 -   0.73689 0.00000 0.26311 ( 1)  0.501  0.263
 132 -   0.73689 0.00000 0.26311 ( 1)  0.501  0.263
 133 -   0.73689 0.00000 0.26311 ( 1)  0.501  0.263
 134 -   0.73689 0.00000 0.26311 ( 1)  0.501  0.263
 135 -   0.73689 0.00000 0.26311 ( 1)  0.501  0.263
 136 -   0.73689 0.00000 0.26311 ( 1)  0.501  0.263
 137 -   0.73689 0.00000 0.26311 ( 1)  0.501  0.263
 138 -   0.73689 0.00000 0.26311 ( 1)  0.501  0.263
 139 -   0.73689 0.00000 0.26311 ( 1)  0.501  0.263
 140 -   0.73689 0.00000 0.26311 ( 1)  0.501  0.263
 141 -   0.73689 0.00000 0.26311 ( 1)  0.501  0.263
 142 -   0.73689 0.00000 0.26311 ( 1)  0.501  0.263
 143 -   0.73689 0.00000 0.26311 ( 1)  0.501  0.263
 144 -   0.73689 0.00000 0.26311 ( 1)  0.501  0.263
 145 -   0.73689 0.00000 0.26311 ( 1)  0.501  0.263
 146 -   0.73689 0.00000 0.26311 ( 1)  0.501  0.263
 147 -   0.73689 0.00000 0.26311 ( 1)  0.501  0.263
 148 -   0.73689 0.00000 0.26311 ( 1)  0.501  0.263
 149 -   0.73689 0.00000 0.26311 ( 1)  0.501  0.263
 150 -   0.73689 0.00000 0.26311 ( 1)  0.501  0.263
 151 -   0.73689 0.00000 0.26311 ( 1)  0.501  0.263
 152 -   0.73689 0.00000 0.26311 ( 1)  0.501  0.263
 153 -   0.73689 0.00000 0.26311 ( 1)  0.501  0.263
 154 -   0.73689 0.00000 0.26311 ( 1)  0.501  0.263
 155 -   0.73689 0.00000 0.26311 ( 1)  0.501  0.263
 156 -   0.73689 0.00000 0.26311 ( 1)  0.501  0.263
 157 -   0.73689 0.00000 0.26311 ( 1)  0.501  0.263
 158 -   0.73689 0.00000 0.26311 ( 1)  0.501  0.263
 159 -   0.73689 0.00000 0.26311 ( 1)  0.501  0.263
 160 -   0.73689 0.00000 0.26311 ( 1)  0.501  0.263
 161 -   0.73689 0.00000 0.26311 ( 1)  0.501  0.263
 162 -   0.73689 0.00000 0.26311 ( 1)  0.501  0.263
 163 -   0.73689 0.00000 0.26311 ( 1)  0.501  0.263
 164 -   0.73689 0.00000 0.26311 ( 1)  0.501  0.263
 165 -   0.73689 0.00000 0.26311 ( 1)  0.501  0.263
 166 -   0.73689 0.00000 0.26311 ( 1)  0.501  0.263
 167 -   0.73689 0.00000 0.26311 ( 1)  0.501  0.263
 168 -   0.73689 0.00000 0.26311 ( 1)  0.501  0.263
 169 -   0.73689 0.00000 0.26311 ( 1)  0.501  0.263
 170 -   0.73689 0.00000 0.26311 ( 1)  0.501  0.263
 171 -   0.73689 0.00000 0.26311 ( 1)  0.501  0.263
 172 -   0.73689 0.00000 0.26311 ( 1)  0.501  0.263
 173 -   0.73689 0.00000 0.26311 ( 1)  0.501  0.263
 174 -   0.73689 0.00000 0.26311 ( 1)  0.501  0.263
 175 -   0.73689 0.00000 0.26311 ( 1)  0.501  0.263
 176 -   0.73689 0.00000 0.26311 ( 1)  0.501  0.263
 177 -   0.73689 0.00000 0.26311 ( 1)  0.501  0.263
 178 -   0.73689 0.00000 0.26311 ( 1)  0.501  0.263
 179 -   0.73689 0.00000 0.26311 ( 1)  0.501  0.263
 180 -   0.73689 0.00000 0.26311 ( 1)  0.501  0.263
 181 -   0.73689 0.00000 0.26311 ( 1)  0.501  0.263
 182 M   0.93050 0.00000 0.06950 ( 1)  0.281  0.069
 183 D   0.88070 0.00000 0.11930 ( 1)  0.338  0.119
 184 V   0.91785 0.00000 0.08215 ( 1)  0.295  0.082
 185 G   0.85941 0.00000 0.14059 ( 1)  0.362  0.141
 186 F   0.13120 0.00000 0.86880 ( 3)  1.191  0.869
 187 L   0.45970 0.00000 0.54030 ( 3)  0.817  0.540
 188 G   0.54304 0.00000 0.45696 ( 1)  0.722  0.457
 189 L   0.87390 0.00000 0.12610 ( 1)  0.346  0.126
 190 P   0.40274 0.00000 0.59726 ( 3)  0.882  0.597
 191 D   0.88379 0.00000 0.11621 ( 1)  0.334  0.116
 192 V   0.59512 0.00000 0.40488 ( 1)  0.663  0.405
 193 S   0.84199 0.00000 0.15801 ( 1)  0.382  0.158
 194 Q   0.89669 0.00000 0.10331 ( 1)  0.320  0.103
 195 S   0.49887 0.00000 0.50113 ( 3)  0.772  0.501
 196 H   0.49081 0.00000 0.50919 ( 3)  0.782  0.509
 197 S   0.54864 0.00000 0.45136 ( 1)  0.716  0.451
 198 R   0.60280 0.00000 0.39720 ( 1)  0.654  0.397
 199 T   0.87622 0.00000 0.12378 ( 1)  0.343  0.124
 200 L   0.84551 0.00000 0.15449 ( 1)  0.378  0.154
 201 W   0.53186 0.00000 0.46814 ( 1)  0.735  0.468
 202 G   0.91924 0.00000 0.08076 ( 1)  0.294  0.081
 203 T   0.45090 0.00000 0.54910 ( 3)  0.827  0.549
 204 R   0.89944 0.00000 0.10056 ( 1)  0.316  0.101
 205 G   0.88195 0.00000 0.11805 ( 1)  0.336  0.118
 206 R   0.91592 0.00000 0.08408 ( 1)  0.298  0.084
 207 G   0.88084 0.00000 0.11916 ( 1)  0.338  0.119
 208 P   0.86440 0.00000 0.13560 ( 1)  0.356  0.136
 209 T   0.02282 0.00000 0.97718 ( 3)  1.314  0.977
 210 I   0.54660 0.00000 0.45340 ( 1)  0.718  0.453
 211 R   0.84889 0.00000 0.15111 ( 1)  0.374  0.151
 212 R   0.87604 0.00000 0.12396 ( 1)  0.343  0.124
 213 Q   0.89669 0.00000 0.10331 ( 1)  0.320  0.103
 214 R   0.89646 0.00000 0.10354 ( 1)  0.320  0.104
 215 E   0.92653 0.00000 0.07347 ( 1)  0.286  0.073
 216 F   0.87161 0.00000 0.12839 ( 1)  0.348  0.128
 217 M   0.66768 0.00000 0.33232 ( 1)  0.580  0.332
 218 P   0.84250 0.00000 0.15750 ( 1)  0.381  0.158
 219 E   0.84864 0.00000 0.15136 ( 1)  0.374  0.151
 220 E   0.63413 0.00000 0.36587 ( 1)  0.618  0.366
 221 K   0.91912 0.00000 0.08088 ( 1)  0.294  0.081
 222 K   0.91912 0.00000 0.08088 ( 1)  0.294  0.081
 223 D   0.90022 0.00000 0.09978 ( 1)  0.316  0.100
 224 T   0.85058 0.00000 0.14942 ( 1)  0.372  0.149
 225 V   0.85770 0.00000 0.14230 ( 1)  0.364  0.142
 226 Y   0.86392 0.00000 0.13608 ( 1)  0.357  0.136
 227 W   0.88444 0.00000 0.11556 ( 1)  0.334  0.116
 228 E   0.92653 0.00000 0.07347 ( 1)  0.286  0.073
 229 K   0.91912 0.00000 0.08088 ( 1)  0.294  0.081
 230 R   0.89944 0.00000 0.10056 ( 1)  0.316  0.101
 231 R   0.90203 0.00000 0.09797 ( 1)  0.313  0.098
 232 K   0.91912 0.00000 0.08088 ( 1)  0.294  0.081
 233 N   0.89044 0.00000 0.10956 ( 1)  0.327  0.110
 234 N   0.86988 0.00000 0.13012 ( 1)  0.350  0.130
 235 E   0.91949 0.00000 0.08051 ( 1)  0.294  0.081
 236 A   0.85224 0.00000 0.14776 ( 1)  0.370  0.148
 237 A   0.87981 0.00000 0.12019 ( 1)  0.339  0.120
 238 K   0.62660 0.00000 0.37340 ( 1)  0.627  0.373
 239 R   0.83226 0.00000 0.16774 ( 1)  0.393  0.168
 240 S   0.86350 0.00000 0.13650 ( 1)  0.357  0.137
 241 R   0.88455 0.00000 0.11545 ( 1)  0.333  0.115
 242 E   0.84864 0.00000 0.15136 ( 1)  0.374  0.151
 243 K   0.91912 0.00000 0.08088 ( 1)  0.294  0.081
 244 R   0.82678 0.00000 0.17322 ( 1)  0.399  0.173
 245 R   0.84889 0.00000 0.15111 ( 1)  0.374  0.151
 246 R   0.49259 0.00000 0.50741 ( 3)  0.780  0.507
 247 N   0.87421 0.00000 0.12579 ( 1)  0.345  0.126
 248 D   0.88070 0.00000 0.11930 ( 1)  0.338  0.119
 249 A   0.85224 0.00000 0.14776 ( 1)  0.370  0.148
 250 A   0.87981 0.00000 0.12019 ( 1)  0.339  0.120
 251 I   0.49178 0.00000 0.50822 ( 3)  0.781  0.508
 252 E   0.92653 0.00000 0.07347 ( 1)  0.286  0.073
 253 G   0.54304 0.00000 0.45696 ( 1)  0.722  0.457
 254 R   0.91592 0.00000 0.08408 ( 1)  0.298  0.084
 255 L   0.87362 0.00000 0.12638 ( 1)  0.346  0.126
 256 A   0.86278 0.00000 0.13722 ( 1)  0.358  0.137
 257 A   0.82787 0.00000 0.17213 ( 1)  0.398  0.172
 258 L   0.88099 0.00000 0.11901 ( 1)  0.337  0.119
 259 M   0.66125 0.00000 0.33875 ( 1)  0.588  0.339
 260 E   0.92653 0.00000 0.07347 ( 1)  0.286  0.073
 261 E   0.92653 0.00000 0.07347 ( 1)  0.286  0.073
 262 N   0.87437 0.00000 0.12563 ( 1)  0.345  0.126
 263 A   0.52480 0.00000 0.47520 ( 1)  0.743  0.475
 264 L   0.88099 0.00000 0.11901 ( 1)  0.337  0.119
 265 L   0.86890 0.00000 0.13110 ( 1)  0.351  0.131
 266 R   0.61894 0.00000 0.38106 ( 1)  0.636  0.381
 267 D   0.10996 0.00000 0.89004 ( 3)  1.215  0.890
 268 E   0.92653 0.00000 0.07347 ( 1)  0.286  0.073
 269 L   0.88099 0.00000 0.11901 ( 1)  0.337  0.119
 270 R   0.42507 0.00000 0.57493 ( 3)  0.856  0.575
 271 A   0.91723 0.00000 0.08277 ( 1)  0.296  0.083
 272 L   0.86890 0.00000 0.13110 ( 1)  0.351  0.131
 273 K   0.91912 0.00000 0.08088 ( 1)  0.294  0.081
 274 L   0.84720 0.00000 0.15280 ( 1)  0.376  0.153
 275 R   0.51440 0.00000 0.48560 ( 1)  0.755  0.486
 276 F   0.85165 0.00000 0.14835 ( 1)  0.371  0.148
 277 G   0.88195 0.00000 0.11805 ( 1)  0.336  0.118
 278 L   0.13071 0.00000 0.86929 ( 3)  1.192  0.869
 279 L   0.88099 0.00000 0.11901 ( 1)  0.337  0.119
 280 P   0.35217 0.00000 0.64783 ( 3)  0.939  0.648
 281 L   0.52893 0.00000 0.47106 ( 1)  0.738  0.471
 282 T   0.86839 0.00000 0.13161 ( 1)  0.352  0.132
 283 G   0.85941 0.00000 0.14059 ( 1)  0.362  0.141
 284 G   0.91203 0.00000 0.08797 ( 1)  0.302  0.088
 285 P   0.86859 0.00000 0.13141 ( 1)  0.352  0.131
 286 Q   0.16458 0.00000 0.83542 ( 3)  1.153  0.835
 287 A   0.87562 0.00000 0.12438 ( 1)  0.344  0.124
 288 L   0.11175 0.00000 0.88825 ( 3)  1.213  0.888
 289 P   0.86859 0.00000 0.13141 ( 1)  0.352  0.131
 290 L   0.88099 0.00000 0.11901 ( 1)  0.337  0.119
 291 Q   0.89669 0.00000 0.10331 ( 1)  0.320  0.103
 292 A   0.50792 0.00000 0.49208 ( 1)  0.762  0.492
 293 L   0.52759 0.00000 0.47241 ( 1)  0.740  0.472
 294 L   0.80304 0.00000 0.19696 ( 1)  0.426  0.197
 295 W   0.52530 0.00000 0.47470 ( 1)  0.742  0.475
 296 E   0.84864 0.00000 0.15136 ( 1)  0.374  0.151
 297 A   0.48110 0.00000 0.51890 ( 3)  0.793  0.519
 298 P   0.86859 0.00000 0.13141 ( 1)  0.352  0.131
 299 W   0.88444 0.00000 0.11556 ( 1)  0.334  0.116
 300 T   0.85428 0.00000 0.14572 ( 1)  0.368  0.146
 301 G   0.91768 0.00000 0.08232 ( 1)  0.296  0.082
 302 D   0.90022 0.00000 0.09978 ( 1)  0.316  0.100
 303 H   0.12739 0.00000 0.87261 ( 3)  1.195  0.873
 304 H   0.12363 0.00000 0.87637 ( 3)  1.200  0.876
 305 P   0.84698 0.00000 0.15302 ( 1)  0.376  0.153
 306 A   0.62019 0.00000 0.37981 ( 1)  0.634  0.380
 307 A   0.85740 0.00000 0.14260 ( 1)  0.364  0.143
 308 E   0.84864 0.00000 0.15136 ( 1)  0.374  0.151
 309 A   0.42770 0.00000 0.57230 ( 3)  0.853  0.572
 310 L   0.87659 0.00000 0.12341 ( 1)  0.342  0.123
 311 S   0.83016 0.00000 0.16984 ( 1)  0.395  0.170
 312 S   0.12692 0.00000 0.87308 ( 3)  1.196  0.873
 313 L   0.84551 0.00000 0.15449 ( 1)  0.378  0.154
 314 S   0.84199 0.00000 0.15801 ( 1)  0.382  0.158
 315 G   0.48724 0.00000 0.51276 ( 3)  0.786  0.513
 316 S   0.46596 0.00000 0.53404 ( 3)  0.810  0.534
 317 H   0.88831 0.00000 0.11169 ( 1)  0.329  0.112
 318 S   0.13153 0.00000 0.86847 ( 3)  1.191  0.868
 319 C   0.87321 0.00000 0.12679 ( 1)  0.346  0.127
 320 L   0.49247 0.00000 0.50753 ( 3)  0.780  0.508
 321 L   0.78688 0.00000 0.21312 ( 1)  0.445  0.213
 322 R   0.91592 0.00000 0.08408 ( 1)  0.298  0.084
 323 P   0.81915 0.00000 0.18085 ( 1)  0.408  0.181
 324 C   0.01832 0.00000 0.98168 ( 3)  1.320  0.982
 325 S   0.86350 0.00000 0.13650 ( 1)  0.357  0.137
 326 L   0.86944 0.00000 0.13056 ( 1)  0.351  0.131
 327 D   0.88070 0.00000 0.11930 ( 1)  0.338  0.119
 328 A   0.85740 0.00000 0.14260 ( 1)  0.364  0.143
 329 G   0.91924 0.00000 0.08076 ( 1)  0.294  0.081
 330 V   0.10988 0.00000 0.89012 ( 3)  1.215  0.890
 331 P   0.40076 0.00000 0.59924 ( 3)  0.884  0.599
 332 G   0.82581 0.00000 0.17419 ( 1)  0.400  0.174
 333 C   0.85695 0.00000 0.14305 ( 1)  0.365  0.143

Positively selected sites

	Prob(w>1)  mean w

   186 F      0.869         1.191
   187 L      0.540         0.817
   190 P      0.597         0.882
   195 S      0.501         0.772
   196 H      0.509         0.782
   203 T      0.549         0.827
   209 T      0.977*        1.314
   246 R      0.507         0.780
   251 I      0.508         0.781
   267 D      0.890         1.215
   270 R      0.575         0.856
   278 L      0.869         1.192
   280 P      0.648         0.939
   286 Q      0.835         1.153
   288 L      0.888         1.213
   297 A      0.519         0.793
   303 H      0.873         1.195
   304 H      0.876         1.200
   309 A      0.572         0.853
   312 S      0.873         1.196
   315 G      0.513         0.786
   316 S      0.534         0.810
   318 S      0.868         1.191
   320 L      0.508         0.780
   324 C      0.982*        1.320
   330 V      0.890         1.215
   331 P      0.599         0.884


lnL = -1937.025741

Bayes Empirical Bayes (BEB) probabilities for 3 classes (class) & postmean_w
(amino acids refer to 1st sequence: calJac_NFILZ_XM_035286919)

   1 -   0.68050 0.22589 0.09361 ( 1)  0.559 +-  0.666
   2 -   0.68050 0.22589 0.09361 ( 1)  0.559 +-  0.666
   3 -   0.68050 0.22589 0.09361 ( 1)  0.559 +-  0.666
   4 -   0.68050 0.22589 0.09361 ( 1)  0.559 +-  0.666
   5 -   0.68050 0.22589 0.09361 ( 1)  0.559 +-  0.666
   6 -   0.68050 0.22589 0.09361 ( 1)  0.559 +-  0.666
   7 -   0.68050 0.22589 0.09361 ( 1)  0.559 +-  0.666
   8 -   0.68050 0.22589 0.09361 ( 1)  0.559 +-  0.666
   9 -   0.68050 0.22589 0.09361 ( 1)  0.559 +-  0.666
  10 -   0.68050 0.22589 0.09361 ( 1)  0.559 +-  0.666
  11 -   0.68050 0.22589 0.09361 ( 1)  0.559 +-  0.666
  12 -   0.68050 0.22589 0.09361 ( 1)  0.559 +-  0.666
  13 -   0.68050 0.22589 0.09361 ( 1)  0.559 +-  0.666
  14 -   0.68050 0.22589 0.09361 ( 1)  0.559 +-  0.666
  15 -   0.68050 0.22589 0.09361 ( 1)  0.559 +-  0.666
  16 -   0.68050 0.22589 0.09361 ( 1)  0.559 +-  0.666
  17 -   0.68050 0.22589 0.09361 ( 1)  0.559 +-  0.666
  18 -   0.68050 0.22589 0.09361 ( 1)  0.559 +-  0.666
  19 -   0.68050 0.22589 0.09361 ( 1)  0.559 +-  0.666
  20 -   0.68050 0.22589 0.09361 ( 1)  0.559 +-  0.666
  21 -   0.68050 0.22589 0.09361 ( 1)  0.559 +-  0.666
  22 -   0.68050 0.22589 0.09361 ( 1)  0.559 +-  0.666
  23 -   0.68050 0.22589 0.09361 ( 1)  0.559 +-  0.666
  24 -   0.68050 0.22589 0.09361 ( 1)  0.559 +-  0.666
  25 -   0.68050 0.22589 0.09361 ( 1)  0.559 +-  0.666
  26 -   0.68050 0.22589 0.09361 ( 1)  0.559 +-  0.666
  27 -   0.68050 0.22589 0.09361 ( 1)  0.559 +-  0.666
  28 -   0.68050 0.22589 0.09361 ( 1)  0.559 +-  0.666
  29 -   0.68050 0.22589 0.09361 ( 1)  0.559 +-  0.666
  30 -   0.68050 0.22589 0.09361 ( 1)  0.559 +-  0.666
  31 -   0.68050 0.22589 0.09361 ( 1)  0.559 +-  0.666
  32 -   0.68050 0.22589 0.09361 ( 1)  0.559 +-  0.666
  33 -   0.68050 0.22589 0.09361 ( 1)  0.559 +-  0.666
  34 -   0.68050 0.22589 0.09361 ( 1)  0.559 +-  0.666
  35 -   0.68050 0.22589 0.09361 ( 1)  0.559 +-  0.666
  36 -   0.68050 0.22589 0.09361 ( 1)  0.559 +-  0.666
  37 -   0.68050 0.22589 0.09361 ( 1)  0.559 +-  0.666
  38 -   0.68050 0.22589 0.09361 ( 1)  0.559 +-  0.666
  39 -   0.68050 0.22589 0.09361 ( 1)  0.559 +-  0.666
  40 -   0.68050 0.22589 0.09361 ( 1)  0.559 +-  0.666
  41 -   0.68050 0.22589 0.09361 ( 1)  0.559 +-  0.666
  42 -   0.68050 0.22589 0.09361 ( 1)  0.559 +-  0.666
  43 -   0.68050 0.22589 0.09361 ( 1)  0.559 +-  0.666
  44 -   0.68050 0.22589 0.09361 ( 1)  0.559 +-  0.666
  45 -   0.68050 0.22589 0.09361 ( 1)  0.559 +-  0.666
  46 -   0.68050 0.22589 0.09361 ( 1)  0.559 +-  0.666
  47 -   0.68050 0.22589 0.09361 ( 1)  0.559 +-  0.666
  48 -   0.68050 0.22589 0.09361 ( 1)  0.559 +-  0.666
  49 -   0.68050 0.22589 0.09361 ( 1)  0.559 +-  0.666
  50 -   0.68050 0.22589 0.09361 ( 1)  0.559 +-  0.666
  51 -   0.68050 0.22589 0.09361 ( 1)  0.559 +-  0.666
  52 -   0.68050 0.22589 0.09361 ( 1)  0.559 +-  0.666
  53 -   0.68050 0.22589 0.09361 ( 1)  0.559 +-  0.666
  54 -   0.68050 0.22589 0.09361 ( 1)  0.559 +-  0.666
  55 -   0.68050 0.22589 0.09361 ( 1)  0.559 +-  0.666
  56 -   0.68050 0.22589 0.09361 ( 1)  0.559 +-  0.666
  57 -   0.68050 0.22589 0.09361 ( 1)  0.559 +-  0.666
  58 -   0.68050 0.22589 0.09361 ( 1)  0.559 +-  0.666
  59 -   0.68050 0.22589 0.09361 ( 1)  0.559 +-  0.666
  60 -   0.68050 0.22589 0.09361 ( 1)  0.559 +-  0.666
  61 -   0.68050 0.22589 0.09361 ( 1)  0.559 +-  0.666
  62 -   0.68050 0.22589 0.09361 ( 1)  0.559 +-  0.666
  63 -   0.68050 0.22589 0.09361 ( 1)  0.559 +-  0.666
  64 -   0.68050 0.22589 0.09361 ( 1)  0.559 +-  0.666
  65 -   0.68050 0.22589 0.09361 ( 1)  0.559 +-  0.666
  66 -   0.68050 0.22589 0.09361 ( 1)  0.559 +-  0.666
  67 -   0.68050 0.22589 0.09361 ( 1)  0.559 +-  0.666
  68 -   0.68050 0.22589 0.09361 ( 1)  0.559 +-  0.666
  69 -   0.68050 0.22589 0.09361 ( 1)  0.559 +-  0.666
  70 -   0.68050 0.22589 0.09361 ( 1)  0.559 +-  0.666
  71 -   0.68050 0.22589 0.09361 ( 1)  0.559 +-  0.666
  72 -   0.68050 0.22589 0.09361 ( 1)  0.559 +-  0.666
  73 -   0.68050 0.22589 0.09361 ( 1)  0.559 +-  0.666
  74 -   0.68050 0.22589 0.09361 ( 1)  0.559 +-  0.666
  75 -   0.68050 0.22589 0.09361 ( 1)  0.559 +-  0.666
  76 -   0.68050 0.22589 0.09361 ( 1)  0.559 +-  0.666
  77 -   0.68050 0.22589 0.09361 ( 1)  0.559 +-  0.666
  78 -   0.68050 0.22589 0.09361 ( 1)  0.559 +-  0.666
  79 -   0.68050 0.22589 0.09361 ( 1)  0.559 +-  0.666
  80 -   0.68050 0.22589 0.09361 ( 1)  0.559 +-  0.666
  81 -   0.68050 0.22589 0.09361 ( 1)  0.559 +-  0.666
  82 -   0.68050 0.22589 0.09361 ( 1)  0.559 +-  0.666
  83 -   0.68050 0.22589 0.09361 ( 1)  0.559 +-  0.666
  84 -   0.68050 0.22589 0.09361 ( 1)  0.559 +-  0.666
  85 -   0.68050 0.22589 0.09361 ( 1)  0.559 +-  0.666
  86 -   0.68050 0.22589 0.09361 ( 1)  0.559 +-  0.666
  87 -   0.68050 0.22589 0.09361 ( 1)  0.559 +-  0.666
  88 -   0.68050 0.22589 0.09361 ( 1)  0.559 +-  0.666
  89 -   0.68050 0.22589 0.09361 ( 1)  0.559 +-  0.666
  90 -   0.68050 0.22589 0.09361 ( 1)  0.559 +-  0.666
  91 -   0.68050 0.22589 0.09361 ( 1)  0.559 +-  0.666
  92 -   0.68050 0.22589 0.09361 ( 1)  0.559 +-  0.666
  93 -   0.68050 0.22589 0.09361 ( 1)  0.559 +-  0.666
  94 -   0.68050 0.22589 0.09361 ( 1)  0.559 +-  0.666
  95 -   0.68050 0.22589 0.09361 ( 1)  0.559 +-  0.666
  96 -   0.68050 0.22589 0.09361 ( 1)  0.559 +-  0.666
  97 -   0.68050 0.22589 0.09361 ( 1)  0.559 +-  0.666
  98 -   0.68050 0.22589 0.09361 ( 1)  0.559 +-  0.666
  99 -   0.68050 0.22589 0.09361 ( 1)  0.559 +-  0.666
 100 -   0.68050 0.22589 0.09361 ( 1)  0.559 +-  0.666
 101 -   0.68050 0.22589 0.09361 ( 1)  0.559 +-  0.666
 102 -   0.68050 0.22589 0.09361 ( 1)  0.559 +-  0.666
 103 -   0.68050 0.22589 0.09361 ( 1)  0.559 +-  0.666
 104 -   0.68050 0.22589 0.09361 ( 1)  0.559 +-  0.666
 105 -   0.68050 0.22589 0.09361 ( 1)  0.559 +-  0.666
 106 -   0.68050 0.22589 0.09361 ( 1)  0.559 +-  0.666
 107 -   0.68050 0.22589 0.09361 ( 1)  0.559 +-  0.666
 108 -   0.68050 0.22589 0.09361 ( 1)  0.559 +-  0.666
 109 -   0.68050 0.22589 0.09361 ( 1)  0.559 +-  0.666
 110 -   0.68050 0.22589 0.09361 ( 1)  0.559 +-  0.666
 111 -   0.68050 0.22589 0.09361 ( 1)  0.559 +-  0.666
 112 -   0.68050 0.22589 0.09361 ( 1)  0.559 +-  0.666
 113 -   0.68050 0.22589 0.09361 ( 1)  0.559 +-  0.666
 114 -   0.68050 0.22589 0.09361 ( 1)  0.559 +-  0.666
 115 -   0.68050 0.22589 0.09361 ( 1)  0.559 +-  0.666
 116 -   0.68050 0.22589 0.09361 ( 1)  0.559 +-  0.666
 117 -   0.68050 0.22589 0.09361 ( 1)  0.559 +-  0.666
 118 -   0.68050 0.22589 0.09361 ( 1)  0.559 +-  0.666
 119 -   0.68050 0.22589 0.09361 ( 1)  0.559 +-  0.666
 120 -   0.68050 0.22589 0.09361 ( 1)  0.559 +-  0.666
 121 -   0.68050 0.22589 0.09361 ( 1)  0.559 +-  0.666
 122 -   0.68050 0.22589 0.09361 ( 1)  0.559 +-  0.666
 123 -   0.68050 0.22589 0.09361 ( 1)  0.559 +-  0.666
 124 -   0.68050 0.22589 0.09361 ( 1)  0.559 +-  0.666
 125 -   0.68050 0.22589 0.09361 ( 1)  0.559 +-  0.666
 126 -   0.68050 0.22589 0.09361 ( 1)  0.559 +-  0.666
 127 -   0.68050 0.22589 0.09361 ( 1)  0.559 +-  0.666
 128 -   0.68050 0.22589 0.09361 ( 1)  0.559 +-  0.666
 129 -   0.68050 0.22589 0.09361 ( 1)  0.559 +-  0.666
 130 -   0.68050 0.22589 0.09361 ( 1)  0.559 +-  0.666
 131 -   0.68050 0.22589 0.09361 ( 1)  0.559 +-  0.666
 132 -   0.68050 0.22589 0.09361 ( 1)  0.559 +-  0.666
 133 -   0.68050 0.22589 0.09361 ( 1)  0.559 +-  0.666
 134 -   0.68050 0.22589 0.09361 ( 1)  0.559 +-  0.666
 135 -   0.68050 0.22589 0.09361 ( 1)  0.559 +-  0.666
 136 -   0.68050 0.22589 0.09361 ( 1)  0.559 +-  0.666
 137 -   0.68050 0.22589 0.09361 ( 1)  0.559 +-  0.666
 138 -   0.68050 0.22589 0.09361 ( 1)  0.559 +-  0.666
 139 -   0.68050 0.22589 0.09361 ( 1)  0.559 +-  0.666
 140 -   0.68050 0.22589 0.09361 ( 1)  0.559 +-  0.666
 141 -   0.68050 0.22589 0.09361 ( 1)  0.559 +-  0.666
 142 -   0.68050 0.22589 0.09361 ( 1)  0.559 +-  0.666
 143 -   0.68050 0.22589 0.09361 ( 1)  0.559 +-  0.666
 144 -   0.68050 0.22589 0.09361 ( 1)  0.559 +-  0.666
 145 -   0.68050 0.22589 0.09361 ( 1)  0.559 +-  0.666
 146 -   0.68050 0.22589 0.09361 ( 1)  0.559 +-  0.666
 147 -   0.68050 0.22589 0.09361 ( 1)  0.559 +-  0.666
 148 -   0.68050 0.22589 0.09361 ( 1)  0.559 +-  0.666
 149 -   0.68050 0.22589 0.09361 ( 1)  0.559 +-  0.666
 150 -   0.68050 0.22589 0.09361 ( 1)  0.559 +-  0.666
 151 -   0.68050 0.22589 0.09361 ( 1)  0.559 +-  0.666
 152 -   0.68050 0.22589 0.09361 ( 1)  0.559 +-  0.666
 153 -   0.68050 0.22589 0.09361 ( 1)  0.559 +-  0.666
 154 -   0.68050 0.22589 0.09361 ( 1)  0.559 +-  0.666
 155 -   0.68050 0.22589 0.09361 ( 1)  0.559 +-  0.666
 156 -   0.68050 0.22589 0.09361 ( 1)  0.559 +-  0.666
 157 -   0.68050 0.22589 0.09361 ( 1)  0.559 +-  0.666
 158 -   0.68050 0.22589 0.09361 ( 1)  0.559 +-  0.666
 159 -   0.68050 0.22589 0.09361 ( 1)  0.559 +-  0.666
 160 -   0.68050 0.22589 0.09361 ( 1)  0.559 +-  0.666
 161 -   0.68050 0.22589 0.09361 ( 1)  0.559 +-  0.666
 162 -   0.68050 0.22589 0.09361 ( 1)  0.559 +-  0.666
 163 -   0.68050 0.22589 0.09361 ( 1)  0.559 +-  0.666
 164 -   0.68050 0.22589 0.09361 ( 1)  0.559 +-  0.666
 165 -   0.68050 0.22589 0.09361 ( 1)  0.559 +-  0.666
 166 -   0.68050 0.22589 0.09361 ( 1)  0.559 +-  0.666
 167 -   0.68050 0.22589 0.09361 ( 1)  0.559 +-  0.666
 168 -   0.68050 0.22589 0.09361 ( 1)  0.559 +-  0.666
 169 -   0.68050 0.22589 0.09361 ( 1)  0.559 +-  0.666
 170 -   0.68050 0.22589 0.09361 ( 1)  0.559 +-  0.666
 171 -   0.68050 0.22589 0.09361 ( 1)  0.559 +-  0.666
 172 -   0.68050 0.22589 0.09361 ( 1)  0.559 +-  0.666
 173 -   0.68050 0.22589 0.09361 ( 1)  0.559 +-  0.666
 174 -   0.68050 0.22589 0.09361 ( 1)  0.559 +-  0.666
 175 -   0.68050 0.22589 0.09361 ( 1)  0.559 +-  0.666
 176 -   0.68050 0.22589 0.09361 ( 1)  0.559 +-  0.666
 177 -   0.68050 0.22589 0.09361 ( 1)  0.559 +-  0.666
 178 -   0.68050 0.22589 0.09361 ( 1)  0.559 +-  0.666
 179 -   0.68050 0.22589 0.09361 ( 1)  0.559 +-  0.666
 180 -   0.68050 0.22589 0.09361 ( 1)  0.559 +-  0.666
 181 -   0.68050 0.22589 0.09361 ( 1)  0.559 +-  0.666
 182 M   0.88544 0.09849 0.01607 ( 1)  0.303 +-  0.307
 183 D   0.82816 0.14081 0.03103 ( 1)  0.361 +-  0.379
 184 V   0.87068 0.10950 0.01982 ( 1)  0.318 +-  0.327
 185 G   0.80555 0.15613 0.03832 ( 1)  0.386 +-  0.409
 186 F   0.16415 0.49758 0.33827 ( 2)  1.251 +-  0.867
 187 L   0.40896 0.41198 0.17906 ( 2)  0.846 +-  0.668
 188 G   0.46957 0.39173 0.13870 ( 1)  0.747 +-  0.578
 189 L   0.82111 0.14530 0.03359 ( 1)  0.369 +-  0.391
 190 P   0.36416 0.41872 0.21711 ( 2)  0.945 +-  0.793
 191 D   0.83177 0.13801 0.03022 ( 1)  0.358 +-  0.376
 192 V   0.50691 0.37503 0.11806 ( 1)  0.696 +-  0.541
 193 S   0.78731 0.16834 0.04435 ( 1)  0.406 +-  0.432
 194 Q   0.84597 0.12798 0.02605 ( 1)  0.343 +-  0.357
 195 S   0.43795 0.40402 0.15803 ( 1)  0.795 +-  0.615
 196 H   0.43211 0.40602 0.16187 ( 1)  0.804 +-  0.623
 197 S   0.47369 0.39042 0.13589 ( 1)  0.741 +-  0.571
 198 R   0.51243 0.37148 0.11609 ( 1)  0.690 +-  0.540
 199 T   0.82333 0.14418 0.03249 ( 1)  0.366 +-  0.385
 200 L   0.79099 0.16591 0.04310 ( 1)  0.402 +-  0.427
 201 W   0.46163 0.39510 0.14326 ( 1)  0.759 +-  0.586
 202 G   0.87249 0.10804 0.01947 ( 1)  0.316 +-  0.326
 203 T   0.40168 0.41237 0.18595 ( 2)  0.864 +-  0.696
 204 R   0.84945 0.12514 0.02541 ( 1)  0.339 +-  0.355
 205 G   0.82975 0.13946 0.03079 ( 1)  0.360 +-  0.378
 206 R   0.86806 0.11169 0.02026 ( 1)  0.320 +-  0.330
 207 G   0.82855 0.14029 0.03116 ( 1)  0.361 +-  0.380
 208 P   0.81075 0.15273 0.03652 ( 1)  0.380 +-  0.402
 209 T   0.04423 0.41797 0.53780 ( 3)  1.761 +-  1.278
 210 I   0.47222 0.39095 0.13683 ( 1)  0.743 +-  0.573
 211 R   0.79452 0.16347 0.04201 ( 1)  0.399 +-  0.424
 212 R   0.82341 0.14327 0.03332 ( 1)  0.368 +-  0.393
 213 Q   0.84597 0.12798 0.02605 ( 1)  0.343 +-  0.357
 214 R   0.84613 0.12751 0.02636 ( 1)  0.343 +-  0.359
 215 E   0.88111 0.10155 0.01734 ( 1)  0.307 +-  0.314
 216 F   0.81825 0.14787 0.03388 ( 1)  0.372 +-  0.390
 217 M   0.56006 0.34650 0.09344 ( 1)  0.631 +-  0.503
 218 P   0.78807 0.16712 0.04481 ( 1)  0.407 +-  0.438
 219 E   0.79419 0.16383 0.04198 ( 1)  0.399 +-  0.423
 220 E   0.53536 0.35811 0.10653 ( 1)  0.664 +-  0.530
 221 K   0.87174 0.10897 0.01929 ( 1)  0.316 +-  0.325
 222 K   0.87174 0.10897 0.01929 ( 1)  0.316 +-  0.325
 223 D   0.84987 0.12520 0.02493 ( 1)  0.339 +-  0.352
 224 T   0.79640 0.16175 0.04185 ( 1)  0.397 +-  0.426
 225 V   0.80372 0.15738 0.03890 ( 1)  0.388 +-  0.412
 226 Y   0.81014 0.15334 0.03652 ( 1)  0.381 +-  0.401
 227 W   0.83215 0.13812 0.02973 ( 1)  0.357 +-  0.373
 228 E   0.88111 0.10155 0.01734 ( 1)  0.307 +-  0.314
 229 K   0.87174 0.10897 0.01929 ( 1)  0.316 +-  0.325
 230 R   0.84945 0.12514 0.02541 ( 1)  0.339 +-  0.355
 231 R   0.85217 0.12333 0.02451 ( 1)  0.336 +-  0.351
 232 K   0.87174 0.10897 0.01929 ( 1)  0.316 +-  0.325
 233 N   0.83874 0.13343 0.02783 ( 1)  0.350 +-  0.365
 234 N   0.81644 0.14907 0.03449 ( 1)  0.374 +-  0.393
 235 E   0.87277 0.10781 0.01942 ( 1)  0.316 +-  0.325
 236 A   0.79830 0.16037 0.04133 ( 1)  0.395 +-  0.424
 237 A   0.82741 0.14109 0.03150 ( 1)  0.362 +-  0.382
 238 K   0.52969 0.36282 0.10749 ( 1)  0.668 +-  0.526
 239 R   0.77736 0.17461 0.04803 ( 1)  0.418 +-  0.446
 240 S   0.80970 0.15361 0.03669 ( 1)  0.381 +-  0.402
 241 R   0.83649 0.13175 0.03176 ( 1)  0.356 +-  0.385
 242 E   0.79419 0.16383 0.04198 ( 1)  0.399 +-  0.423
 243 K   0.87174 0.10897 0.01929 ( 1)  0.316 +-  0.325
 244 R   0.77194 0.17706 0.05099 ( 1)  0.427 +-  0.464
 245 R   0.79452 0.16347 0.04201 ( 1)  0.399 +-  0.424
 246 R   0.43274 0.40407 0.16319 ( 1)  0.808 +-  0.637
 247 N   0.82126 0.14548 0.03326 ( 1)  0.369 +-  0.389
 248 D   0.82816 0.14081 0.03103 ( 1)  0.361 +-  0.379
 249 A   0.79830 0.16037 0.04133 ( 1)  0.395 +-  0.424
 250 A   0.82741 0.14109 0.03150 ( 1)  0.362 +-  0.382
 251 I   0.43266 0.40544 0.16190 ( 1)  0.804 +-  0.626
 252 E   0.88111 0.10155 0.01734 ( 1)  0.307 +-  0.314
 253 G   0.46957 0.39173 0.13870 ( 1)  0.747 +-  0.578
 254 R   0.86806 0.11169 0.02026 ( 1)  0.320 +-  0.330
 255 L   0.82080 0.14558 0.03362 ( 1)  0.370 +-  0.391
 256 A   0.80913 0.15364 0.03723 ( 1)  0.382 +-  0.405
 257 A   0.77291 0.17719 0.04991 ( 1)  0.424 +-  0.455
 258 L   0.82872 0.14019 0.03109 ( 1)  0.361 +-  0.380
 259 M   0.55524 0.34910 0.09566 ( 1)  0.637 +-  0.507
 260 E   0.88111 0.10155 0.01734 ( 1)  0.307 +-  0.314
 261 E   0.88111 0.10155 0.01734 ( 1)  0.307 +-  0.314
 262 N   0.82142 0.14538 0.03320 ( 1)  0.369 +-  0.388
 263 A   0.45650 0.39692 0.14658 ( 1)  0.767 +-  0.594
 264 L   0.82872 0.14019 0.03109 ( 1)  0.361 +-  0.380
 265 L   0.81557 0.14939 0.03503 ( 1)  0.375 +-  0.396
 266 R   0.52413 0.36533 0.11054 ( 1)  0.676 +-  0.532
 267 D   0.13862 0.47490 0.38649 ( 2)  1.381 +-  1.028
 268 E   0.88111 0.10155 0.01734 ( 1)  0.307 +-  0.314
 269 L   0.82872 0.14019 0.03109 ( 1)  0.361 +-  0.380
 270 R   0.38186 0.40206 0.21607 ( 2)  0.925 +-  0.770
 271 A   0.87005 0.10990 0.02005 ( 1)  0.318 +-  0.329
 272 L   0.81557 0.14939 0.03503 ( 1)  0.375 +-  0.396
 273 K   0.87174 0.10897 0.01929 ( 1)  0.316 +-  0.325
 274 L   0.79275 0.16464 0.04260 ( 1)  0.401 +-  0.426
 275 R   0.44905 0.39984 0.15112 ( 1)  0.778 +-  0.603
 276 F   0.79726 0.16197 0.04077 ( 1)  0.395 +-  0.418
 277 G   0.82975 0.13946 0.03079 ( 1)  0.360 +-  0.378
 278 L   0.16326 0.49630 0.34044 ( 2)  1.257 +-  0.879
 279 L   0.82872 0.14019 0.03109 ( 1)  0.361 +-  0.380
 280 P   0.32992 0.43664 0.23344 ( 2)  0.982 +-  0.772
 281 L   0.45938 0.39565 0.14497 ( 1)  0.763 +-  0.592
 282 T   0.81513 0.14931 0.03556 ( 1)  0.376 +-  0.401
 283 G   0.80555 0.15613 0.03832 ( 1)  0.386 +-  0.409
 284 G   0.86382 0.11443 0.02175 ( 1)  0.325 +-  0.338
 285 P   0.81526 0.14956 0.03518 ( 1)  0.375 +-  0.397
 286 Q   0.19390 0.50517 0.30093 ( 2)  1.167 +-  0.801
 287 A   0.82278 0.14444 0.03279 ( 1)  0.367 +-  0.387
 288 L   0.14084 0.47703 0.38212 ( 2)  1.369 +-  1.012
 289 P   0.81526 0.14956 0.03518 ( 1)  0.375 +-  0.397
 290 L   0.82872 0.14019 0.03109 ( 1)  0.361 +-  0.380
 291 Q   0.84597 0.12798 0.02605 ( 1)  0.343 +-  0.357
 292 A   0.44437 0.40146 0.15417 ( 1)  0.785 +-  0.609
 293 L   0.45816 0.39484 0.14699 ( 1)  0.767 +-  0.601
 294 L   0.74780 0.19220 0.06000 ( 1)  0.455 +-  0.496
 295 W   0.45689 0.39683 0.14628 ( 1)  0.766 +-  0.593
 296 E   0.79419 0.16383 0.04198 ( 1)  0.399 +-  0.423
 297 A   0.42480 0.40773 0.16747 ( 1)  0.818 +-  0.640
 298 P   0.81526 0.14956 0.03518 ( 1)  0.375 +-  0.397
 299 W   0.83215 0.13812 0.02973 ( 1)  0.357 +-  0.373
 300 T   0.80007 0.15996 0.03997 ( 1)  0.392 +-  0.415
 301 G   0.87065 0.10941 0.01994 ( 1)  0.318 +-  0.328
 302 D   0.84987 0.12520 0.02493 ( 1)  0.339 +-  0.352
 303 H   0.15723 0.48733 0.35545 ( 2)  1.304 +-  0.957
 304 H   0.14747 0.46802 0.38451 ( 2)  1.394 +-  1.090
 305 P   0.79253 0.16475 0.04272 ( 1)  0.401 +-  0.427
 306 A   0.52513 0.36310 0.11176 ( 1)  0.677 +-  0.540
 307 A   0.80342 0.15753 0.03905 ( 1)  0.389 +-  0.412
 308 E   0.79419 0.16383 0.04198 ( 1)  0.399 +-  0.423
 309 A   0.38372 0.41572 0.20056 ( 2)  0.902 +-  0.742
 310 L   0.82386 0.14359 0.03254 ( 1)  0.366 +-  0.386
 311 S   0.77530 0.17541 0.04929 ( 1)  0.422 +-  0.455
 312 S   0.16001 0.49582 0.34417 ( 2)  1.264 +-  0.876
 313 L   0.79099 0.16591 0.04310 ( 1)  0.402 +-  0.427
 314 S   0.78731 0.16834 0.04435 ( 1)  0.406 +-  0.432
 315 G   0.42932 0.40637 0.16431 ( 1)  0.810 +-  0.632
 316 S   0.41342 0.41053 0.17605 ( 1)  0.839 +-  0.664
 317 H   0.83651 0.13488 0.02861 ( 1)  0.352 +-  0.369
 318 S   0.16365 0.49558 0.34077 ( 2)  1.260 +-  0.887
 319 C   0.81999 0.14663 0.03338 ( 1)  0.370 +-  0.388
 320 L   0.43317 0.40529 0.16154 ( 1)  0.803 +-  0.625
 321 L   0.73158 0.20134 0.06708 ( 1)  0.477 +-  0.525
 322 R   0.86806 0.11169 0.02026 ( 1)  0.320 +-  0.330
 323 P   0.76405 0.18262 0.05333 ( 1)  0.435 +-  0.469
 324 C   0.03327 0.37221 0.59453 ( 3)  1.932 +-  1.435
 325 S   0.80970 0.15361 0.03669 ( 1)  0.381 +-  0.402
 326 L   0.81633 0.14865 0.03501 ( 1)  0.375 +-  0.396
 327 D   0.82816 0.14081 0.03103 ( 1)  0.361 +-  0.379
 328 A   0.80342 0.15753 0.03905 ( 1)  0.389 +-  0.412
 329 G   0.87249 0.10804 0.01947 ( 1)  0.316 +-  0.326
 330 V   0.13862 0.47512 0.38625 ( 2)  1.381 +-  1.027
 331 P   0.36319 0.41984 0.21696 ( 2)  0.943 +-  0.781
 332 G   0.77082 0.17845 0.05073 ( 1)  0.426 +-  0.458
 333 C   0.80289 0.15802 0.03909 ( 1)  0.389 +-  0.412

Positively selected sites

	Prob(w>1)  mean w

   209 T      0.538         1.761 +- 1.278
   324 C      0.595         1.932 +- 1.435

