Supplemental results for CODEML (seqf: algn  treef: tree)


dN/dS (w) for site classes (K=3)

p:   0.95706  0.00000  0.04294
w:   0.49122  1.00000  4.66798

Naive Empirical Bayes (NEB) probabilities for 3 classes & postmean_w & P(w>1)
(amino acids refer to 1st sequence: calJac_NFILZ_XM_035286919)

   1 R   0.97383 0.00000 0.02617 ( 1)  0.601  0.026
   2 G   0.98902 0.00000 0.01098 ( 1)  0.537  0.011
   3 C   0.99898 0.00000 0.00102 ( 1)  0.495  0.001
   4 L   0.99812 0.00000 0.00188 ( 1)  0.499  0.002
   5 L   0.99812 0.00000 0.00188 ( 1)  0.499  0.002
   6 A   0.99744 0.00000 0.00256 ( 1)  0.502  0.003
   7 P   0.99894 0.00000 0.00106 ( 1)  0.496  0.001
   8 R   0.99432 0.00000 0.00568 ( 1)  0.515  0.006
   9 W   0.99819 0.00000 0.00181 ( 1)  0.499  0.002
  10 T   0.99813 0.00000 0.00187 ( 1)  0.499  0.002
  11 G   0.98447 0.00000 0.01553 ( 1)  0.556  0.016
  12 L   0.99310 0.00000 0.00690 ( 1)  0.520  0.007
  13 A   0.99885 0.00000 0.00115 ( 1)  0.496  0.001
  14 T   0.39990 0.00000 0.60010 ( 3)  2.998  0.600
  15 S   0.99860 0.00000 0.00140 ( 1)  0.497  0.001
  16 -   0.99506 0.00000 0.00494 ( 1)  0.512  0.005
  17 R   0.98098 0.00000 0.01902 ( 1)  0.571  0.019
  18 S   0.99946 0.00000 0.00054 ( 1)  0.493  0.001
  19 S   0.98902 0.00000 0.01098 ( 1)  0.537  0.011
  20 P   0.87435 0.00000 0.12565 ( 1)  1.016  0.126
  21 E   0.98585 0.00000 0.01415 ( 1)  0.550  0.014
  22 S   0.98755 0.00000 0.01245 ( 1)  0.543  0.012
  23 A   0.99439 0.00000 0.00561 ( 1)  0.515  0.006
  24 S   0.82917 0.00000 0.17083 ( 1)  1.205  0.171
  25 P   0.99765 0.00000 0.00235 ( 1)  0.501  0.002
  26 T   0.95881 0.00000 0.04119 ( 1)  0.663  0.041
  27 L   0.95251 0.00000 0.04749 ( 1)  0.690  0.047
  28 N   0.99855 0.00000 0.00145 ( 1)  0.497  0.001
  29 R   0.99359 0.00000 0.00641 ( 1)  0.518  0.006
  30 I   0.99789 0.00000 0.00211 ( 1)  0.500  0.002
  31 D   0.99901 0.00000 0.00099 ( 1)  0.495  0.001
  32 M   0.99926 0.00000 0.00074 ( 1)  0.494  0.001
  33 A   0.98748 0.00000 0.01252 ( 1)  0.544  0.013
  34 L   0.99623 0.00000 0.00377 ( 1)  0.507  0.004
  35 Q   0.98628 0.00000 0.01372 ( 1)  0.549  0.014
  36 T   0.98014 0.00000 0.01986 ( 1)  0.574  0.020
  37 A   0.98817 0.00000 0.01183 ( 1)  0.541  0.012
  38 L   0.99924 0.00000 0.00076 ( 1)  0.494  0.001
  39 P   0.99487 0.00000 0.00513 ( 1)  0.513  0.005
  40 P   0.97794 0.00000 0.02206 ( 1)  0.583  0.022
  41 A   0.99329 0.00000 0.00671 ( 1)  0.519  0.007
  42 L   0.99944 0.00000 0.00056 ( 1)  0.494  0.001
  43 F   0.99947 0.00000 0.00053 ( 1)  0.493  0.001
  44 S   0.99901 0.00000 0.00099 ( 1)  0.495  0.001
  45 C   0.98010 0.00000 0.01990 ( 1)  0.574  0.020
  46 H   0.99934 0.00000 0.00066 ( 1)  0.494  0.001
  47 L   0.99449 0.00000 0.00551 ( 1)  0.514  0.006
  48 L   0.99623 0.00000 0.00377 ( 1)  0.507  0.004
  49 D   0.97793 0.00000 0.02207 ( 1)  0.583  0.022
  50 G   0.98168 0.00000 0.01832 ( 1)  0.568  0.018
  51 H   0.98414 0.00000 0.01586 ( 1)  0.557  0.016
  52 V   0.99595 0.00000 0.00405 ( 1)  0.508  0.004
  53 G   0.97667 0.00000 0.02333 ( 1)  0.589  0.023
  54 S   0.99557 0.00000 0.00443 ( 1)  0.510  0.004
  55 R   0.99359 0.00000 0.00641 ( 1)  0.518  0.006
  56 R   0.92201 0.00000 0.07799 ( 1)  0.817  0.078
  57 E   0.99837 0.00000 0.00163 ( 1)  0.498  0.002
  58 L   0.99944 0.00000 0.00056 ( 1)  0.494  0.001
  59 R   0.99432 0.00000 0.00568 ( 1)  0.515  0.006
  60 P   0.99894 0.00000 0.00106 ( 1)  0.496  0.001
  61 C   0.99184 0.00000 0.00816 ( 1)  0.525  0.008
  62 W   0.98327 0.00000 0.01673 ( 1)  0.561  0.017
  63 G   0.99749 0.00000 0.00251 ( 1)  0.502  0.003
  64 L   0.99812 0.00000 0.00188 ( 1)  0.499  0.002
  65 W   0.99819 0.00000 0.00181 ( 1)  0.499  0.002
  66 S   0.99537 0.00000 0.00463 ( 1)  0.511  0.005
  67 P   0.99609 0.00000 0.00391 ( 1)  0.508  0.004
  68 M   0.99252 0.00000 0.00748 ( 1)  0.522  0.007
  69 P   0.99465 0.00000 0.00535 ( 1)  0.514  0.005
  70 S   0.99035 0.00000 0.00965 ( 1)  0.532  0.010
  71 G   0.13444 0.00000 0.86556 ( 3)  4.106  0.866
  72 C   0.99918 0.00000 0.00082 ( 1)  0.495  0.001
  73 R   0.79738 0.00000 0.20262 ( 1)  1.338  0.203
  74 A   0.99779 0.00000 0.00221 ( 1)  0.500  0.002
  75 S   0.99580 0.00000 0.00420 ( 1)  0.509  0.004
  76 G   0.99749 0.00000 0.00251 ( 1)  0.502  0.003
  77 P   0.99609 0.00000 0.00391 ( 1)  0.508  0.004
  78 S   0.99499 0.00000 0.00501 ( 1)  0.512  0.005
  79 D   0.97715 0.00000 0.02285 ( 1)  0.587  0.023
  80 V   0.98815 0.00000 0.01185 ( 1)  0.541  0.012
  81 L   0.99623 0.00000 0.00377 ( 1)  0.507  0.004
  82 L   0.99812 0.00000 0.00188 ( 1)  0.499  0.002
  83 T   0.99566 0.00000 0.00434 ( 1)  0.509  0.004
  84 P   0.98967 0.00000 0.01033 ( 1)  0.534  0.010
  85 T   0.99808 0.00000 0.00192 ( 1)  0.499  0.002
  86 V   0.97050 0.00000 0.02950 ( 1)  0.614  0.029
  87 D   0.99771 0.00000 0.00229 ( 1)  0.501  0.002
  88 P   0.99894 0.00000 0.00106 ( 1)  0.496  0.001
  89 M   0.99926 0.00000 0.00074 ( 1)  0.494  0.001
  90 G   0.99579 0.00000 0.00421 ( 1)  0.509  0.004
  91 L   0.99812 0.00000 0.00188 ( 1)  0.499  0.002
  92 S   0.98755 0.00000 0.01245 ( 1)  0.543  0.012
  93 H   0.97528 0.00000 0.02472 ( 1)  0.594  0.025
  94 G   0.98153 0.00000 0.01847 ( 1)  0.568  0.018
  95 V   0.99855 0.00000 0.00145 ( 1)  0.497  0.001
  96 T   0.99921 0.00000 0.00079 ( 1)  0.495  0.001
  97 C   0.99918 0.00000 0.00082 ( 1)  0.495  0.001
  98 P   0.98523 0.00000 0.01477 ( 1)  0.553  0.015
  99 V   0.99220 0.00000 0.00780 ( 1)  0.524  0.008
 100 P   0.99487 0.00000 0.00513 ( 1)  0.513  0.005
 101 G   0.99635 0.00000 0.00365 ( 1)  0.506  0.004
 102 N   0.99813 0.00000 0.00187 ( 1)  0.499  0.002
 103 S   0.99767 0.00000 0.00233 ( 1)  0.501  0.002
 104 P   0.97499 0.00000 0.02501 ( 1)  0.596  0.025
 105 E   0.99837 0.00000 0.00163 ( 1)  0.498  0.002
 106 D   0.72696 0.00000 0.27304 ( 1)  1.632  0.273
 107 L   0.99812 0.00000 0.00188 ( 1)  0.499  0.002
 108 G   0.75677 0.00000 0.24323 ( 1)  1.507  0.243
 109 Q   0.99833 0.00000 0.00167 ( 1)  0.498  0.002
 110 P   0.99894 0.00000 0.00106 ( 1)  0.496  0.001
 111 S   0.99853 0.00000 0.00147 ( 1)  0.497  0.001
 112 L   0.99812 0.00000 0.00188 ( 1)  0.499  0.002
 113 P   0.99894 0.00000 0.00106 ( 1)  0.496  0.001
 114 H   0.99934 0.00000 0.00066 ( 1)  0.494  0.001
 115 K   0.99277 0.00000 0.00723 ( 1)  0.521  0.007
 116 L   0.99788 0.00000 0.00212 ( 1)  0.500  0.002
 117 R   0.98677 0.00000 0.01323 ( 1)  0.546  0.013
 118 I   0.99897 0.00000 0.00103 ( 1)  0.496  0.001
 119 K   0.99406 0.00000 0.00594 ( 1)  0.516  0.006
 120 S   0.99946 0.00000 0.00054 ( 1)  0.493  0.001
 121 Q   0.88043 0.00000 0.11957 ( 1)  0.991  0.120
 122 A   0.99884 0.00000 0.00116 ( 1)  0.496  0.001
 123 F   0.97486 0.00000 0.02514 ( 1)  0.596  0.025
 124 S   0.81559 0.00000 0.18441 ( 1)  1.261  0.184
 125 R   0.99700 0.00000 0.00300 ( 1)  0.504  0.003
 126 V   0.98852 0.00000 0.01148 ( 1)  0.539  0.011
 127 P   0.99364 0.00000 0.00636 ( 1)  0.518  0.006
 128 Q   0.02958 0.00000 0.97042 ( 3)  4.544  0.970
 129 G   0.99323 0.00000 0.00677 ( 1)  0.519  0.007
 130 W   0.99328 0.00000 0.00672 ( 1)  0.519  0.007
 131 E   0.99837 0.00000 0.00163 ( 1)  0.498  0.002
 132 G   0.99636 0.00000 0.00364 ( 1)  0.506  0.004
 133 G   0.99760 0.00000 0.00240 ( 1)  0.501  0.002
 134 Q   0.98494 0.00000 0.01506 ( 1)  0.554  0.015
 135 A   0.37787 0.00000 0.62213 ( 3)  3.090  0.622
 136 P   0.98532 0.00000 0.01468 ( 1)  0.553  0.015
 137 S   0.49041 0.00000 0.50959 ( 3)  2.620  0.510

Positively selected sites

	Prob(w>1)  mean w

    14 T      0.600         2.998
    71 G      0.866         4.106
   128 Q      0.970*        4.544
   135 A      0.622         3.090
   137 S      0.510         2.620


lnL = -1195.275567

Bayes Empirical Bayes (BEB) probabilities for 3 classes (class) & postmean_w
(amino acids refer to 1st sequence: calJac_NFILZ_XM_035286919)

   1 R   0.63518 0.31528 0.04954 ( 1)  0.722 +-  0.665
   2 G   0.66288 0.30224 0.03488 ( 1)  0.662 +-  0.481
   3 C   0.84690 0.14483 0.00827 ( 1)  0.498 +-  0.281
   4 L   0.83303 0.15663 0.01034 ( 1)  0.510 +-  0.306
   5 L   0.83303 0.15663 0.01034 ( 1)  0.510 +-  0.306
   6 A   0.82724 0.16127 0.01148 ( 1)  0.516 +-  0.323
   7 P   0.85816 0.13440 0.00743 ( 1)  0.490 +-  0.276
   8 R   0.80145 0.18192 0.01663 ( 1)  0.544 +-  0.394
   9 W   0.83019 0.15926 0.01055 ( 1)  0.512 +-  0.305
  10 T   0.83169 0.15785 0.01046 ( 1)  0.511 +-  0.306
  11 G   0.65628 0.30461 0.03911 ( 1)  0.679 +-  0.543
  12 L   0.80696 0.17607 0.01697 ( 1)  0.545 +-  0.438
  13 A   0.84830 0.14341 0.00829 ( 1)  0.497 +-  0.283
  14 T   0.19473 0.39792 0.40735 ( 3)  2.360 +-  2.362
  15 S   0.84439 0.14675 0.00886 ( 1)  0.501 +-  0.291
  16 -   0.81681 0.16872 0.01447 ( 1)  0.531 +-  0.382
  17 R   0.64187 0.31444 0.04369 ( 1)  0.697 +-  0.577
  18 S   0.86685 0.12701 0.00614 ( 1)  0.482 +-  0.259
  19 S   0.67511 0.29168 0.03321 ( 1)  0.653 +-  0.484
  20 P   0.51112 0.35656 0.13232 ( 1)  1.103 +-  1.419
  21 E   0.65144 0.30967 0.03890 ( 1)  0.678 +-  0.518
  22 S   0.65882 0.30463 0.03655 ( 1)  0.668 +-  0.499
  23 A   0.80179 0.18168 0.01653 ( 1)  0.543 +-  0.392
  24 S   0.41835 0.41757 0.16408 ( 1)  1.241 +-  1.491
  25 P   0.83243 0.15675 0.01082 ( 1)  0.512 +-  0.317
  26 T   0.49322 0.42926 0.07752 ( 1)  0.850 +-  0.697
  27 L   0.49609 0.42343 0.08048 ( 1)  0.864 +-  0.762
  28 N   0.83328 0.15679 0.00993 ( 1)  0.509 +-  0.296
  29 R   0.79460 0.18747 0.01793 ( 1)  0.550 +-  0.405
  30 I   0.82465 0.16399 0.01136 ( 1)  0.517 +-  0.314
  31 D   0.84541 0.14622 0.00836 ( 1)  0.499 +-  0.281
  32 M   0.85057 0.14178 0.00765 ( 1)  0.494 +-  0.273
  33 A   0.67345 0.29207 0.03448 ( 1)  0.659 +-  0.512
  34 L   0.80958 0.17613 0.01428 ( 1)  0.532 +-  0.351
  35 Q   0.65367 0.30809 0.03824 ( 1)  0.675 +-  0.514
  36 T   0.64257 0.31324 0.04419 ( 1)  0.700 +-  0.594
  37 A   0.67601 0.29038 0.03361 ( 1)  0.655 +-  0.503
  38 L   0.85840 0.13455 0.00705 ( 1)  0.489 +-  0.269
  39 P   0.80653 0.17782 0.01565 ( 1)  0.538 +-  0.384
  40 P   0.63902 0.31474 0.04624 ( 1)  0.708 +-  0.617
  41 A   0.68614 0.28565 0.02821 ( 1)  0.634 +-  0.425
  42 L   0.86608 0.12770 0.00622 ( 1)  0.482 +-  0.260
  43 F   0.85955 0.13379 0.00667 ( 1)  0.487 +-  0.263
  44 S   0.84670 0.14505 0.00825 ( 1)  0.498 +-  0.280
  45 C   0.63631 0.31855 0.04514 ( 1)  0.703 +-  0.577
  46 H   0.85716 0.13583 0.00701 ( 1)  0.489 +-  0.267
  47 L   0.70115 0.27370 0.02516 ( 1)  0.619 +-  0.407
  48 L   0.80958 0.17613 0.01428 ( 1)  0.532 +-  0.351
  49 D   0.63284 0.32001 0.04714 ( 1)  0.711 +-  0.605
  50 G   0.64127 0.31541 0.04332 ( 1)  0.696 +-  0.565
  51 H   0.64830 0.31114 0.04055 ( 1)  0.685 +-  0.541
  52 V   0.81297 0.17291 0.01412 ( 1)  0.531 +-  0.360
  53 G   0.63665 0.31592 0.04743 ( 1)  0.713 +-  0.632
  54 S   0.70133 0.27443 0.02424 ( 1)  0.616 +-  0.388
  55 R   0.79460 0.18747 0.01793 ( 1)  0.550 +-  0.405
  56 R   0.57320 0.32911 0.09770 ( 1)  0.962 +-  1.279
  57 E   0.83230 0.15751 0.01019 ( 1)  0.510 +-  0.301
  58 L   0.86608 0.12770 0.00622 ( 1)  0.482 +-  0.260
  59 R   0.80145 0.18192 0.01663 ( 1)  0.544 +-  0.394
  60 P   0.85816 0.13440 0.00743 ( 1)  0.490 +-  0.276
  61 C   0.67906 0.29060 0.03034 ( 1)  0.643 +-  0.446
  62 W   0.64607 0.31243 0.04150 ( 1)  0.688 +-  0.549
  63 G   0.82550 0.16289 0.01161 ( 1)  0.517 +-  0.322
  64 L   0.83303 0.15663 0.01034 ( 1)  0.510 +-  0.306
  65 W   0.83019 0.15926 0.01055 ( 1)  0.512 +-  0.305
  66 S   0.80609 0.17859 0.01531 ( 1)  0.537 +-  0.371
  67 P   0.81892 0.16765 0.01343 ( 1)  0.526 +-  0.358
  68 M   0.67694 0.29290 0.03015 ( 1)  0.643 +-  0.435
  69 P   0.69820 0.27637 0.02542 ( 1)  0.621 +-  0.404
  70 S   0.67119 0.29615 0.03266 ( 1)  0.652 +-  0.465
  71 G   0.07541 0.21046 0.71413 ( 3)  4.130 +-  2.963
  72 C   0.85246 0.13996 0.00758 ( 1)  0.493 +-  0.273
  73 R   0.39509 0.42402 0.18089 ( 2)  1.299 +-  1.526
  74 A   0.83275 0.15658 0.01067 ( 1)  0.511 +-  0.314
  75 S   0.80892 0.17640 0.01467 ( 1)  0.534 +-  0.362
  76 G   0.82550 0.16289 0.01161 ( 1)  0.517 +-  0.322
  77 P   0.81892 0.16765 0.01343 ( 1)  0.526 +-  0.358
  78 S   0.80898 0.17571 0.01531 ( 1)  0.536 +-  0.383
  79 D   0.63007 0.32187 0.04806 ( 1)  0.714 +-  0.608
  80 V   0.66357 0.30104 0.03539 ( 1)  0.664 +-  0.495
  81 L   0.80958 0.17613 0.01428 ( 1)  0.532 +-  0.351
  82 L   0.83303 0.15663 0.01034 ( 1)  0.510 +-  0.306
  83 T   0.80687 0.17813 0.01500 ( 1)  0.536 +-  0.364
  84 P   0.68727 0.28174 0.03099 ( 1)  0.643 +-  0.485
  85 T   0.83115 0.15830 0.01055 ( 1)  0.512 +-  0.308
  86 V   0.62602 0.32084 0.05314 ( 1)  0.737 +-  0.694
  87 D   0.82643 0.16225 0.01133 ( 1)  0.516 +-  0.317
  88 P   0.85816 0.13440 0.00743 ( 1)  0.490 +-  0.276
  89 M   0.85057 0.14178 0.00765 ( 1)  0.494 +-  0.273
  90 G   0.81628 0.16987 0.01385 ( 1)  0.529 +-  0.368
  91 L   0.83303 0.15663 0.01034 ( 1)  0.510 +-  0.306
  92 S   0.65882 0.30463 0.03655 ( 1)  0.668 +-  0.499
  93 H   0.64649 0.30632 0.04719 ( 1)  0.714 +-  0.681
  94 G   0.64099 0.31554 0.04347 ( 1)  0.696 +-  0.567
  95 V   0.83892 0.15168 0.00939 ( 1)  0.505 +-  0.294
  96 T   0.85668 0.13611 0.00721 ( 1)  0.490 +-  0.270
  97 C   0.85246 0.13996 0.00758 ( 1)  0.493 +-  0.273
  98 P   0.65414 0.30695 0.03891 ( 1)  0.678 +-  0.532
  99 V   0.68335 0.28720 0.02945 ( 1)  0.639 +-  0.442
 100 P   0.80653 0.17782 0.01565 ( 1)  0.538 +-  0.384
 101 G   0.81573 0.17073 0.01353 ( 1)  0.528 +-  0.349
 102 N   0.82802 0.16117 0.01082 ( 1)  0.514 +-  0.307
 103 S   0.82338 0.16495 0.01167 ( 1)  0.518 +-  0.319
 104 P   0.64185 0.31017 0.04799 ( 1)  0.717 +-  0.675
 105 E   0.83230 0.15751 0.01019 ( 1)  0.510 +-  0.301
 106 D   0.36325 0.40982 0.22693 ( 2)  1.530 +-  1.825
 107 L   0.83303 0.15663 0.01034 ( 1)  0.510 +-  0.306
 108 G   0.37605 0.41895 0.20500 ( 2)  1.410 +-  1.663
 109 Q   0.83214 0.15763 0.01024 ( 1)  0.510 +-  0.302
 110 P   0.85816 0.13440 0.00743 ( 1)  0.490 +-  0.276
 111 S   0.83893 0.15166 0.00941 ( 1)  0.505 +-  0.295
 112 L   0.83303 0.15663 0.01034 ( 1)  0.510 +-  0.306
 113 P   0.85816 0.13440 0.00743 ( 1)  0.490 +-  0.276
 114 H   0.85716 0.13583 0.00701 ( 1)  0.489 +-  0.267
 115 K   0.78987 0.19107 0.01906 ( 1)  0.556 +-  0.419
 116 L   0.83145 0.15785 0.01070 ( 1)  0.512 +-  0.314
 117 R   0.66689 0.29718 0.03592 ( 1)  0.665 +-  0.517
 118 I   0.84393 0.14752 0.00855 ( 1)  0.500 +-  0.283
 119 K   0.79795 0.18484 0.01721 ( 1)  0.547 +-  0.398
 120 S   0.86685 0.12701 0.00614 ( 1)  0.482 +-  0.259
 121 Q   0.53137 0.34117 0.12747 ( 1)  1.089 +-  1.439
 122 A   0.85218 0.13983 0.00799 ( 1)  0.494 +-  0.281
 123 F   0.64872 0.30379 0.04749 ( 1)  0.719 +-  0.718
 124 S   0.40092 0.43215 0.16693 ( 2)  1.219 +-  1.376
 125 R   0.81834 0.16892 0.01274 ( 1)  0.524 +-  0.334
 126 V   0.77576 0.20042 0.02382 ( 1)  0.579 +-  0.500
 127 P   0.79532 0.18687 0.01781 ( 1)  0.550 +-  0.405
 128 Q   0.02341 0.10095 0.87565 ( 3)  4.934 +-  2.797
 129 G   0.79217 0.18937 0.01846 ( 1)  0.553 +-  0.410
 130 W   0.79190 0.18965 0.01845 ( 1)  0.553 +-  0.409
 131 E   0.83230 0.15751 0.01019 ( 1)  0.510 +-  0.301
 132 G   0.81401 0.17229 0.01370 ( 1)  0.529 +-  0.349
 133 G   0.82802 0.16070 0.01127 ( 1)  0.515 +-  0.319
 134 Q   0.64803 0.31192 0.04005 ( 1)  0.682 +-  0.526
 135 A   0.18391 0.37577 0.44033 ( 3)  2.578 +-  2.532
 136 P   0.65751 0.30415 0.03834 ( 1)  0.676 +-  0.534
 137 S   0.22575 0.40870 0.36555 ( 2)  2.210 +-  2.337

Positively selected sites

	Prob(w>1)  mean w

    71 G      0.714         4.130 +- 2.963
   128 Q      0.876         4.934 +- 2.797

