Supplemental results for CODEML (seqf: algn  treef: tree)


dN/dS (w) for site classes (K=2)

p:   0.18304  0.81696
w:   0.07889  1.00000

Naive Empirical Bayes (NEB) probabilities for 2 classes & postmean_w
(amino acids refer to 1st sequence: aotNan_HSFX3_XM_021667856)

   1 M   0.85713 0.14287 ( 1)  0.210
   2 A   0.65780 0.34220 ( 1)  0.394
   3 -   0.18304 0.81696 ( 2)  0.831
   4 -   0.18304 0.81696 ( 2)  0.831
   5 S   0.77101 0.22899 ( 1)  0.290
   6 Q   0.18722 0.81278 ( 2)  0.828
   7 N   0.01088 0.98912 ( 2)  0.990
   8 T   0.09100 0.90900 ( 2)  0.916
   9 E   0.01200 0.98800 ( 2)  0.989
  10 Q   0.10348 0.89652 ( 2)  0.905
  11 E   0.00353 0.99647 ( 2)  0.997
  12 Y   0.67641 0.32359 ( 1)  0.377
  13 -   0.18304 0.81696 ( 2)  0.831
  14 -   0.18304 0.81696 ( 2)  0.831
  15 -   0.18304 0.81696 ( 2)  0.831
  16 -   0.18304 0.81696 ( 2)  0.831
  17 E   0.73276 0.26724 ( 1)  0.325
  18 A   0.31454 0.68546 ( 2)  0.710
  19 K   0.33952 0.66048 ( 2)  0.687
  20 L   0.24969 0.75031 ( 2)  0.770
  21 A   0.12266 0.87734 ( 2)  0.887
  22 P   0.57168 0.42832 ( 1)  0.473
  23 S   0.00573 0.99427 ( 2)  0.995
  24 V   0.00912 0.99088 ( 2)  0.992
  25 G   0.69327 0.30673 ( 1)  0.361
  26 G   0.62270 0.37730 ( 1)  0.426
  27 E   0.19232 0.80768 ( 2)  0.823
  28 P   0.05460 0.94540 ( 2)  0.950
  29 T   0.26402 0.73598 ( 2)  0.757
  30 S   0.32340 0.67660 ( 2)  0.702
  31 G   0.29928 0.70072 ( 2)  0.724
  32 G   0.32318 0.67682 ( 2)  0.702
  33 P   0.24725 0.75275 ( 2)  0.772
  34 S   0.02536 0.97464 ( 2)  0.977
  35 S   0.03233 0.96767 ( 2)  0.970
  36 S   0.23998 0.76002 ( 2)  0.779
  37 S   0.23248 0.76752 ( 2)  0.786
  38 P   0.25233 0.74767 ( 2)  0.768
  39 D   0.31674 0.68326 ( 2)  0.708
  40 P   0.24725 0.75275 ( 2)  0.772
  41 N   0.31797 0.68203 ( 2)  0.707
  42 V   0.00196 0.99804 ( 2)  0.998
  43 D   0.23111 0.76889 ( 2)  0.787
  44 S   0.70369 0.29631 ( 1)  0.352
  45 R   0.01076 0.98924 ( 2)  0.990
  46 E   0.17325 0.82675 ( 2)  0.840
  47 L   0.00035 0.99965 ( 2)  1.000
  48 L   0.49709 0.50291 ( 2)  0.542
  49 D   0.30998 0.69002 ( 2)  0.714
  50 R   0.21924 0.78076 ( 2)  0.798
  51 H   0.22569 0.77431 ( 2)  0.792
  52 E   0.00296 0.99704 ( 2)  0.997
  53 D   0.01174 0.98826 ( 2)  0.989
  54 Q   0.00983 0.99017 ( 2)  0.991
  55 A   0.72117 0.27883 ( 1)  0.336
  56 V   0.00113 0.99887 ( 2)  0.999
  57 S   0.01006 0.98994 ( 2)  0.991
  58 -   0.18304 0.81696 ( 2)  0.831
  59 -   0.18304 0.81696 ( 2)  0.831
  60 -   0.18304 0.81696 ( 2)  0.831
  61 -   0.18304 0.81696 ( 2)  0.831
  62 -   0.18304 0.81696 ( 2)  0.831
  63 -   0.18304 0.81696 ( 2)  0.831
  64 Q   0.11691 0.88309 ( 2)  0.892
  65 D   0.01857 0.98143 ( 2)  0.983
  66 S   0.05433 0.94567 ( 2)  0.950
  67 G   0.70019 0.29981 ( 1)  0.355
  68 S   0.09318 0.90682 ( 2)  0.914
  69 Q   0.11691 0.88309 ( 2)  0.892
  70 -   0.18304 0.81696 ( 2)  0.831
  71 -   0.18304 0.81696 ( 2)  0.831
  72 -   0.18304 0.81696 ( 2)  0.831
  73 -   0.18304 0.81696 ( 2)  0.831
  74 -   0.18304 0.81696 ( 2)  0.831
  75 -   0.18304 0.81696 ( 2)  0.831
  76 -   0.18304 0.81696 ( 2)  0.831
  77 -   0.18304 0.81696 ( 2)  0.831
  78 -   0.18304 0.81696 ( 2)  0.831
  79 -   0.18304 0.81696 ( 2)  0.831
  80 -   0.18304 0.81696 ( 2)  0.831
  81 -   0.18304 0.81696 ( 2)  0.831
  82 -   0.18304 0.81696 ( 2)  0.831
  83 -   0.18304 0.81696 ( 2)  0.831
  84 -   0.18304 0.81696 ( 2)  0.831
  85 -   0.18304 0.81696 ( 2)  0.831
  86 -   0.18304 0.81696 ( 2)  0.831
  87 -   0.18304 0.81696 ( 2)  0.831
  88 -   0.18304 0.81696 ( 2)  0.831
  89 -   0.18304 0.81696 ( 2)  0.831
  90 -   0.18304 0.81696 ( 2)  0.831
  91 -   0.18304 0.81696 ( 2)  0.831
  92 -   0.18304 0.81696 ( 2)  0.831
  93 D   0.00446 0.99554 ( 2)  0.996
  94 N   0.35296 0.64704 ( 2)  0.675
  95 P   0.05230 0.94770 ( 2)  0.952
  96 Q   0.09399 0.90601 ( 2)  0.913
  97 P   0.00502 0.99498 ( 2)  0.995
  98 E   0.00850 0.99150 ( 2)  0.992
  99 D   0.05542 0.94458 ( 2)  0.949
 100 Q   0.04654 0.95346 ( 2)  0.957
 101 N   0.37369 0.62631 ( 2)  0.656
 102 Q   0.26312 0.73688 ( 2)  0.758
 103 R   0.29670 0.70330 ( 2)  0.727
 104 V   0.28711 0.71289 ( 2)  0.736
 105 A   0.03465 0.96535 ( 2)  0.968
 106 S   0.04223 0.95777 ( 2)  0.961
 107 M   0.00283 0.99717 ( 2)  0.997
 108 E   0.30319 0.69681 ( 2)  0.721
 109 D   0.37030 0.62970 ( 2)  0.659
 110 N   0.37369 0.62631 ( 2)  0.656
 111 R   0.00271 0.99729 ( 2)  0.998
 112 N   0.37369 0.62631 ( 2)  0.656
 113 L   0.24992 0.75008 ( 2)  0.770
 114 F   0.25225 0.74775 ( 2)  0.768
 115 R   0.03572 0.96428 ( 2)  0.967
 116 L   0.25915 0.74085 ( 2)  0.761
 117 S   0.03011 0.96989 ( 2)  0.972
 118 F   0.28383 0.71617 ( 2)  0.739
 119 P   0.24725 0.75275 ( 2)  0.772
 120 R   0.28390 0.71610 ( 2)  0.738
 121 K   0.33952 0.66048 ( 2)  0.687
 122 L   0.25383 0.74617 ( 2)  0.766
 123 W   0.24891 0.75109 ( 2)  0.771
 124 M   0.03866 0.96134 ( 2)  0.964
 125 M   0.03452 0.96548 ( 2)  0.968
 126 V   0.28711 0.71289 ( 2)  0.736
 127 E   0.33569 0.66431 ( 2)  0.691
 128 E   0.30319 0.69681 ( 2)  0.721
 129 D   0.37030 0.62970 ( 2)  0.659
 130 T   0.26402 0.73598 ( 2)  0.757
 131 F   0.28383 0.71617 ( 2)  0.739
 132 Q   0.03235 0.96765 ( 2)  0.970
 133 S   0.24846 0.75154 ( 2)  0.771
 134 V   0.02893 0.97107 ( 2)  0.973
 135 N   0.03718 0.96282 ( 2)  0.966
 136 W   0.24891 0.75109 ( 2)  0.771
 137 N   0.37115 0.62885 ( 2)  0.658
 138 D   0.03255 0.96745 ( 2)  0.970
 139 D   0.31620 0.68380 ( 2)  0.709
 140 G   0.26364 0.73636 ( 2)  0.757
 141 D   0.33849 0.66151 ( 2)  0.688
 142 A   0.29008 0.70992 ( 2)  0.733
 143 V   0.03042 0.96958 ( 2)  0.972
 144 I   0.32609 0.67391 ( 2)  0.700
 145 I   0.32609 0.67391 ( 2)  0.700
 146 E   0.03885 0.96115 ( 2)  0.964
 147 K   0.33952 0.66048 ( 2)  0.687
 148 D   0.31463 0.68537 ( 2)  0.710
 149 L   0.28475 0.71525 ( 2)  0.738
 150 L   0.02858 0.97142 ( 2)  0.974
 151 Q   0.28276 0.71724 ( 2)  0.740
 152 R   0.31957 0.68043 ( 2)  0.706
 153 E   0.33569 0.66431 ( 2)  0.691
 154 I   0.02841 0.97159 ( 2)  0.974
 155 L   0.24992 0.75008 ( 2)  0.770
 156 Q   0.26312 0.73688 ( 2)  0.758
 157 R   0.26462 0.73538 ( 2)  0.756
 158 R   0.03025 0.96975 ( 2)  0.972
 159 G   0.30037 0.69963 ( 2)  0.723
 160 A   0.26268 0.73732 ( 2)  0.758
 161 E   0.33569 0.66431 ( 2)  0.691
 162 K   0.03837 0.96163 ( 2)  0.965
 163 I   0.32609 0.67391 ( 2)  0.700
 164 F   0.28383 0.71617 ( 2)  0.739
 165 K   0.03336 0.96664 ( 2)  0.969
 166 T   0.26402 0.73598 ( 2)  0.757
 167 D   0.03470 0.96530 ( 2)  0.968
 168 S   0.03015 0.96985 ( 2)  0.972
 169 L   0.49709 0.50291 ( 2)  0.542
 170 K   0.00301 0.99699 ( 2)  0.997
 171 S   0.02711 0.97289 ( 2)  0.975
 172 F   0.00607 0.99393 ( 2)  0.994
 173 I   0.17322 0.82678 ( 2)  0.840
 174 R   0.72054 0.27946 ( 1)  0.336
 175 Q   0.05372 0.94628 ( 2)  0.951
 176 -   0.18304 0.81696 ( 2)  0.831
 177 L   0.04030 0.95970 ( 2)  0.963
 178 N   0.03723 0.96277 ( 2)  0.966
 179 L   0.10504 0.89496 ( 2)  0.903
 180 -   0.18304 0.81696 ( 2)  0.831
 181 -   0.18304 0.81696 ( 2)  0.831
 182 -   0.18304 0.81696 ( 2)  0.831
 183 Y   0.17551 0.82449 ( 2)  0.838
 184 G   0.64776 0.35224 ( 1)  0.403
 185 F   0.17414 0.82586 ( 2)  0.840
 186 R   0.00980 0.99020 ( 2)  0.991
 187 K   0.03104 0.96896 ( 2)  0.971
 188 I   0.00321 0.99679 ( 2)  0.997
 189 R   0.72054 0.27946 ( 1)  0.336
 190 A   0.00053 0.99947 ( 2)  1.000
 191 S   0.00722 0.99278 ( 2)  0.993
 192 T   0.01896 0.98104 ( 2)  0.983
 193 S   0.07842 0.92158 ( 2)  0.928
 194 P   0.00647 0.99353 ( 2)  0.994
 195 R   0.07838 0.92162 ( 2)  0.928
 196 D   0.01978 0.98022 ( 2)  0.982
 197 K   0.00098 0.99902 ( 2)  0.999
 198 N   0.00141 0.99859 ( 2)  0.999
 199 V   0.01274 0.98726 ( 2)  0.988
 200 M   0.34352 0.65648 ( 2)  0.684
 201 I   0.32609 0.67391 ( 2)  0.700
 202 Y   0.30481 0.69519 ( 2)  0.719
 203 H   0.00277 0.99723 ( 2)  0.997
 204 N   0.04356 0.95644 ( 2)  0.960
 205 S   0.28254 0.71746 ( 2)  0.740
 206 N   0.03523 0.96477 ( 2)  0.968
 207 F   0.25225 0.74775 ( 2)  0.768
 208 Q   0.28276 0.71724 ( 2)  0.740
 209 R   0.28390 0.71610 ( 2)  0.738
 210 G   0.03929 0.96071 ( 2)  0.964
 211 K   0.77143 0.22857 ( 1)  0.289
 212 P   0.67368 0.32632 ( 1)  0.379
 213 W   0.02889 0.97111 ( 2)  0.973
 214 L   0.28475 0.71525 ( 2)  0.738
 215 L   0.24969 0.75031 ( 2)  0.770
 216 E   0.33569 0.66431 ( 2)  0.691
 217 N   0.32350 0.67650 ( 2)  0.702
 218 I   0.32609 0.67391 ( 2)  0.700
 219 R   0.02836 0.97164 ( 2)  0.974
 220 R   0.28390 0.71610 ( 2)  0.738
 221 N   0.00241 0.99759 ( 2)  0.998
 222 G   0.00252 0.99748 ( 2)  0.998
 223 D   0.00002 0.99998 ( 2)  1.000
 224 L   0.00243 0.99757 ( 2)  0.998
 225 R   0.34772 0.65228 ( 2)  0.680
 226 N   0.00052 0.99948 ( 2)  1.000
 227 A   0.10838 0.89162 ( 2)  0.900
 228 T   0.00029 0.99971 ( 2)  1.000
 229 Q   0.68748 0.31252 ( 1)  0.367
 230 Q   0.08804 0.91196 ( 2)  0.919
 231 A   0.00808 0.99192 ( 2)  0.993
 232 T   0.70980 0.29020 ( 1)  0.346
 233 H   0.01374 0.98626 ( 2)  0.987
 234 V   0.10901 0.89099 ( 2)  0.900
 235 P   0.53972 0.46028 ( 1)  0.503
 236 A   0.02791 0.97209 ( 2)  0.974
 237 P   0.00876 0.99124 ( 2)  0.992
 238 K   0.17748 0.82252 ( 2)  0.837
 239 R   0.58938 0.41062 ( 1)  0.457
 240 S   0.00003 0.99997 ( 2)  1.000
 241 K   0.00132 0.99868 ( 2)  0.999
 242 L   0.11483 0.88517 ( 2)  0.894
 243 V   0.00362 0.99638 ( 2)  0.997
 244 P   0.00748 0.99252 ( 2)  0.993
 245 I   0.02951 0.97049 ( 2)  0.973
 246 R   0.02898 0.97102 ( 2)  0.973
 247 H   0.03424 0.96576 ( 2)  0.968
 248 P   0.02989 0.97011 ( 2)  0.972
 249 L   0.23250 0.76750 ( 2)  0.786
 250 Q   0.01142 0.98858 ( 2)  0.989
 251 I   0.32609 0.67391 ( 2)  0.700
 252 H   0.09300 0.90700 ( 2)  0.914
 253 H   0.26339 0.73661 ( 2)  0.757
 254 S   0.00075 0.99925 ( 2)  0.999
 255 N   0.00021 0.99979 ( 2)  1.000
 256 D   0.16292 0.83708 ( 2)  0.850
 257 K   0.01197 0.98803 ( 2)  0.989
 258 D   0.00073 0.99927 ( 2)  0.999
 259 A   0.00008 0.99992 ( 2)  1.000
 260 A   0.00738 0.99262 ( 2)  0.993
 261 I   0.01564 0.98436 ( 2)  0.986
 262 E   0.00000 1.00000 ( 2)  1.000
 263 M   0.01038 0.98962 ( 2)  0.990
 264 S   0.00110 0.99890 ( 2)  0.999
 265 Q   0.00440 0.99560 ( 2)  0.996
 266 G   0.00053 0.99947 ( 2)  1.000
 267 G   0.62270 0.37730 ( 1)  0.426
 268 T   0.00774 0.99226 ( 2)  0.993
 269 P   0.00682 0.99318 ( 2)  0.994
 270 N   0.01060 0.98940 ( 2)  0.990
 271 V   0.26570 0.73430 ( 2)  0.755
 272 Q   0.28276 0.71724 ( 2)  0.740
 273 G   0.26522 0.73478 ( 2)  0.756
 274 P   0.01276 0.98724 ( 2)  0.988
 275 -   0.18304 0.81696 ( 2)  0.831
 276 S   0.76266 0.23734 ( 1)  0.298
 277 G   0.76996 0.23004 ( 1)  0.291
 278 T   0.69352 0.30648 ( 1)  0.361
 279 Q   0.28276 0.71724 ( 2)  0.740
 280 S   0.28254 0.71746 ( 2)  0.740
 281 F   0.74084 0.25916 ( 1)  0.318
 282 P   0.18304 0.81696 ( 2)  0.831
 283 C   0.18304 0.81696 ( 2)  0.831
 284 P   0.00926 0.99074 ( 2)  0.991
 285 -   0.18304 0.81696 ( 2)  0.831
 286 -   0.18304 0.81696 ( 2)  0.831
 287 -   0.18304 0.81696 ( 2)  0.831
 288 -   0.18304 0.81696 ( 2)  0.831
 289 -   0.18304 0.81696 ( 2)  0.831
 290 -   0.18304 0.81696 ( 2)  0.831
 291 -   0.18304 0.81696 ( 2)  0.831
 292 -   0.18304 0.81696 ( 2)  0.831
 293 -   0.18304 0.81696 ( 2)  0.831
 294 -   0.18304 0.81696 ( 2)  0.831
 295 -   0.18304 0.81696 ( 2)  0.831
 296 -   0.18304 0.81696 ( 2)  0.831
 297 -   0.18304 0.81696 ( 2)  0.831
 298 -   0.18304 0.81696 ( 2)  0.831
 299 -   0.18304 0.81696 ( 2)  0.831
 300 -   0.18304 0.81696 ( 2)  0.831
 301 H   0.01043 0.98957 ( 2)  0.990
 302 P   0.00038 0.99962 ( 2)  1.000
 303 G   0.70019 0.29981 ( 1)  0.355
 304 T   0.00117 0.99883 ( 2)  0.999
 305 W   0.59708 0.40292 ( 1)  0.450
 306 -   0.18345 0.81655 ( 2)  0.831
 307 P   0.00919 0.99081 ( 2)  0.992
 308 I   0.18304 0.81696 ( 2)  0.831
 309 Y   0.18304 0.81696 ( 2)  0.831
 310 V   0.00005 0.99995 ( 2)  1.000
 311 N   0.00077 0.99923 ( 2)  0.999
 312 P   0.00003 0.99997 ( 2)  1.000
 313 I   0.00550 0.99450 ( 2)  0.995
 314 T   0.27052 0.72948 ( 2)  0.751
 315 G   0.00266 0.99734 ( 2)  0.998
 316 H   0.03036 0.96964 ( 2)  0.972
 317 P   0.67608 0.32392 ( 1)  0.377
 318 P   0.00807 0.99193 ( 2)  0.993
 319 -   0.18304 0.81696 ( 2)  0.831
 320 -   0.18304 0.81696 ( 2)  0.831
 321 G   0.00389 0.99611 ( 2)  0.996
 322 Y   0.00050 0.99950 ( 2)  1.000
 323 G   0.00959 0.99041 ( 2)  0.991
 324 P   0.13997 0.86003 ( 2)  0.871
 325 P   0.12249 0.87751 ( 2)  0.887
 326 Q   0.66403 0.33597 ( 1)  0.388
 327 -   0.18304 0.81696 ( 2)  0.831
 328 -   0.18304 0.81696 ( 2)  0.831
 329 -   0.18304 0.81696 ( 2)  0.831
 330 -   0.18304 0.81696 ( 2)  0.831
 331 -   0.18304 0.81696 ( 2)  0.831
 332 -   0.18304 0.81696 ( 2)  0.831
 333 -   0.18304 0.81696 ( 2)  0.831
 334 -   0.18304 0.81696 ( 2)  0.831
 335 -   0.18304 0.81696 ( 2)  0.831
 336 -   0.18304 0.81696 ( 2)  0.831
 337 -   0.18304 0.81696 ( 2)  0.831
 338 E   0.14002 0.85998 ( 2)  0.871
 339 P   0.00651 0.99349 ( 2)  0.994
 340 N   0.02708 0.97292 ( 2)  0.975
 341 D   0.15333 0.84667 ( 2)  0.859
 342 P   0.00457 0.99543 ( 2)  0.996
 343 N   0.13458 0.86542 ( 2)  0.876
 344 R   0.00002 0.99998 ( 2)  1.000
 345 E   0.17325 0.82675 ( 2)  0.840
 346 G   0.11849 0.88151 ( 2)  0.891
 347 T   0.00850 0.99150 ( 2)  0.992
 348 S   0.54107 0.45893 ( 1)  0.502
 349 G   0.02899 0.97101 ( 2)  0.973
 350 N   0.31797 0.68203 ( 2)  0.707
 351 D   0.03252 0.96748 ( 2)  0.970
 352 A   0.00195 0.99805 ( 2)  0.998
 353 F   0.00056 0.99944 ( 2)  0.999
 354 A   0.10560 0.89440 ( 2)  0.903
 355 S   0.00511 0.99489 ( 2)  0.995
 356 -   0.18304 0.81696 ( 2)  0.831
 357 -   0.18304 0.81696 ( 2)  0.831
 358 -   0.18304 0.81696 ( 2)  0.831
 359 -   0.18304 0.81696 ( 2)  0.831
 360 -   0.18304 0.81696 ( 2)  0.831
 361 S   0.59265 0.40735 ( 1)  0.454
 362 A   0.65460 0.34540 ( 1)  0.397
 363 T   0.07913 0.92087 ( 2)  0.927
 364 A   0.00090 0.99910 ( 2)  0.999
 365 G   0.00066 0.99934 ( 2)  0.999
 366 -   0.18304 0.81696 ( 2)  0.831
 367 M   0.85713 0.14287 ( 1)  0.210
 368 E   0.00120 0.99880 ( 2)  0.999
 369 S   0.18832 0.81168 ( 2)  0.827
 370 -   0.18304 0.81696 ( 2)  0.831
 371 -   0.18304 0.81696 ( 2)  0.831
 372 A   0.11234 0.88766 ( 2)  0.897
 373 R   0.00379 0.99621 ( 2)  0.997
 374 E   0.00015 0.99985 ( 2)  1.000
 375 V   0.00432 0.99568 ( 2)  0.996
 376 P   0.00002 0.99998 ( 2)  1.000
 377 S   0.20547 0.79453 ( 2)  0.811
 378 S   0.03359 0.96641 ( 2)  0.969
 379 L   0.55251 0.44749 ( 1)  0.491
 380 -   0.18304 0.81696 ( 2)  0.831
 381 -   0.18304 0.81696 ( 2)  0.831
 382 -   0.18304 0.81696 ( 2)  0.831
 383 -   0.18304 0.81696 ( 2)  0.831
 384 V   0.64913 0.35087 ( 1)  0.402
 385 C   0.01094 0.98906 ( 2)  0.990
 386 P   0.00514 0.99486 ( 2)  0.995
 387 D   0.01660 0.98340 ( 2)  0.985
 388 I   0.02794 0.97206 ( 2)  0.974
 389 S   0.00036 0.99964 ( 2)  1.000
 390 S   0.00395 0.99605 ( 2)  0.996
 391 L   0.00081 0.99919 ( 2)  0.999
 392 M   0.02684 0.97316 ( 2)  0.975
 393 F   0.00409 0.99591 ( 2)  0.996
 394 S   0.04721 0.95279 ( 2)  0.957
 395 C   0.03003 0.96997 ( 2)  0.972
 396 N   0.00262 0.99738 ( 2)  0.998
 397 V   0.00021 0.99979 ( 2)  1.000
 398 C   0.27259 0.72741 ( 2)  0.749
 399 Y   0.03235 0.96765 ( 2)  0.970
 400 S   0.03023 0.96977 ( 2)  0.972
 401 I   0.00230 0.99770 ( 2)  0.998
 402 L   0.08819 0.91181 ( 2)  0.919
 403 L   0.00603 0.99397 ( 2)  0.994
 404 A   0.21152 0.78848 ( 2)  0.805
 405 S   0.00849 0.99151 ( 2)  0.992
 406 L   0.69319 0.30681 ( 1)  0.361
 407 -   0.18304 0.81696 ( 2)  0.831
 408 -   0.18304 0.81696 ( 2)  0.831
 409 -   0.18304 0.81696 ( 2)  0.831
 410 -   0.18304 0.81696 ( 2)  0.831
 411 -   0.18304 0.81696 ( 2)  0.831
 412 -   0.18304 0.81696 ( 2)  0.831
 413 -   0.18304 0.81696 ( 2)  0.831
 414 -   0.18304 0.81696 ( 2)  0.831
 415 -   0.18304 0.81696 ( 2)  0.831
 416 -   0.18304 0.81696 ( 2)  0.831
 417 -   0.18304 0.81696 ( 2)  0.831
 418 -   0.18304 0.81696 ( 2)  0.831
 419 -   0.18304 0.81696 ( 2)  0.831
 420 -   0.18304 0.81696 ( 2)  0.831
 421 -   0.18304 0.81696 ( 2)  0.831
 422 -   0.18304 0.81696 ( 2)  0.831
 423 -   0.18304 0.81696 ( 2)  0.831
 424 -   0.18304 0.81696 ( 2)  0.831
 425 -   0.18304 0.81696 ( 2)  0.831
 426 -   0.18304 0.81696 ( 2)  0.831
 427 -   0.18304 0.81696 ( 2)  0.831
 428 -   0.18304 0.81696 ( 2)  0.831
 429 -   0.18304 0.81696 ( 2)  0.831
 430 -   0.18304 0.81696 ( 2)  0.831
 431 -   0.18304 0.81696 ( 2)  0.831
 432 -   0.18304 0.81696 ( 2)  0.831
 433 -   0.18304 0.81696 ( 2)  0.831
 434 -   0.18304 0.81696 ( 2)  0.831
 435 -   0.18304 0.81696 ( 2)  0.831
 436 -   0.18304 0.81696 ( 2)  0.831
 437 -   0.18304 0.81696 ( 2)  0.831
 438 -   0.18304 0.81696 ( 2)  0.831
 439 -   0.18304 0.81696 ( 2)  0.831
 440 -   0.18304 0.81696 ( 2)  0.831
 441 -   0.18304 0.81696 ( 2)  0.831
 442 -   0.18304 0.81696 ( 2)  0.831
 443 L   0.04754 0.95246 ( 2)  0.956
 444 V   0.00068 0.99932 ( 2)  0.999
 445 M   0.17864 0.82136 ( 2)  0.835
 446 T   0.00028 0.99972 ( 2)  1.000
 447 P   0.07967 0.92033 ( 2)  0.927
 448 N   0.31247 0.68753 ( 2)  0.712
 449 E   0.17325 0.82675 ( 2)  0.840
 450 P   0.00378 0.99622 ( 2)  0.997
 451 S   0.00029 0.99971 ( 2)  1.000
 452 D   0.00036 0.99964 ( 2)  1.000
 453 D   0.00010 0.99990 ( 2)  1.000
 454 E   0.77761 0.22239 ( 1)  0.284
 455 E   0.28675 0.71325 ( 2)  0.736
 456 E   0.77761 0.22239 ( 1)  0.284
 457 E   0.13575 0.86425 ( 2)  0.875
 458 E   0.18304 0.81696 ( 2)  0.831
 459 E   0.00039 0.99961 ( 2)  1.000
 460 D   0.00072 0.99928 ( 2)  0.999
 461 -   0.18304 0.81696 ( 2)  0.831
 462 -   0.18304 0.81696 ( 2)  0.831
 463 -   0.18304 0.81696 ( 2)  0.831
 464 S   0.00678 0.99322 ( 2)  0.994
 465 S   0.08228 0.91772 ( 2)  0.924
 466 G   0.01405 0.98595 ( 2)  0.987
 467 Y   0.00011 0.99989 ( 2)  1.000
 468 N   0.00175 0.99825 ( 2)  0.998
 469 S   0.01100 0.98900 ( 2)  0.990
 470 T   0.00426 0.99574 ( 2)  0.996
 471 L   0.07187 0.92813 ( 2)  0.934
 472 C   0.06514 0.93486 ( 2)  0.940
 473 E   0.21045 0.78955 ( 2)  0.806
 474 Q   0.00363 0.99637 ( 2)  0.997
 475 F   0.00303 0.99697 ( 2)  0.997
 476 R   0.69494 0.30506 ( 1)  0.360
 477 N   0.26611 0.73389 ( 2)  0.755
 478 N   0.73637 0.26363 ( 1)  0.322
 479 P   0.00730 0.99270 ( 2)  0.993
 480 N   0.01081 0.98919 ( 2)  0.990
 481 P   0.56208 0.43792 ( 1)  0.482
 482 -   0.18304 0.81696 ( 2)  0.831
 483 -   0.18304 0.81696 ( 2)  0.831
 484 -   0.18304 0.81696 ( 2)  0.831
 485 -   0.18304 0.81696 ( 2)  0.831
 486 -   0.18304 0.81696 ( 2)  0.831
 487 -   0.18304 0.81696 ( 2)  0.831
 488 -   0.18304 0.81696 ( 2)  0.831
 489 -   0.18304 0.81696 ( 2)  0.831
 490 -   0.18304 0.81696 ( 2)  0.831
 491 -   0.18304 0.81696 ( 2)  0.831
 492 -   0.18304 0.81696 ( 2)  0.831
 493 -   0.18304 0.81696 ( 2)  0.831
 494 -   0.18304 0.81696 ( 2)  0.831
 495 -   0.18304 0.81696 ( 2)  0.831


lnL = -4163.708113

