Supplemental results for CODEML (seqf: algn  treef: tree)


dN/dS (w) for site classes (K=4)

p:   0.25000  0.25000  0.25000  0.25000
w:   0.06826  0.19777  0.35188  0.58368

Naive Empirical Bayes (NEB) probabilities for 4 classes & postmean_w
(amino acids refer to 1st sequence: chlSab_FOXL3_XM_008018930)

   1 G   0.68944 0.22983 0.06786 0.01287 ( 1)  0.124
   2 -   0.25000 0.25000 0.25000 0.25000 ( 1)  0.300
   3 -   0.25000 0.25000 0.25000 0.25000 ( 1)  0.300
   4 -   0.25000 0.25000 0.25000 0.25000 ( 1)  0.300
   5 -   0.25000 0.25000 0.25000 0.25000 ( 1)  0.300
   6 -   0.25000 0.25000 0.25000 0.25000 ( 1)  0.300
   7 -   0.25000 0.25000 0.25000 0.25000 ( 1)  0.300
   8 -   0.25000 0.25000 0.25000 0.25000 ( 1)  0.300
   9 -   0.25000 0.25000 0.25000 0.25000 ( 1)  0.300
  10 -   0.25000 0.25000 0.25000 0.25000 ( 1)  0.300
  11 -   0.25000 0.25000 0.25000 0.25000 ( 1)  0.300
  12 -   0.25000 0.25000 0.25000 0.25000 ( 1)  0.300
  13 P   0.65372 0.24510 0.08247 0.01871 ( 1)  0.133
  14 K   0.01080 0.13447 0.34733 0.50740 ( 4)  0.446
  15 -   0.25000 0.25000 0.25000 0.25000 ( 1)  0.300
  16 -   0.25000 0.25000 0.25000 0.25000 ( 1)  0.300
  17 -   0.25000 0.25000 0.25000 0.25000 ( 1)  0.300
  18 -   0.25000 0.25000 0.25000 0.25000 ( 1)  0.300
  19 -   0.25000 0.25000 0.25000 0.25000 ( 1)  0.300
  20 -   0.25000 0.25000 0.25000 0.25000 ( 1)  0.300
  21 -   0.25000 0.25000 0.25000 0.25000 ( 1)  0.300
  22 -   0.25000 0.25000 0.25000 0.25000 ( 1)  0.300
  23 -   0.25000 0.25000 0.25000 0.25000 ( 1)  0.300
  24 -   0.25000 0.25000 0.25000 0.25000 ( 1)  0.300
  25 -   0.25000 0.25000 0.25000 0.25000 ( 1)  0.300
  26 -   0.25000 0.25000 0.25000 0.25000 ( 1)  0.300
  27 -   0.25000 0.25000 0.25000 0.25000 ( 1)  0.300
  28 -   0.25000 0.25000 0.25000 0.25000 ( 1)  0.300
  29 -   0.25000 0.25000 0.25000 0.25000 ( 1)  0.300
  30 -   0.25000 0.25000 0.25000 0.25000 ( 1)  0.300
  31 -   0.25000 0.25000 0.25000 0.25000 ( 1)  0.300
  32 -   0.25000 0.25000 0.25000 0.25000 ( 1)  0.300
  33 -   0.25000 0.25000 0.25000 0.25000 ( 1)  0.300
  34 -   0.25000 0.25000 0.25000 0.25000 ( 1)  0.300
  35 -   0.25000 0.25000 0.25000 0.25000 ( 1)  0.300
  36 -   0.25000 0.25000 0.25000 0.25000 ( 1)  0.300
  37 -   0.25000 0.25000 0.25000 0.25000 ( 1)  0.300
  38 -   0.25000 0.25000 0.25000 0.25000 ( 1)  0.300
  39 -   0.25000 0.25000 0.25000 0.25000 ( 1)  0.300
  40 -   0.25000 0.25000 0.25000 0.25000 ( 1)  0.300
  41 -   0.25000 0.25000 0.25000 0.25000 ( 1)  0.300
  42 -   0.25000 0.25000 0.25000 0.25000 ( 1)  0.300
  43 -   0.25000 0.25000 0.25000 0.25000 ( 2)  0.300
  44 -   0.25000 0.25000 0.25000 0.25000 ( 1)  0.300
  45 -   0.25000 0.25000 0.25000 0.25000 ( 1)  0.300
  46 -   0.25000 0.25000 0.25000 0.25000 ( 1)  0.300
  47 R   0.33670 0.36510 0.21758 0.08062 ( 2)  0.219
  48 E   0.10454 0.33557 0.35421 0.20569 ( 3)  0.318
  49 G   0.06849 0.26767 0.36017 0.30367 ( 3)  0.362
  50 -   0.09596 0.22108 0.30845 0.37451 ( 4)  0.377
  51 -   0.35429 0.27564 0.21323 0.15684 ( 1)  0.245
  52 -   0.01642 0.11452 0.29085 0.57821 ( 4)  0.464
  53 -   0.09772 0.22760 0.31425 0.36043 ( 4)  0.373
  54 -   0.02414 0.14677 0.31939 0.50970 ( 4)  0.441
  55 -   0.35218 0.27737 0.21522 0.15524 ( 1)  0.245
  56 -   0.10665 0.23571 0.31144 0.34621 ( 4)  0.366
  57 -   0.12164 0.25155 0.31012 0.31669 ( 4)  0.352
  58 -   0.09666 0.22451 0.31182 0.36702 ( 4)  0.375
  59 -   0.40552 0.28578 0.19388 0.11482 ( 1)  0.219
  60 -   0.37873 0.28163 0.20466 0.13498 ( 1)  0.232
  61 -   0.09150 0.21785 0.31099 0.37967 ( 4)  0.380
  62 -   0.09126 0.21922 0.31310 0.37641 ( 4)  0.379
  63 -   0.05967 0.17079 0.29734 0.47220 ( 4)  0.418
  64 -   0.01853 0.12304 0.29797 0.56047 ( 4)  0.458
  65 -   0.12288 0.25662 0.31405 0.30645 ( 3)  0.349
  66 -   0.01908 0.12587 0.30125 0.55380 ( 4)  0.455
  67 -   0.09236 0.21945 0.31173 0.37646 ( 4)  0.379
  68 -   0.07208 0.19127 0.30568 0.43096 ( 4)  0.402
  69 -   0.28749 0.26364 0.23940 0.20947 ( 1)  0.278
  70 -   0.06755 0.19024 0.31085 0.43135 ( 4)  0.403
  71 -   0.08935 0.21520 0.31079 0.38466 ( 4)  0.383
  72 -   0.11368 0.24587 0.31389 0.32655 ( 4)  0.357
  73 -   0.41108 0.28862 0.19232 0.10798 ( 1)  0.216
  74 -   0.31478 0.27079 0.22982 0.18461 ( 1)  0.264
  75 -   0.35500 0.27874 0.21453 0.15173 ( 1)  0.243
  76 -   0.28282 0.26240 0.24103 0.21376 ( 1)  0.281
  77 -   0.42357 0.28571 0.18568 0.10504 ( 1)  0.212
  78 -   0.39338 0.28218 0.19826 0.12618 ( 1)  0.226
  79 -   0.36760 0.27933 0.20885 0.14422 ( 1)  0.238
  80 -   0.08296 0.20328 0.30468 0.40908 ( 4)  0.392
  81 -   0.10619 0.23747 0.31424 0.34209 ( 4)  0.364
  82 -   0.37764 0.28004 0.20462 0.13770 ( 1)  0.234
  83 -   0.28584 0.26369 0.24025 0.21023 ( 1)  0.279
  84 -   0.28278 0.26248 0.24108 0.21366 ( 1)  0.281
  85 -   0.05924 0.16899 0.29523 0.47654 ( 4)  0.419
  86 -   0.28920 0.26493 0.23933 0.20654 ( 1)  0.277
  87 -   0.08961 0.21594 0.31133 0.38312 ( 4)  0.382
  88 -   0.31990 0.27165 0.22779 0.18066 ( 1)  0.261
  89 -   0.38051 0.27991 0.20325 0.13634 ( 1)  0.232
  90 -   0.40977 0.28821 0.19281 0.10920 ( 1)  0.217
  91 -   0.33662 0.27519 0.22153 0.16666 ( 1)  0.253
  92 -   0.09478 0.22170 0.31103 0.37249 ( 4)  0.377
  93 -   0.00313 0.05814 0.23975 0.69898 ( 4)  0.504
  94 -   0.34539 0.27679 0.21811 0.15971 ( 1)  0.248
  95 -   0.09524 0.22125 0.30996 0.37355 ( 4)  0.377
  96 -   0.10596 0.23777 0.31492 0.34135 ( 4)  0.364
  97 -   0.36760 0.27933 0.20885 0.14422 ( 1)  0.238
  98 -   0.38979 0.28338 0.20024 0.12659 ( 1)  0.227
  99 -   0.37013 0.28126 0.20847 0.14015 ( 1)  0.236
 100 -   0.10133 0.23132 0.31342 0.35392 ( 4)  0.370
 101 -   0.02295 0.14053 0.31212 0.52440 ( 4)  0.445
 102 -   0.37028 0.28518 0.21020 0.13434 ( 1)  0.234
 103 -   0.37572 0.28547 0.20771 0.13110 ( 1)  0.232
 104 -   0.35008 0.28185 0.21841 0.14966 ( 1)  0.244
 105 -   0.40977 0.28821 0.19281 0.10920 ( 1)  0.217
 106 -   0.27640 0.26076 0.24337 0.21947 ( 1)  0.284
 107 -   0.42357 0.28571 0.18568 0.10504 ( 1)  0.212
 108 -   0.37332 0.28555 0.20890 0.13222 ( 1)  0.233
 109 -   0.37028 0.28518 0.21020 0.13434 ( 1)  0.234
 110 -   0.41008 0.28722 0.19227 0.11043 ( 1)  0.217
 111 -   0.36193 0.28244 0.21293 0.14270 ( 1)  0.239
 112 -   0.35041 0.27856 0.21659 0.15444 ( 1)  0.245
 113 -   0.34926 0.27861 0.21716 0.15496 ( 1)  0.246
 114 -   0.13013 0.26295 0.31186 0.29505 ( 3)  0.343
 115 -   0.37222 0.27992 0.20699 0.14087 ( 1)  0.236
 116 -   0.28229 0.26288 0.24166 0.21317 ( 1)  0.281
 117 -   0.09353 0.22001 0.31071 0.37575 ( 4)  0.379
 118 -   0.37873 0.28163 0.20466 0.13498 ( 1)  0.232
 119 -   0.25000 0.25000 0.25000 0.25000 ( 1)  0.300
 120 -   0.25000 0.25000 0.25000 0.25000 ( 1)  0.300
 121 -   0.25000 0.25000 0.25000 0.25000 ( 1)  0.300
 122 -   0.25000 0.25000 0.25000 0.25000 ( 1)  0.300
 123 -   0.25000 0.25000 0.25000 0.25000 ( 1)  0.300
 124 -   0.37222 0.27992 0.20699 0.14087 ( 1)  0.236
 125 -   0.08350 0.20725 0.30928 0.39997 ( 4)  0.389
 126 -   0.10304 0.22859 0.30740 0.36097 ( 4)  0.371
 127 -   0.01237 0.09458 0.26800 0.62505 ( 4)  0.479
 128 -   0.34038 0.27299 0.21860 0.16803 ( 1)  0.252
 129 -   0.06958 0.18608 0.30250 0.44183 ( 4)  0.406
 130 -   0.40552 0.28578 0.19388 0.11482 ( 1)  0.219
 131 -   0.39338 0.28218 0.19826 0.12618 ( 1)  0.226
 132 -   0.28081 0.26115 0.24120 0.21684 ( 1)  0.282
 133 -   0.12337 0.25356 0.31004 0.31304 ( 4)  0.350
 134 -   0.37013 0.28126 0.20847 0.14015 ( 1)  0.236
 135 -   0.00612 0.06247 0.22808 0.70333 ( 4)  0.504
 136 -   0.38193 0.28520 0.20459 0.12828 ( 1)  0.229
 137 -   0.11431 0.24508 0.31208 0.32853 ( 4)  0.358
 138 -   0.38051 0.27991 0.20325 0.13634 ( 1)  0.232
 139 -   0.09236 0.21945 0.31173 0.37646 ( 4)  0.379
 140 -   0.11738 0.24978 0.31350 0.31934 ( 4)  0.354
 141 -   0.01772 0.12053 0.29732 0.56443 ( 4)  0.459
 142 -   0.39502 0.28759 0.19949 0.11790 ( 1)  0.223
 143 -   0.41008 0.28722 0.19227 0.11043 ( 1)  0.217
 144 -   0.41395 0.28583 0.19005 0.11017 ( 1)  0.216
 145 -   0.29742 0.26798 0.23704 0.19756 ( 1)  0.272
 146 -   0.36485 0.28423 0.21235 0.13858 ( 1)  0.237
 147 -   0.08540 0.20949 0.30925 0.39586 ( 4)  0.387
 148 L   0.01472 0.16195 0.36682 0.45652 ( 4)  0.429
 149 R   0.36227 0.28436 0.21368 0.13969 ( 1)  0.238
 150 G   0.29712 0.26755 0.23689 0.19845 ( 1)  0.272
 151 P   0.10021 0.23107 0.31496 0.35376 ( 4)  0.370
 152 R   0.09104 0.21903 0.31331 0.37662 ( 4)  0.380
 153 A   0.36928 0.28480 0.21048 0.13543 ( 1)  0.235
 154 G   0.35897 0.28309 0.21466 0.14328 ( 1)  0.240
 155 G   0.11155 0.24550 0.31646 0.32649 ( 4)  0.358
 156 V   0.10747 0.24034 0.31597 0.33622 ( 4)  0.362
 157 Q   0.37550 0.28634 0.20820 0.12996 ( 1)  0.231
 158 G   0.11143 0.24510 0.31613 0.32733 ( 4)  0.358
 159 P   0.10152 0.23323 0.31577 0.34948 ( 4)  0.368
 160 P   0.01260 0.09778 0.27535 0.61428 ( 4)  0.476
 161 G   0.27813 0.26139 0.24287 0.21760 ( 1)  0.283
 162 P   0.35941 0.28325 0.21452 0.14283 ( 1)  0.239
 163 P   0.01856 0.12394 0.30019 0.55731 ( 4)  0.457
 164 E   0.12080 0.25634 0.31649 0.30637 ( 3)  0.349
 165 P   0.36023 0.28341 0.21420 0.14216 ( 1)  0.239
 166 A   0.02058 0.13285 0.30874 0.53782 ( 4)  0.450
 167 A   0.02114 0.13515 0.31068 0.53303 ( 4)  0.449
 168 G   0.09562 0.22482 0.31383 0.36572 ( 4)  0.375
 169 Q   0.36190 0.28403 0.21369 0.14039 ( 1)  0.238
 170 G   0.11143 0.24510 0.31613 0.32733 ( 4)  0.358
 171 S   0.01932 0.12711 0.30291 0.55066 ( 4)  0.454
 172 L   0.36932 0.28553 0.21080 0.13434 ( 1)  0.234
 173 A   0.35036 0.28145 0.21805 0.15014 ( 1)  0.244
 174 P   0.09790 0.22823 0.31481 0.35906 ( 4)  0.372
 175 D   0.41589 0.29045 0.19078 0.10288 ( 1)  0.213
 176 S   0.39422 0.28905 0.20043 0.11631 ( 1)  0.222
 177 A   0.27677 0.26087 0.24324 0.21913 ( 1)  0.284
 178 G   0.37133 0.28543 0.20980 0.13345 ( 1)  0.234
 179 E   0.39636 0.28891 0.19936 0.11537 ( 1)  0.222
 180 S   0.11996 0.25485 0.31592 0.30928 ( 3)  0.350
 181 A   0.11732 0.25235 0.31658 0.31375 ( 3)  0.352
 182 P   0.09637 0.22639 0.31476 0.36247 ( 4)  0.374
 183 G   0.32234 0.27490 0.22842 0.17434 ( 1)  0.259
 184 R   0.33397 0.27795 0.22430 0.16378 ( 1)  0.252
 185 D   0.12559 0.26172 0.31626 0.29643 ( 3)  0.345
 186 P   0.10984 0.24296 0.31577 0.33143 ( 4)  0.360
 187 H   0.26481 0.25627 0.24647 0.23245 ( 1)  0.291
 188 A   0.29835 0.26835 0.23677 0.19652 ( 1)  0.271
 189 S   0.07543 0.19625 0.30731 0.42101 ( 4)  0.398
 190 P   0.37438 0.28558 0.20839 0.13164 ( 1)  0.232
 191 A   0.38548 0.28693 0.20370 0.12389 ( 1)  0.227
 192 S   0.39422 0.28905 0.20043 0.11631 ( 1)  0.222
 193 P   0.37438 0.28558 0.20839 0.13164 ( 1)  0.232
 194 A   0.01943 0.12780 0.30395 0.54882 ( 4)  0.454
 195 P   0.01885 0.12535 0.30180 0.55400 ( 4)  0.456
 196 P   0.09968 0.23030 0.31477 0.35525 ( 4)  0.370
 197 G   0.35900 0.28309 0.21464 0.14327 ( 1)  0.240
 198 K   0.36149 0.28433 0.21405 0.14013 ( 1)  0.238
 199 E   0.39636 0.28891 0.19936 0.11537 ( 1)  0.222
 200 H   0.02324 0.14383 0.31811 0.51481 ( 4)  0.442
 201 S   0.10012 0.23067 0.31457 0.35465 ( 4)  0.370
 202 R   0.36080 0.28358 0.21401 0.14161 ( 1)  0.239
 203 D   0.40880 0.28988 0.19389 0.10743 ( 1)  0.216
 204 L   0.39720 0.28923 0.19909 0.11448 ( 1)  0.221
 205 K   0.36149 0.28433 0.21405 0.14013 ( 1)  0.238
 206 F   0.33672 0.27926 0.22366 0.16035 ( 1)  0.251
 207 S   0.39422 0.28905 0.20043 0.11631 ( 1)  0.222
 208 I   0.35530 0.28325 0.21654 0.14492 ( 1)  0.241
 209 D   0.41589 0.29045 0.19078 0.10288 ( 1)  0.213
 210 Y   0.35823 0.28380 0.21538 0.14258 ( 1)  0.240
 211 I   0.35530 0.28325 0.21654 0.14492 ( 1)  0.241
 212 L   0.37370 0.28598 0.20890 0.13142 ( 1)  0.232
 213 S   0.39443 0.28915 0.20037 0.11606 ( 1)  0.222
 214 S   0.39443 0.28915 0.20037 0.11606 ( 1)  0.222
 215 P   0.27587 0.26055 0.24350 0.22009 ( 1)  0.285
 216 D   0.41589 0.29045 0.19078 0.10288 ( 1)  0.213
 217 P   0.37438 0.28558 0.20839 0.13164 ( 1)  0.232
 218 F   0.32484 0.27623 0.22794 0.17099 ( 1)  0.257
 219 P   0.32613 0.27618 0.22725 0.17043 ( 1)  0.256
 220 G   0.33522 0.27800 0.22369 0.16309 ( 1)  0.252
 221 L   0.11658 0.25191 0.31709 0.31442 ( 3)  0.353
 222 K   0.36149 0.28433 0.21405 0.14013 ( 1)  0.238
 223 P   0.35352 0.28212 0.21683 0.14753 ( 1)  0.242
 224 P   0.37438 0.28558 0.20839 0.13164 ( 1)  0.232
 225 C   0.10105 0.23290 0.31609 0.34996 ( 4)  0.368
 226 L   0.10940 0.24330 0.31684 0.33047 ( 4)  0.360
 227 A   0.27704 0.26097 0.24316 0.21882 ( 1)  0.284
 228 Q   0.09914 0.22992 0.31512 0.35582 ( 4)  0.371
 229 E   0.39636 0.28891 0.19936 0.11537 ( 1)  0.222
 230 G   0.11575 0.24997 0.31593 0.31835 ( 4)  0.354
 231 -   0.25000 0.25000 0.25000 0.25000 ( 1)  0.300
 232 -   0.25000 0.25000 0.25000 0.25000 ( 1)  0.300
 233 -   0.25000 0.25000 0.25000 0.25000 ( 1)  0.300
 234 -   0.25000 0.25000 0.25000 0.25000 ( 1)  0.300
 235 -   0.25000 0.25000 0.25000 0.25000 ( 1)  0.300
 236 R   0.28069 0.26238 0.24218 0.21475 ( 1)  0.282
 237 Y   0.33124 0.27782 0.22561 0.16533 ( 1)  0.253
 238 A   0.01419 0.10381 0.27924 0.60276 ( 4)  0.472
 239 P   0.09567 0.22511 0.31412 0.36510 ( 4)  0.375
 240 L   0.09914 0.23002 0.31524 0.35559 ( 4)  0.371
 241 E   0.37964 0.28678 0.20641 0.12717 ( 1)  0.229
 242 N   0.37664 0.28681 0.20787 0.12868 ( 1)  0.231
 243 V   0.38714 0.28810 0.20340 0.12136 ( 1)  0.226
 244 G   0.38384 0.28687 0.20445 0.12483 ( 1)  0.228
 245 L   0.39720 0.28923 0.19909 0.11448 ( 1)  0.221
 246 H   0.40542 0.28973 0.19541 0.10943 ( 1)  0.218
 247 F   0.26849 0.25775 0.24553 0.22824 ( 1)  0.289
 248 W   0.35045 0.28225 0.21842 0.14888 ( 1)  0.243
 249 T   0.28397 0.26355 0.24122 0.21126 ( 1)  0.280
 250 M   0.34689 0.28153 0.21981 0.15177 ( 1)  0.245
 251 -   0.25000 0.25000 0.25000 0.25000 ( 1)  0.300
 252 -   0.25000 0.25000 0.25000 0.25000 ( 1)  0.300
 253 -   0.25000 0.25000 0.25000 0.25000 ( 1)  0.300
 254 -   0.25000 0.25000 0.25000 0.25000 ( 1)  0.300
 255 -   0.25000 0.25000 0.25000 0.25000 ( 1)  0.300
 256 -   0.25000 0.25000 0.25000 0.25000 ( 1)  0.300
 257 -   0.25000 0.25000 0.25000 0.25000 ( 2)  0.300
 258 -   0.25000 0.25000 0.25000 0.25000 ( 1)  0.300
 259 -   0.25000 0.25000 0.25000 0.25000 ( 1)  0.300
 260 -   0.25000 0.25000 0.25000 0.25000 ( 1)  0.300
 261 -   0.25000 0.25000 0.25000 0.25000 ( 1)  0.300
 262 -   0.25000 0.25000 0.25000 0.25000 ( 2)  0.300
 263 -   0.25000 0.25000 0.25000 0.25000 ( 1)  0.300
 264 -   0.25000 0.25000 0.25000 0.25000 ( 1)  0.300
 265 -   0.25000 0.25000 0.25000 0.25000 ( 1)  0.300
 266 -   0.25000 0.25000 0.25000 0.25000 ( 1)  0.300
 267 -   0.25000 0.25000 0.25000 0.25000 ( 1)  0.300
 268 -   0.25000 0.25000 0.25000 0.25000 ( 1)  0.300
 269 -   0.25000 0.25000 0.25000 0.25000 ( 1)  0.300
 270 -   0.25000 0.25000 0.25000 0.25000 ( 1)  0.300
 271 -   0.25000 0.25000 0.25000 0.25000 ( 1)  0.300
 272 -   0.25000 0.25000 0.25000 0.25000 ( 1)  0.300
 273 -   0.25000 0.25000 0.25000 0.25000 ( 1)  0.300
 274 -   0.25000 0.25000 0.25000 0.25000 ( 1)  0.300
 275 -   0.25000 0.25000 0.25000 0.25000 ( 1)  0.300
 276 -   0.25000 0.25000 0.25000 0.25000 ( 1)  0.300
 277 -   0.25000 0.25000 0.25000 0.25000 ( 1)  0.300
 278 -   0.25000 0.25000 0.25000 0.25000 ( 1)  0.300
 279 -   0.25000 0.25000 0.25000 0.25000 ( 1)  0.300
 280 -   0.25000 0.25000 0.25000 0.25000 ( 1)  0.300
 281 -   0.25000 0.25000 0.25000 0.25000 ( 1)  0.300
 282 -   0.25000 0.25000 0.25000 0.25000 ( 1)  0.300
 283 -   0.25000 0.25000 0.25000 0.25000 ( 1)  0.300
 284 -   0.25000 0.25000 0.25000 0.25000 ( 1)  0.300
 285 -   0.25000 0.25000 0.25000 0.25000 ( 1)  0.300
 286 -   0.25000 0.25000 0.25000 0.25000 ( 1)  0.300
 287 -   0.25000 0.25000 0.25000 0.25000 ( 1)  0.300
 288 -   0.25000 0.25000 0.25000 0.25000 ( 1)  0.300
 289 -   0.25000 0.25000 0.25000 0.25000 ( 1)  0.300
 290 -   0.25000 0.25000 0.25000 0.25000 ( 1)  0.300
 291 -   0.25000 0.25000 0.25000 0.25000 ( 1)  0.300
 292 -   0.25000 0.25000 0.25000 0.25000 ( 1)  0.300
 293 -   0.25000 0.25000 0.25000 0.25000 ( 1)  0.300
 294 -   0.25000 0.25000 0.25000 0.25000 ( 1)  0.300
 295 -   0.25000 0.25000 0.25000 0.25000 ( 1)  0.300
 296 -   0.25000 0.25000 0.25000 0.25000 ( 1)  0.300
 297 -   0.25000 0.25000 0.25000 0.25000 ( 1)  0.300
 298 -   0.25000 0.25000 0.25000 0.25000 ( 1)  0.300
 299 -   0.25000 0.25000 0.25000 0.25000 ( 1)  0.300
 300 -   0.25000 0.25000 0.25000 0.25000 ( 1)  0.300
 301 -   0.25000 0.25000 0.25000 0.25000 ( 1)  0.300
 302 -   0.25000 0.25000 0.25000 0.25000 ( 1)  0.300
 303 -   0.25000 0.25000 0.25000 0.25000 ( 1)  0.300
 304 -   0.25000 0.25000 0.25000 0.25000 ( 1)  0.300
 305 -   0.25000 0.25000 0.25000 0.25000 ( 1)  0.300
 306 -   0.25000 0.25000 0.25000 0.25000 ( 1)  0.300


lnL = -2048.804493

