Supplemental results for CODEML (seqf: algn  treef: tree)


dN/dS (w) for site classes (K=2)

p:   0.78828  0.21172
w:   0.04281  1.00000

Naive Empirical Bayes (NEB) probabilities for 2 classes & postmean_w
(amino acids refer to 1st sequence: chlSab_FOXL3_XM_008018930)

   1 -   0.78828 0.21172 ( 1)  0.245
   2 -   0.78828 0.21172 ( 1)  0.245
   3 -   0.78828 0.21172 ( 1)  0.245
   4 -   0.78828 0.21172 ( 1)  0.245
   5 -   0.78828 0.21172 ( 1)  0.245
   6 -   0.78828 0.21172 ( 1)  0.245
   7 -   0.78828 0.21172 ( 1)  0.245
   8 -   0.78828 0.21172 ( 1)  0.245
   9 -   0.78828 0.21172 ( 1)  0.245
  10 -   0.78828 0.21172 ( 1)  0.245
  11 -   0.78828 0.21172 ( 1)  0.245
  12 -   0.78828 0.21172 ( 1)  0.245
  13 -   0.78828 0.21172 ( 1)  0.245
  14 -   0.78828 0.21172 ( 1)  0.245
  15 -   0.78828 0.21172 ( 1)  0.245
  16 -   0.78828 0.21172 ( 1)  0.245
  17 -   0.78828 0.21172 ( 1)  0.245
  18 -   0.78828 0.21172 ( 1)  0.245
  19 -   0.78828 0.21172 ( 1)  0.245
  20 -   0.78828 0.21172 ( 1)  0.245
  21 -   0.78828 0.21172 ( 1)  0.245
  22 -   0.78828 0.21172 ( 1)  0.245
  23 -   0.78828 0.21172 ( 1)  0.245
  24 -   0.78828 0.21172 ( 1)  0.245
  25 -   0.78828 0.21172 ( 1)  0.245
  26 -   0.78828 0.21172 ( 1)  0.245
  27 -   0.78828 0.21172 ( 1)  0.245
  28 -   0.78828 0.21172 ( 1)  0.245
  29 -   0.78828 0.21172 ( 1)  0.245
  30 -   0.78828 0.21172 ( 1)  0.245
  31 -   0.78828 0.21172 ( 1)  0.245
  32 -   0.78828 0.21172 ( 1)  0.245
  33 -   0.78828 0.21172 ( 1)  0.245
  34 -   0.78828 0.21172 ( 1)  0.245
  35 -   0.78828 0.21172 ( 1)  0.245
  36 -   0.78828 0.21172 ( 1)  0.245
  37 -   0.78828 0.21172 ( 1)  0.245
  38 -   0.78828 0.21172 ( 1)  0.245
  39 -   0.78828 0.21172 ( 1)  0.245
  40 -   0.78828 0.21172 ( 1)  0.245
  41 -   0.78828 0.21172 ( 1)  0.245
  42 -   0.78828 0.21172 ( 1)  0.245
  43 -   0.78828 0.21172 ( 1)  0.245
  44 -   0.78828 0.21172 ( 1)  0.245
  45 -   0.78828 0.21172 ( 1)  0.245
  46 -   0.78828 0.21172 ( 1)  0.245
  47 -   0.78828 0.21172 ( 1)  0.245
  48 -   0.78828 0.21172 ( 1)  0.245
  49 -   0.78828 0.21172 ( 1)  0.245
  50 -   0.78828 0.21172 ( 1)  0.245
  51 -   0.78828 0.21172 ( 1)  0.245
  52 -   0.78828 0.21172 ( 1)  0.245
  53 -   0.78828 0.21172 ( 1)  0.245
  54 -   0.78828 0.21172 ( 1)  0.245
  55 -   0.78828 0.21172 ( 1)  0.245
  56 -   0.78828 0.21172 ( 1)  0.245
  57 M   0.99347 0.00653 ( 1)  0.049
  58 F   0.89707 0.10293 ( 1)  0.141
  59 D   0.99932 0.00068 ( 1)  0.043
  60 S   0.73869 0.26131 ( 1)  0.293
  61 S   0.98126 0.01874 ( 1)  0.061
  62 Q   0.99362 0.00638 ( 1)  0.049
  63 Y   0.88278 0.11722 ( 1)  0.155
  64 P   0.99823 0.00177 ( 1)  0.045
  65 Y   0.99902 0.00098 ( 1)  0.044
  66 N   0.99587 0.00413 ( 1)  0.047
  67 C   0.99913 0.00087 ( 1)  0.044
  68 F   0.99748 0.00252 ( 1)  0.045
  69 N   0.93133 0.06867 ( 1)  0.109
  70 D   0.60166 0.39834 ( 1)  0.424
  71 D   0.99876 0.00124 ( 1)  0.044
  72 A   0.95344 0.04656 ( 1)  0.087
  73 D   0.99957 0.00043 ( 1)  0.043
  74 D   0.98923 0.01077 ( 1)  0.053
  75 Y   0.99902 0.00098 ( 1)  0.044
  76 P   0.99156 0.00844 ( 1)  0.051
  77 A   0.99853 0.00147 ( 1)  0.044
  78 G   0.62863 0.37137 ( 1)  0.398
  79 S   0.99943 0.00057 ( 1)  0.043
  80 S   0.99721 0.00279 ( 1)  0.045
  81 D   0.99932 0.00068 ( 1)  0.043
  82 E   0.60028 0.39972 ( 1)  0.425
  83 A   0.38910 0.61090 ( 2)  0.628
  84 K   0.91203 0.08797 ( 1)  0.127
  85 R   0.99330 0.00670 ( 1)  0.049
  86 L   0.99844 0.00156 ( 1)  0.044
  87 T   0.99256 0.00744 ( 1)  0.050
  88 R   0.99253 0.00747 ( 1)  0.050
  89 P   0.99823 0.00177 ( 1)  0.045
  90 A   0.99284 0.00716 ( 1)  0.050
  91 Y   0.99902 0.00098 ( 1)  0.044
  92 -   0.78828 0.21172 ( 1)  0.245
  93 -   0.78828 0.21172 ( 1)  0.245
  94 -   0.78828 0.21172 ( 1)  0.245
  95 S   0.99943 0.00057 ( 1)  0.043
  96 Y   0.99902 0.00098 ( 1)  0.044
  97 I   0.99832 0.00168 ( 1)  0.044
  98 A   0.99862 0.00138 ( 1)  0.044
  99 L   0.96340 0.03660 ( 1)  0.078
 100 I   0.99832 0.00168 ( 1)  0.044
 101 A   0.99862 0.00138 ( 1)  0.044
 102 M   0.99347 0.00653 ( 1)  0.049
 103 A   0.99862 0.00138 ( 1)  0.044
 104 I   0.91816 0.08184 ( 1)  0.121
 105 Q   0.99101 0.00899 ( 1)  0.051
 106 Q   0.99362 0.00638 ( 1)  0.049
 107 S   0.99943 0.00057 ( 1)  0.043
 108 P   0.99589 0.00411 ( 1)  0.047
 109 A   0.99383 0.00617 ( 1)  0.049
 110 G   0.99820 0.00180 ( 1)  0.045
 111 R   0.99525 0.00475 ( 1)  0.047
 112 V   0.99317 0.00683 ( 1)  0.049
 113 T   0.99865 0.00135 ( 1)  0.044
 114 L   0.98509 0.01491 ( 1)  0.057
 115 S   0.99756 0.00244 ( 1)  0.045
 116 G   0.99901 0.00099 ( 1)  0.044
 117 I   0.99832 0.00168 ( 1)  0.044
 118 Y   0.99902 0.00098 ( 1)  0.044
 119 D   0.99957 0.00043 ( 1)  0.043
 120 F   0.99748 0.00252 ( 1)  0.045
 121 I   0.99832 0.00168 ( 1)  0.044
 122 M   0.99347 0.00653 ( 1)  0.049
 123 R   0.99907 0.00093 ( 1)  0.044
 124 K   0.99580 0.00420 ( 1)  0.047
 125 F   0.99706 0.00294 ( 1)  0.046
 126 P   0.99823 0.00177 ( 1)  0.045
 127 Y   0.92525 0.07475 ( 1)  0.114
 128 Y   0.99902 0.00098 ( 1)  0.044
 129 R   0.99907 0.00093 ( 1)  0.044
 130 A   0.99862 0.00138 ( 1)  0.044
 131 N   0.99949 0.00051 ( 1)  0.043
 132 Q   0.99362 0.00638 ( 1)  0.049
 133 R   0.99907 0.00093 ( 1)  0.044
 134 A   0.99862 0.00138 ( 1)  0.044
 135 W   0.98862 0.01138 ( 1)  0.054
 136 Q   0.99362 0.00638 ( 1)  0.049
 137 N   0.99949 0.00051 ( 1)  0.043
 138 S   0.99823 0.00177 ( 1)  0.045
 139 I   0.99832 0.00168 ( 1)  0.044
 140 R   0.99873 0.00127 ( 1)  0.044
 141 H   0.99942 0.00058 ( 1)  0.043
 142 N   0.99949 0.00051 ( 1)  0.043
 143 L   0.98509 0.01491 ( 1)  0.057
 144 S   0.99781 0.00219 ( 1)  0.045
 145 L   0.99844 0.00156 ( 1)  0.044
 146 N   0.99949 0.00051 ( 1)  0.043
 147 S   0.99943 0.00057 ( 1)  0.043
 148 C   0.99913 0.00087 ( 1)  0.044
 149 F   0.99748 0.00252 ( 1)  0.045
 150 V   0.96881 0.03119 ( 1)  0.073
 151 K   0.99637 0.00363 ( 1)  0.046
 152 V   0.99317 0.00683 ( 1)  0.049
 153 P   0.10453 0.89547 ( 2)  0.900
 154 -   0.78828 0.21172 ( 1)  0.245
 155 -   0.78828 0.21172 ( 1)  0.245
 156 -   0.78828 0.21172 ( 1)  0.245
 157 -   0.78828 0.21172 ( 1)  0.245
 158 -   0.78828 0.21172 ( 1)  0.245
 159 -   0.78828 0.21172 ( 1)  0.245
 160 -   0.78828 0.21172 ( 1)  0.245
 161 -   0.78828 0.21172 ( 1)  0.245
 162 -   0.78828 0.21172 ( 1)  0.245
 163 -   0.78828 0.21172 ( 1)  0.245
 164 -   0.78828 0.21172 ( 1)  0.245
 165 -   0.78828 0.21172 ( 1)  0.245
 166 -   0.78828 0.21172 ( 1)  0.245
 167 -   0.78828 0.21172 ( 1)  0.245
 168 -   0.78828 0.21172 ( 1)  0.245
 169 -   0.78828 0.21172 ( 1)  0.245
 170 -   0.78828 0.21172 ( 1)  0.245
 171 -   0.78828 0.21172 ( 1)  0.245
 172 -   0.78828 0.21172 ( 1)  0.245
 173 -   0.78828 0.21172 ( 1)  0.245
 174 -   0.78828 0.21172 ( 1)  0.245
 175 -   0.78828 0.21172 ( 1)  0.245
 176 -   0.78828 0.21172 ( 1)  0.245
 177 -   0.78828 0.21172 ( 1)  0.245
 178 -   0.78828 0.21172 ( 1)  0.245
 179 -   0.78828 0.21172 ( 1)  0.245
 180 -   0.78828 0.21172 ( 1)  0.245
 181 -   0.78828 0.21172 ( 1)  0.245
 182 -   0.78828 0.21172 ( 1)  0.245
 183 -   0.78828 0.21172 ( 1)  0.245
 184 -   0.78828 0.21172 ( 1)  0.245
 185 -   0.78828 0.21172 ( 1)  0.245
 186 -   0.78828 0.21172 ( 1)  0.245
 187 -   0.78828 0.21172 ( 1)  0.245
 188 -   0.78828 0.21172 ( 1)  0.245
 189 -   0.78828 0.21172 ( 1)  0.245
 190 -   0.78828 0.21172 ( 1)  0.245
 191 -   0.78828 0.21172 ( 1)  0.245
 192 -   0.78828 0.21172 ( 1)  0.245
 193 -   0.78828 0.21172 ( 1)  0.245
 194 -   0.78828 0.21172 ( 1)  0.245
 195 -   0.78828 0.21172 ( 1)  0.245
 196 -   0.78828 0.21172 ( 1)  0.245
 197 -   0.78828 0.21172 ( 1)  0.245
 198 -   0.78828 0.21172 ( 1)  0.245
 199 -   0.78828 0.21172 ( 1)  0.245
 200 -   0.78828 0.21172 ( 1)  0.245
 201 -   0.78828 0.21172 ( 1)  0.245
 202 -   0.78828 0.21172 ( 1)  0.245
 203 -   0.78828 0.21172 ( 1)  0.245
 204 R   0.99253 0.00747 ( 1)  0.050
 205 S   0.03155 0.96845 ( 2)  0.970
 206 E   0.93333 0.06667 ( 1)  0.107
 207 G   0.99929 0.00071 ( 1)  0.043
 208 H   0.65710 0.34290 ( 1)  0.371
 209 E   0.32162 0.67838 ( 2)  0.692
 210 K   0.91996 0.08004 ( 1)  0.119
 211 G   0.99896 0.00104 ( 1)  0.044
 212 K   0.33211 0.66789 ( 2)  0.682
 213 G   0.99929 0.00071 ( 1)  0.043
 214 N   0.99812 0.00188 ( 1)  0.045
 215 Y   0.99741 0.00259 ( 1)  0.045
 216 W   0.98114 0.01886 ( 1)  0.061
 217 T   0.98334 0.01666 ( 1)  0.059
 218 F   0.99465 0.00535 ( 1)  0.048
 219 A   0.98734 0.01266 ( 1)  0.055
 220 G   0.99678 0.00322 ( 1)  0.046
 221 G   0.99823 0.00177 ( 1)  0.045
 222 C   0.99641 0.00359 ( 1)  0.046
 223 E   0.99457 0.00543 ( 1)  0.048
 224 S   0.98050 0.01950 ( 1)  0.061
 225 L   0.96977 0.03023 ( 1)  0.072
 226 L   0.96847 0.03153 ( 1)  0.073
 227 D   0.99884 0.00116 ( 1)  0.044
 228 L   0.99647 0.00353 ( 1)  0.046
 229 F   0.99465 0.00535 ( 1)  0.048
 230 E   0.99457 0.00543 ( 1)  0.048
 231 N   0.99858 0.00142 ( 1)  0.044
 232 G   0.99823 0.00177 ( 1)  0.045
 233 N   0.99864 0.00136 ( 1)  0.044
 234 Y   0.99760 0.00240 ( 1)  0.045
 235 R   0.98742 0.01258 ( 1)  0.055
 236 R   0.98244 0.01756 ( 1)  0.060
 237 R   0.98604 0.01396 ( 1)  0.056
 238 R   0.98342 0.01658 ( 1)  0.059
 239 R   0.98692 0.01308 ( 1)  0.055
 240 R   0.76341 0.23659 ( 1)  0.269
 241 R   0.99111 0.00889 ( 1)  0.051
 242 G   0.99884 0.00116 ( 1)  0.044
 243 -   0.78828 0.21172 ( 1)  0.245
 244 -   0.78828 0.21172 ( 1)  0.245
 245 -   0.78828 0.21172 ( 1)  0.245
 246 -   0.78828 0.21172 ( 1)  0.245
 247 -   0.78828 0.21172 ( 1)  0.245
 248 -   0.78828 0.21172 ( 1)  0.245
 249 -   0.78828 0.21172 ( 1)  0.245
 250 -   0.78828 0.21172 ( 1)  0.245
 251 -   0.78828 0.21172 ( 1)  0.245
 252 -   0.78828 0.21172 ( 1)  0.245
 253 -   0.78828 0.21172 ( 1)  0.245
 254 P   0.99802 0.00198 ( 1)  0.045
 255 K   0.00478 0.99522 ( 2)  0.995
 256 -   0.78828 0.21172 ( 1)  0.245
 257 -   0.78828 0.21172 ( 1)  0.245
 258 -   0.78828 0.21172 ( 1)  0.245
 259 -   0.78828 0.21172 ( 1)  0.245
 260 -   0.78828 0.21172 ( 1)  0.245
 261 -   0.78828 0.21172 ( 1)  0.245
 262 -   0.78828 0.21172 ( 1)  0.245
 263 -   0.78828 0.21172 ( 1)  0.245
 264 -   0.78828 0.21172 ( 1)  0.245
 265 -   0.78828 0.21172 ( 1)  0.245
 266 -   0.78828 0.21172 ( 1)  0.245
 267 -   0.78828 0.21172 ( 1)  0.245
 268 -   0.78828 0.21172 ( 1)  0.245
 269 -   0.78828 0.21172 ( 1)  0.245
 270 -   0.78828 0.21172 ( 1)  0.245
 271 -   0.78828 0.21172 ( 1)  0.245
 272 -   0.78828 0.21172 ( 1)  0.245
 273 -   0.78828 0.21172 ( 1)  0.245
 274 -   0.78828 0.21172 ( 1)  0.245
 275 -   0.78828 0.21172 ( 1)  0.245
 276 -   0.78828 0.21172 ( 1)  0.245
 277 -   0.78828 0.21172 ( 1)  0.245
 278 -   0.78828 0.21172 ( 1)  0.245
 279 -   0.78828 0.21172 ( 1)  0.245
 280 -   0.78828 0.21172 ( 1)  0.245
 281 -   0.78828 0.21172 ( 1)  0.245
 282 -   0.78828 0.21172 ( 1)  0.245
 283 -   0.78828 0.21172 ( 1)  0.245
 284 -   0.78828 0.21172 ( 1)  0.245
 285 -   0.78828 0.21172 ( 1)  0.245
 286 -   0.78828 0.21172 ( 1)  0.245
 287 -   0.78828 0.21172 ( 1)  0.245
 288 R   0.97230 0.02770 ( 1)  0.069
 289 E   0.34066 0.65934 ( 2)  0.674
 290 G   0.16074 0.83926 ( 2)  0.846
 291 -   0.33602 0.66398 ( 2)  0.678
 292 -   0.91461 0.08539 ( 1)  0.125
 293 -   0.01404 0.98596 ( 2)  0.987
 294 -   0.30910 0.69090 ( 2)  0.704
 295 -   0.05941 0.94059 ( 2)  0.943
 296 -   0.92482 0.07518 ( 1)  0.115
 297 -   0.37527 0.62473 ( 2)  0.641
 298 -   0.45954 0.54046 ( 2)  0.560
 299 -   0.35479 0.64521 ( 2)  0.660
 300 -   0.95299 0.04701 ( 1)  0.088
 301 -   0.94283 0.05717 ( 1)  0.098
 302 -   0.36110 0.63890 ( 2)  0.654
 303 -   0.29492 0.70508 ( 2)  0.718
 304 -   0.17284 0.82716 ( 2)  0.835
 305 -   0.01913 0.98087 ( 2)  0.982
 306 -   0.51214 0.48786 ( 1)  0.510
 307 -   0.02715 0.97285 ( 2)  0.974
 308 -   0.31175 0.68825 ( 2)  0.702
 309 -   0.24215 0.75785 ( 2)  0.768
 310 -   0.83215 0.16785 ( 1)  0.203
 311 -   0.29947 0.70053 ( 2)  0.713
 312 -   0.29953 0.70047 ( 2)  0.713
 313 -   0.43052 0.56948 ( 2)  0.588
 314 -   0.96009 0.03991 ( 1)  0.081
 315 -   0.87185 0.12815 ( 1)  0.165
 316 -   0.93767 0.06233 ( 1)  0.102
 317 -   0.82261 0.17739 ( 1)  0.213
 318 -   0.97130 0.02870 ( 1)  0.070
 319 -   0.96621 0.03379 ( 1)  0.075
 320 -   0.93374 0.06626 ( 1)  0.106
 321 -   0.21926 0.78074 ( 2)  0.790
 322 -   0.32428 0.67572 ( 2)  0.690
 323 -   0.95491 0.04509 ( 1)  0.086
 324 -   0.87009 0.12991 ( 1)  0.167
 325 -   0.87052 0.12948 ( 1)  0.167
 326 -   0.14523 0.85477 ( 2)  0.861
 327 -   0.86528 0.13472 ( 1)  0.172
 328 -   0.25689 0.74311 ( 2)  0.754
 329 -   0.87533 0.12467 ( 1)  0.162
 330 -   0.95915 0.04085 ( 1)  0.082
 331 -   0.97220 0.02780 ( 1)  0.069
 332 -   0.91284 0.08716 ( 1)  0.126
 333 -   0.36833 0.63167 ( 2)  0.647
 334 -   0.00184 0.99816 ( 2)  0.998
 335 -   0.92106 0.07894 ( 1)  0.118
 336 -   0.31237 0.68763 ( 2)  0.701
 337 -   0.36687 0.63313 ( 2)  0.649
 338 -   0.93374 0.06626 ( 1)  0.106
 339 -   0.95114 0.04886 ( 1)  0.090
 340 -   0.95022 0.04978 ( 1)  0.090
 341 -   0.31617 0.68383 ( 2)  0.697
 342 -   0.03998 0.96002 ( 2)  0.962
 343 -   0.96216 0.03784 ( 1)  0.079
 344 -   0.94965 0.05035 ( 1)  0.091
 345 -   0.95708 0.04292 ( 1)  0.084
 346 -   0.97220 0.02780 ( 1)  0.069
 347 -   0.83710 0.16290 ( 1)  0.199
 348 -   0.97130 0.02870 ( 1)  0.070
 349 -   0.96711 0.03289 ( 1)  0.074
 350 -   0.96216 0.03784 ( 1)  0.079
 351 -   0.96102 0.03898 ( 1)  0.080
 352 -   0.93313 0.06687 ( 1)  0.107
 353 -   0.91679 0.08321 ( 1)  0.122
 354 -   0.93353 0.06647 ( 1)  0.106
 355 -   0.60351 0.39649 ( 1)  0.422
 356 -   0.95647 0.04353 ( 1)  0.084
 357 -   0.82732 0.17268 ( 1)  0.208
 358 -   0.30685 0.69315 ( 2)  0.706
 359 -   0.94283 0.05717 ( 1)  0.098
 360 -   0.78828 0.21172 ( 1)  0.245
 361 -   0.78828 0.21172 ( 1)  0.245
 362 -   0.78828 0.21172 ( 1)  0.245
 363 -   0.78828 0.21172 ( 1)  0.245
 364 -   0.78828 0.21172 ( 1)  0.245
 365 -   0.95647 0.04353 ( 1)  0.084
 366 -   0.27962 0.72038 ( 2)  0.732
 367 -   0.34021 0.65979 ( 2)  0.674
 368 -   0.01121 0.98879 ( 2)  0.989
 369 -   0.91306 0.08694 ( 1)  0.126
 370 -   0.17396 0.82604 ( 2)  0.833
 371 -   0.95299 0.04701 ( 1)  0.088
 372 -   0.96621 0.03379 ( 1)  0.075
 373 -   0.83408 0.16592 ( 1)  0.202
 374 -   0.47885 0.52115 ( 2)  0.542
 375 -   0.95022 0.04978 ( 1)  0.090
 376 -   0.00262 0.99738 ( 2)  0.997
 377 -   0.91782 0.08218 ( 1)  0.121
 378 -   0.38329 0.61671 ( 2)  0.633
 379 -   0.95915 0.04085 ( 1)  0.082
 380 -   0.31175 0.68825 ( 2)  0.702
 381 -   0.45304 0.54696 ( 2)  0.566
 382 -   0.02003 0.97997 ( 2)  0.981
 383 -   0.97275 0.02725 ( 1)  0.069
 384 -   0.96102 0.03898 ( 1)  0.080
 385 -   0.96897 0.03103 ( 1)  0.073
 386 -   0.88925 0.11075 ( 1)  0.149
 387 -   0.92678 0.07322 ( 1)  0.113
 388 -   0.23249 0.76751 ( 2)  0.777
 389 L   0.00014 0.99986 ( 2)  1.000
 390 R   0.93874 0.06126 ( 1)  0.101
 391 G   0.87565 0.12435 ( 1)  0.162
 392 P   0.92591 0.07409 ( 1)  0.114
 393 R   0.33349 0.66651 ( 2)  0.681
 394 A   0.93051 0.06949 ( 1)  0.109
 395 G   0.92513 0.07487 ( 1)  0.114
 396 G   0.50371 0.49629 ( 1)  0.518
 397 V   0.43672 0.56328 ( 2)  0.582
 398 Q   0.93180 0.06820 ( 1)  0.108
 399 G   0.94092 0.05908 ( 1)  0.099
 400 P   0.42623 0.57377 ( 2)  0.592
 401 P   0.01665 0.98335 ( 2)  0.984
 402 G   0.83018 0.16982 ( 1)  0.205
 403 P   0.92591 0.07409 ( 1)  0.114
 404 P   0.02599 0.97401 ( 2)  0.975
 405 E   0.44531 0.55469 ( 2)  0.574
 406 P   0.92591 0.07409 ( 1)  0.114
 407 A   0.03817 0.96183 ( 2)  0.963
 408 A   0.49893 0.50107 ( 2)  0.522
 409 G   0.34550 0.65450 ( 2)  0.669
 410 Q   0.92026 0.07974 ( 1)  0.119
 411 G   0.94092 0.05908 ( 1)  0.099
 412 S   0.02679 0.97321 ( 2)  0.974
 413 L   0.90991 0.09009 ( 1)  0.129
 414 A   0.92977 0.07023 ( 1)  0.110
 415 P   0.31686 0.68314 ( 2)  0.697
 416 D   0.97453 0.02547 ( 1)  0.067
 417 S   0.97072 0.02928 ( 1)  0.071
 418 A   0.82537 0.17463 ( 1)  0.210
 419 G   0.95388 0.04612 ( 1)  0.087
 420 E   0.95058 0.04942 ( 1)  0.090
 421 S   0.57495 0.42505 ( 1)  0.450
 422 A   0.51795 0.48205 ( 1)  0.504
 423 P   0.31488 0.68512 ( 2)  0.699
 424 G   0.88409 0.11591 ( 1)  0.154
 425 R   0.92411 0.07589 ( 1)  0.115
 426 D   0.52360 0.47640 ( 1)  0.499
 427 P   0.48970 0.51030 ( 2)  0.531
 428 H   0.81649 0.18351 ( 1)  0.218
 429 A   0.89322 0.10678 ( 1)  0.145
 430 S   0.27286 0.72714 ( 2)  0.739
 431 P   0.95752 0.04248 ( 1)  0.083
 432 A   0.96132 0.03868 ( 1)  0.080
 433 S   0.97072 0.02928 ( 1)  0.071
 434 P   0.95752 0.04248 ( 1)  0.083
 435 A   0.39796 0.60204 ( 2)  0.619
 436 P   0.02975 0.97025 ( 2)  0.972
 437 P   0.33268 0.66732 ( 2)  0.682
 438 G   0.92615 0.07385 ( 1)  0.114
 439 K   0.94401 0.05599 ( 1)  0.096
 440 E   0.95058 0.04942 ( 1)  0.090
 441 H   0.03947 0.96053 ( 2)  0.962
 442 S   0.40650 0.59350 ( 2)  0.611
 443 R   0.92987 0.07013 ( 1)  0.110
 444 D   0.97453 0.02547 ( 1)  0.067
 445 L   0.95836 0.04164 ( 1)  0.083
 446 K   0.94401 0.05599 ( 1)  0.096
 447 F   0.94999 0.05001 ( 1)  0.091
 448 S   0.97072 0.02928 ( 1)  0.071
 449 I   0.95657 0.04343 ( 1)  0.084
 450 D   0.97453 0.02547 ( 1)  0.067
 451 Y   0.96438 0.03562 ( 1)  0.077
 452 I   0.95657 0.04343 ( 1)  0.084
 453 L   0.92171 0.07829 ( 1)  0.118
 454 S   0.95624 0.04376 ( 1)  0.085
 455 S   0.95624 0.04376 ( 1)  0.085
 456 P   0.82081 0.17919 ( 1)  0.214
 457 D   0.97453 0.02547 ( 1)  0.067
 458 P   0.95752 0.04248 ( 1)  0.083
 459 F   0.93440 0.06560 ( 1)  0.106
 460 P   0.92322 0.07678 ( 1)  0.116
 461 G   0.89747 0.10253 ( 1)  0.141
 462 L   0.48495 0.51505 ( 2)  0.536
 463 K   0.94401 0.05599 ( 1)  0.096
 464 P   0.92501 0.07499 ( 1)  0.115
 465 P   0.95752 0.04248 ( 1)  0.083
 466 C   0.44469 0.55531 ( 2)  0.574
 467 L   0.42719 0.57281 ( 2)  0.591
 468 A   0.81944 0.18056 ( 1)  0.216
 469 Q   0.34414 0.65586 ( 2)  0.671
 470 E   0.95058 0.04942 ( 1)  0.090
 471 G   0.96964 0.03036 ( 1)  0.072
 472 -   0.78828 0.21172 ( 1)  0.245
 473 -   0.78828 0.21172 ( 1)  0.245
 474 -   0.78828 0.21172 ( 1)  0.245
 475 -   0.78828 0.21172 ( 1)  0.245
 476 -   0.78828 0.21172 ( 1)  0.245
 477 R   0.84174 0.15826 ( 1)  0.194
 478 Y   0.95101 0.04899 ( 1)  0.090
 479 A   0.01424 0.98576 ( 2)  0.986
 480 P   0.35430 0.64570 ( 2)  0.661
 481 L   0.29691 0.70309 ( 2)  0.716
 482 E   0.95058 0.04942 ( 1)  0.090
 483 N   0.97024 0.02976 ( 1)  0.071
 484 V   0.93084 0.06916 ( 1)  0.109
 485 G   0.96008 0.03992 ( 1)  0.081
 486 L   0.95836 0.04164 ( 1)  0.083
 487 H   0.97143 0.02857 ( 1)  0.070
 488 F   0.82759 0.17241 ( 1)  0.208
 489 W   0.91766 0.08234 ( 1)  0.122
 490 T   0.82931 0.17069 ( 1)  0.206
 491 M   0.93123 0.06877 ( 1)  0.109
 492 -   0.78828 0.21172 ( 1)  0.245
 493 -   0.78828 0.21172 ( 1)  0.245
 494 -   0.78828 0.21172 ( 1)  0.245
 495 -   0.78828 0.21172 ( 1)  0.245
 496 -   0.78828 0.21172 ( 1)  0.245
 497 -   0.78828 0.21172 ( 1)  0.245
 498 -   0.78828 0.21172 ( 1)  0.245
 499 -   0.78828 0.21172 ( 1)  0.245
 500 -   0.78828 0.21172 ( 1)  0.245
 501 -   0.78828 0.21172 ( 1)  0.245
 502 -   0.78828 0.21172 ( 1)  0.245
 503 -   0.78828 0.21172 ( 1)  0.245
 504 -   0.78828 0.21172 ( 1)  0.245
 505 -   0.78828 0.21172 ( 1)  0.245
 506 -   0.78828 0.21172 ( 1)  0.245
 507 -   0.78828 0.21172 ( 1)  0.245
 508 -   0.78828 0.21172 ( 1)  0.245
 509 -   0.78828 0.21172 ( 1)  0.245
 510 -   0.78828 0.21172 ( 1)  0.245
 511 -   0.78828 0.21172 ( 1)  0.245
 512 -   0.78828 0.21172 ( 1)  0.245
 513 -   0.78828 0.21172 ( 1)  0.245
 514 -   0.78828 0.21172 ( 1)  0.245
 515 -   0.78828 0.21172 ( 1)  0.245
 516 -   0.78828 0.21172 ( 1)  0.245
 517 -   0.78828 0.21172 ( 1)  0.245
 518 -   0.78828 0.21172 ( 1)  0.245
 519 -   0.78828 0.21172 ( 1)  0.245
 520 -   0.78828 0.21172 ( 1)  0.245
 521 -   0.78828 0.21172 ( 1)  0.245
 522 -   0.78828 0.21172 ( 1)  0.245
 523 -   0.78828 0.21172 ( 1)  0.245
 524 -   0.78828 0.21172 ( 1)  0.245
 525 -   0.78828 0.21172 ( 1)  0.245
 526 -   0.78828 0.21172 ( 1)  0.245
 527 -   0.78828 0.21172 ( 1)  0.245
 528 -   0.78828 0.21172 ( 1)  0.245
 529 -   0.78828 0.21172 ( 1)  0.245
 530 -   0.78828 0.21172 ( 1)  0.245
 531 -   0.78828 0.21172 ( 1)  0.245
 532 -   0.78828 0.21172 ( 1)  0.245
 533 -   0.78828 0.21172 ( 1)  0.245
 534 -   0.78828 0.21172 ( 1)  0.245
 535 -   0.78828 0.21172 ( 1)  0.245
 536 -   0.78828 0.21172 ( 1)  0.245
 537 -   0.78828 0.21172 ( 1)  0.245
 538 -   0.78828 0.21172 ( 1)  0.245
 539 -   0.78828 0.21172 ( 1)  0.245
 540 -   0.78828 0.21172 ( 1)  0.245
 541 -   0.78828 0.21172 ( 1)  0.245
 542 -   0.78828 0.21172 ( 1)  0.245
 543 -   0.78828 0.21172 ( 1)  0.245
 544 -   0.78828 0.21172 ( 1)  0.245
 545 -   0.78828 0.21172 ( 1)  0.245
 546 -   0.78828 0.21172 ( 1)  0.245
 547 -   0.78828 0.21172 ( 1)  0.245


lnL = -3450.631277

