Supplemental results for CODEML (seqf: algn  treef: tree)


dN/dS (w) for site classes (K=2)

p:   0.67025  0.32975
w:   0.28672  1.00000

Naive Empirical Bayes (NEB) probabilities for 2 classes & postmean_w
(amino acids refer to 1st sequence: calJac_NFILZ_XM_035286919)

   1 -   0.67025 0.32975 ( 1)  0.522
   2 -   0.67025 0.32975 ( 1)  0.522
   3 -   0.67025 0.32975 ( 1)  0.522
   4 -   0.67025 0.32975 ( 1)  0.522
   5 -   0.67025 0.32975 ( 1)  0.522
   6 -   0.67025 0.32975 ( 1)  0.522
   7 -   0.67025 0.32975 ( 1)  0.522
   8 -   0.67025 0.32975 ( 1)  0.522
   9 -   0.67025 0.32975 ( 1)  0.522
  10 -   0.67025 0.32975 ( 1)  0.522
  11 -   0.67025 0.32975 ( 1)  0.522
  12 -   0.67025 0.32975 ( 1)  0.522
  13 -   0.67025 0.32975 ( 1)  0.522
  14 -   0.67025 0.32975 ( 1)  0.522
  15 -   0.67025 0.32975 ( 1)  0.522
  16 -   0.67025 0.32975 ( 1)  0.522
  17 -   0.67025 0.32975 ( 1)  0.522
  18 -   0.67025 0.32975 ( 1)  0.522
  19 -   0.67025 0.32975 ( 1)  0.522
  20 -   0.67025 0.32975 ( 1)  0.522
  21 -   0.67025 0.32975 ( 1)  0.522
  22 -   0.67025 0.32975 ( 1)  0.522
  23 -   0.67025 0.32975 ( 1)  0.522
  24 -   0.67025 0.32975 ( 1)  0.522
  25 -   0.67025 0.32975 ( 1)  0.522
  26 -   0.67025 0.32975 ( 1)  0.522
  27 -   0.67025 0.32975 ( 1)  0.522
  28 -   0.67025 0.32975 ( 1)  0.522
  29 -   0.67025 0.32975 ( 1)  0.522
  30 -   0.67025 0.32975 ( 1)  0.522
  31 -   0.67025 0.32975 ( 1)  0.522
  32 -   0.67025 0.32975 ( 1)  0.522
  33 -   0.67025 0.32975 ( 1)  0.522
  34 -   0.67025 0.32975 ( 1)  0.522
  35 -   0.67025 0.32975 ( 1)  0.522
  36 -   0.67025 0.32975 ( 1)  0.522
  37 -   0.67025 0.32975 ( 1)  0.522
  38 -   0.67025 0.32975 ( 1)  0.522
  39 -   0.67025 0.32975 ( 1)  0.522
  40 -   0.67025 0.32975 ( 1)  0.522
  41 -   0.67025 0.32975 ( 1)  0.522
  42 -   0.67025 0.32975 ( 1)  0.522
  43 -   0.67025 0.32975 ( 1)  0.522
  44 -   0.67025 0.32975 ( 1)  0.522
  45 -   0.67025 0.32975 ( 1)  0.522
  46 -   0.67025 0.32975 ( 1)  0.522
  47 -   0.67025 0.32975 ( 1)  0.522
  48 -   0.67025 0.32975 ( 1)  0.522
  49 -   0.67025 0.32975 ( 1)  0.522
  50 -   0.67025 0.32975 ( 1)  0.522
  51 -   0.67025 0.32975 ( 1)  0.522
  52 -   0.67025 0.32975 ( 1)  0.522
  53 -   0.67025 0.32975 ( 1)  0.522
  54 -   0.67025 0.32975 ( 1)  0.522
  55 -   0.67025 0.32975 ( 1)  0.522
  56 -   0.67025 0.32975 ( 1)  0.522
  57 -   0.67025 0.32975 ( 1)  0.522
  58 -   0.67025 0.32975 ( 1)  0.522
  59 -   0.67025 0.32975 ( 1)  0.522
  60 -   0.67025 0.32975 ( 1)  0.522
  61 -   0.67025 0.32975 ( 1)  0.522
  62 -   0.67025 0.32975 ( 1)  0.522
  63 -   0.67025 0.32975 ( 1)  0.522
  64 -   0.67025 0.32975 ( 1)  0.522
  65 -   0.67025 0.32975 ( 1)  0.522
  66 -   0.67025 0.32975 ( 1)  0.522
  67 -   0.67025 0.32975 ( 1)  0.522
  68 -   0.67025 0.32975 ( 1)  0.522
  69 -   0.67025 0.32975 ( 1)  0.522
  70 -   0.67025 0.32975 ( 1)  0.522
  71 -   0.67025 0.32975 ( 1)  0.522
  72 -   0.67025 0.32975 ( 1)  0.522
  73 -   0.67025 0.32975 ( 1)  0.522
  74 -   0.67025 0.32975 ( 1)  0.522
  75 -   0.67025 0.32975 ( 1)  0.522
  76 -   0.67025 0.32975 ( 1)  0.522
  77 -   0.67025 0.32975 ( 1)  0.522
  78 -   0.67025 0.32975 ( 1)  0.522
  79 -   0.67025 0.32975 ( 1)  0.522
  80 -   0.67025 0.32975 ( 1)  0.522
  81 -   0.67025 0.32975 ( 1)  0.522
  82 -   0.67025 0.32975 ( 1)  0.522
  83 -   0.67025 0.32975 ( 1)  0.522
  84 -   0.67025 0.32975 ( 1)  0.522
  85 -   0.67025 0.32975 ( 1)  0.522
  86 -   0.67025 0.32975 ( 1)  0.522
  87 -   0.67025 0.32975 ( 1)  0.522
  88 -   0.67025 0.32975 ( 1)  0.522
  89 -   0.67025 0.32975 ( 1)  0.522
  90 -   0.67025 0.32975 ( 1)  0.522
  91 -   0.67025 0.32975 ( 1)  0.522
  92 -   0.67025 0.32975 ( 1)  0.522
  93 -   0.67025 0.32975 ( 1)  0.522
  94 -   0.67025 0.32975 ( 1)  0.522
  95 -   0.67025 0.32975 ( 1)  0.522
  96 -   0.67025 0.32975 ( 1)  0.522
  97 -   0.67025 0.32975 ( 1)  0.522
  98 -   0.67025 0.32975 ( 1)  0.522
  99 -   0.67025 0.32975 ( 1)  0.522
 100 -   0.67025 0.32975 ( 1)  0.522
 101 -   0.67025 0.32975 ( 1)  0.522
 102 -   0.67025 0.32975 ( 1)  0.522
 103 -   0.67025 0.32975 ( 1)  0.522
 104 -   0.67025 0.32975 ( 1)  0.522
 105 -   0.67025 0.32975 ( 1)  0.522
 106 -   0.67025 0.32975 ( 1)  0.522
 107 -   0.67025 0.32975 ( 1)  0.522
 108 -   0.67025 0.32975 ( 1)  0.522
 109 -   0.67025 0.32975 ( 1)  0.522
 110 -   0.67025 0.32975 ( 1)  0.522
 111 -   0.67025 0.32975 ( 1)  0.522
 112 -   0.67025 0.32975 ( 1)  0.522
 113 -   0.67025 0.32975 ( 1)  0.522
 114 -   0.67025 0.32975 ( 1)  0.522
 115 -   0.67025 0.32975 ( 1)  0.522
 116 -   0.67025 0.32975 ( 1)  0.522
 117 -   0.67025 0.32975 ( 1)  0.522
 118 -   0.67025 0.32975 ( 1)  0.522
 119 -   0.67025 0.32975 ( 1)  0.522
 120 -   0.67025 0.32975 ( 1)  0.522
 121 -   0.67025 0.32975 ( 1)  0.522
 122 -   0.67025 0.32975 ( 1)  0.522
 123 -   0.67025 0.32975 ( 1)  0.522
 124 -   0.67025 0.32975 ( 1)  0.522
 125 -   0.67025 0.32975 ( 1)  0.522
 126 -   0.67025 0.32975 ( 1)  0.522
 127 -   0.67025 0.32975 ( 1)  0.522
 128 -   0.67025 0.32975 ( 1)  0.522
 129 -   0.67025 0.32975 ( 1)  0.522
 130 -   0.67025 0.32975 ( 1)  0.522
 131 -   0.67025 0.32975 ( 1)  0.522
 132 -   0.67025 0.32975 ( 1)  0.522
 133 -   0.67025 0.32975 ( 1)  0.522
 134 -   0.67025 0.32975 ( 1)  0.522
 135 -   0.67025 0.32975 ( 1)  0.522
 136 -   0.67025 0.32975 ( 1)  0.522
 137 -   0.67025 0.32975 ( 1)  0.522
 138 -   0.67025 0.32975 ( 1)  0.522
 139 -   0.67025 0.32975 ( 1)  0.522
 140 -   0.67025 0.32975 ( 1)  0.522
 141 -   0.67025 0.32975 ( 1)  0.522
 142 -   0.67025 0.32975 ( 1)  0.522
 143 -   0.67025 0.32975 ( 1)  0.522
 144 -   0.67025 0.32975 ( 1)  0.522
 145 -   0.67025 0.32975 ( 1)  0.522
 146 -   0.67025 0.32975 ( 1)  0.522
 147 -   0.67025 0.32975 ( 1)  0.522
 148 -   0.67025 0.32975 ( 1)  0.522
 149 -   0.67025 0.32975 ( 1)  0.522
 150 -   0.67025 0.32975 ( 1)  0.522
 151 -   0.67025 0.32975 ( 1)  0.522
 152 -   0.67025 0.32975 ( 1)  0.522
 153 -   0.67025 0.32975 ( 1)  0.522
 154 -   0.67025 0.32975 ( 1)  0.522
 155 -   0.67025 0.32975 ( 1)  0.522
 156 -   0.67025 0.32975 ( 1)  0.522
 157 -   0.67025 0.32975 ( 1)  0.522
 158 -   0.67025 0.32975 ( 1)  0.522
 159 -   0.67025 0.32975 ( 1)  0.522
 160 -   0.67025 0.32975 ( 1)  0.522
 161 -   0.67025 0.32975 ( 1)  0.522
 162 -   0.67025 0.32975 ( 1)  0.522
 163 -   0.67025 0.32975 ( 1)  0.522
 164 -   0.67025 0.32975 ( 1)  0.522
 165 -   0.67025 0.32975 ( 1)  0.522
 166 -   0.67025 0.32975 ( 1)  0.522
 167 -   0.67025 0.32975 ( 1)  0.522
 168 -   0.67025 0.32975 ( 1)  0.522
 169 -   0.67025 0.32975 ( 1)  0.522
 170 -   0.67025 0.32975 ( 1)  0.522
 171 -   0.67025 0.32975 ( 1)  0.522
 172 -   0.67025 0.32975 ( 1)  0.522
 173 -   0.67025 0.32975 ( 1)  0.522
 174 -   0.67025 0.32975 ( 1)  0.522
 175 -   0.67025 0.32975 ( 1)  0.522
 176 -   0.67025 0.32975 ( 1)  0.522
 177 -   0.67025 0.32975 ( 1)  0.522
 178 -   0.67025 0.32975 ( 1)  0.522
 179 -   0.67025 0.32975 ( 1)  0.522
 180 -   0.67025 0.32975 ( 1)  0.522
 181 -   0.67025 0.32975 ( 1)  0.522
 182 M   0.83557 0.16443 ( 1)  0.404
 183 D   0.78715 0.21285 ( 1)  0.439
 184 V   0.82377 0.17623 ( 1)  0.412
 185 G   0.77178 0.22822 ( 1)  0.450
 186 F   0.24844 0.75156 ( 2)  0.823
 187 L   0.47944 0.52056 ( 2)  0.658
 188 G   0.54182 0.45818 ( 1)  0.614
 189 L   0.78716 0.21284 ( 1)  0.439
 190 P   0.44574 0.55426 ( 2)  0.682
 191 D   0.79248 0.20752 ( 1)  0.435
 192 V   0.55314 0.44686 ( 1)  0.605
 193 S   0.77494 0.22506 ( 1)  0.447
 194 Q   0.80342 0.19658 ( 1)  0.427
 195 S   0.50520 0.49480 ( 1)  0.640
 196 H   0.50665 0.49335 ( 1)  0.639
 197 S   0.54839 0.45161 ( 1)  0.609
 198 R   0.54139 0.45861 ( 1)  0.614
 199 T   0.80807 0.19193 ( 1)  0.424
 200 L   0.76025 0.23975 ( 1)  0.458
 201 W   0.52611 0.47389 ( 1)  0.625
 202 G   0.81470 0.18530 ( 1)  0.419
 203 T   0.48457 0.51543 ( 2)  0.654
 204 R   0.80304 0.19696 ( 1)  0.427
 205 G   0.80032 0.19968 ( 1)  0.429
 206 R   0.81440 0.18560 ( 1)  0.419
 207 G   0.79794 0.20206 ( 1)  0.431
 208 P   0.79764 0.20236 ( 1)  0.431
 209 T   0.25308 0.74692 ( 2)  0.819
 210 I   0.52135 0.47865 ( 1)  0.628
 211 R   0.76903 0.23097 ( 1)  0.451
 212 R   0.79781 0.20219 ( 1)  0.431
 213 Q   0.80342 0.19658 ( 1)  0.427
 214 R   0.80013 0.19987 ( 1)  0.429
 215 E   0.82482 0.17518 ( 1)  0.412
 216 F   0.80210 0.19790 ( 1)  0.428
 217 M   0.59191 0.40809 ( 1)  0.578
 218 P   0.76101 0.23899 ( 1)  0.457
 219 E   0.75587 0.24413 ( 1)  0.461
 220 E   0.56636 0.43364 ( 1)  0.596
 221 K   0.81095 0.18905 ( 1)  0.422
 222 K   0.81095 0.18905 ( 1)  0.422
 223 D   0.81489 0.18511 ( 1)  0.419
 224 T   0.76597 0.23403 ( 1)  0.454
 225 V   0.77844 0.22156 ( 1)  0.445
 226 Y   0.78710 0.21290 ( 1)  0.439
 227 W   0.79575 0.20425 ( 1)  0.432
 228 E   0.82482 0.17518 ( 1)  0.412
 229 K   0.81095 0.18905 ( 1)  0.422
 230 R   0.80304 0.19696 ( 1)  0.427
 231 R   0.80126 0.19874 ( 1)  0.428
 232 K   0.81095 0.18905 ( 1)  0.422
 233 N   0.80171 0.19829 ( 1)  0.428
 234 N   0.77468 0.22532 ( 1)  0.447
 235 E   0.81959 0.18041 ( 1)  0.415
 236 A   0.76366 0.23634 ( 1)  0.455
 237 A   0.80634 0.19366 ( 1)  0.425
 238 K   0.55007 0.44993 ( 1)  0.608
 239 R   0.74512 0.25488 ( 1)  0.469
 240 S   0.80479 0.19521 ( 1)  0.426
 241 R   0.78484 0.21516 ( 1)  0.440
 242 E   0.75587 0.24413 ( 1)  0.461
 243 K   0.81095 0.18905 ( 1)  0.422
 244 R   0.73963 0.26037 ( 1)  0.472
 245 R   0.76903 0.23097 ( 1)  0.451
 246 R   0.53703 0.46297 ( 1)  0.617
 247 N   0.78158 0.21842 ( 1)  0.443
 248 D   0.78715 0.21285 ( 1)  0.439
 249 A   0.76366 0.23634 ( 1)  0.455
 250 A   0.80634 0.19366 ( 1)  0.425
 251 I   0.50216 0.49784 ( 1)  0.642
 252 E   0.82482 0.17518 ( 1)  0.412
 253 G   0.54182 0.45818 ( 1)  0.614
 254 R   0.81440 0.18560 ( 1)  0.419
 255 L   0.78754 0.21246 ( 1)  0.438
 256 A   0.78393 0.21607 ( 1)  0.441
 257 A   0.74541 0.25459 ( 1)  0.468
 258 L   0.79480 0.20520 ( 1)  0.433
 259 M   0.58834 0.41166 ( 1)  0.580
 260 E   0.82482 0.17518 ( 1)  0.412
 261 E   0.82482 0.17518 ( 1)  0.412
 262 N   0.78147 0.21853 ( 1)  0.443
 263 A   0.54731 0.45269 ( 1)  0.610
 264 L   0.79480 0.20520 ( 1)  0.433
 265 L   0.80608 0.19392 ( 1)  0.425
 266 R   0.55432 0.44568 ( 1)  0.605
 267 D   0.20619 0.79381 ( 2)  0.853
 268 E   0.82482 0.17518 ( 1)  0.412
 269 L   0.79480 0.20520 ( 1)  0.433
 270 R   0.43133 0.56867 ( 2)  0.692
 271 A   0.82102 0.17898 ( 1)  0.414
 272 L   0.80608 0.19392 ( 1)  0.425
 273 K   0.81095 0.18905 ( 1)  0.422
 274 L   0.77631 0.22369 ( 1)  0.446
 275 R   0.53704 0.46296 ( 1)  0.617
 276 F   0.77476 0.22524 ( 1)  0.447
 277 G   0.80032 0.19968 ( 1)  0.429
 278 L   0.25402 0.74598 ( 2)  0.819
 279 L   0.79480 0.20520 ( 1)  0.433
 280 P   0.43378 0.56622 ( 2)  0.691
 281 L   0.53328 0.46672 ( 1)  0.620
 282 T   0.78769 0.21231 ( 1)  0.438
 283 G   0.77178 0.22822 ( 1)  0.450
 284 G   0.81166 0.18834 ( 1)  0.421
 285 P   0.80272 0.19728 ( 1)  0.427
 286 Q   0.24004 0.75996 ( 2)  0.829
 287 A   0.80113 0.19887 ( 1)  0.429
 288 L   0.47671 0.52329 ( 2)  0.660
 289 P   0.80272 0.19728 ( 1)  0.427
 290 L   0.79480 0.20520 ( 1)  0.433
 291 Q   0.80342 0.19658 ( 1)  0.427
 292 A   0.53224 0.46776 ( 1)  0.620
 293 L   0.52600 0.47400 ( 1)  0.625
 294 L   0.72986 0.27014 ( 1)  0.479
 295 W   0.52297 0.47703 ( 1)  0.627
 296 E   0.75587 0.24413 ( 1)  0.461
 297 A   0.51123 0.48877 ( 1)  0.635
 298 P   0.80272 0.19728 ( 1)  0.427
 299 W   0.79575 0.20425 ( 1)  0.432
 300 T   0.77922 0.22078 ( 1)  0.444
 301 G   0.81381 0.18619 ( 1)  0.420
 302 D   0.81489 0.18511 ( 1)  0.419
 303 H   0.24262 0.75738 ( 2)  0.827
 304 H   0.22829 0.77171 ( 2)  0.837
 305 P   0.77399 0.22601 ( 1)  0.448
 306 A   0.55105 0.44895 ( 1)  0.607
 307 A   0.77703 0.22297 ( 1)  0.446
 308 E   0.75587 0.24413 ( 1)  0.461
 309 A   0.45555 0.54445 ( 2)  0.675
 310 L   0.79752 0.20248 ( 1)  0.431
 311 S   0.75538 0.24462 ( 1)  0.461
 312 S   0.25379 0.74621 ( 2)  0.819
 313 L   0.76025 0.23975 ( 1)  0.458
 314 S   0.77494 0.22506 ( 1)  0.447
 315 G   0.50970 0.49030 ( 1)  0.636
 316 S   0.51589 0.48411 ( 1)  0.632
 317 H   0.81261 0.18739 ( 1)  0.420
 318 S   0.23183 0.76817 ( 2)  0.835
 319 C   0.80279 0.19721 ( 1)  0.427
 320 L   0.53357 0.46643 ( 1)  0.619
 321 L   0.71396 0.28604 ( 1)  0.491
 322 R   0.81440 0.18560 ( 1)  0.419
 323 P   0.74314 0.25686 ( 1)  0.470
 324 C   0.07280 0.92720 ( 2)  0.948
 325 S   0.80479 0.19521 ( 1)  0.426
 326 L   0.78248 0.21752 ( 1)  0.442
 327 D   0.78715 0.21285 ( 1)  0.439
 328 A   0.77703 0.22297 ( 1)  0.446
 329 G   0.81470 0.18530 ( 1)  0.419
 330 V   0.20701 0.79299 ( 2)  0.852
 331 P   0.45162 0.54838 ( 2)  0.678
 332 G   0.73773 0.26227 ( 1)  0.474
 333 C   0.78098 0.21902 ( 1)  0.443
 334 R   0.53236 0.46764 ( 1)  0.620
 335 G   0.54045 0.45955 ( 1)  0.615
 336 C   0.79653 0.20347 ( 1)  0.432
 337 L   0.79480 0.20520 ( 1)  0.433
 338 L   0.79480 0.20520 ( 1)  0.433
 339 A   0.77755 0.22245 ( 1)  0.445
 340 P   0.80272 0.19728 ( 1)  0.427
 341 R   0.76062 0.23938 ( 1)  0.457
 342 W   0.79575 0.20425 ( 1)  0.432
 343 T   0.77850 0.22150 ( 1)  0.445
 344 G   0.53454 0.46546 ( 1)  0.619
 345 L   0.75870 0.24130 ( 1)  0.459
 346 A   0.80113 0.19887 ( 1)  0.429
 347 T   0.22782 0.77218 ( 2)  0.838
 348 S   0.78132 0.21868 ( 1)  0.443
 349 -   0.76009 0.23991 ( 1)  0.458
 350 R   0.55640 0.44360 ( 1)  0.603
 351 S   0.80479 0.19521 ( 1)  0.426
 352 S   0.51866 0.48134 ( 1)  0.630
 353 P   0.34513 0.65487 ( 2)  0.754
 354 E   0.56592 0.43408 ( 1)  0.596
 355 S   0.49642 0.50358 ( 2)  0.646
 356 A   0.74541 0.25459 ( 1)  0.468
 357 S   0.21229 0.78771 ( 2)  0.849
 358 P   0.77399 0.22601 ( 1)  0.448
 359 T   0.25819 0.74181 ( 2)  0.816
 360 L   0.54280 0.45720 ( 1)  0.613
 361 N   0.80171 0.19829 ( 1)  0.428
 362 R   0.74512 0.25488 ( 1)  0.469
 363 I   0.77755 0.22245 ( 1)  0.445
 364 D   0.81489 0.18511 ( 1)  0.419
 365 M   0.83557 0.16443 ( 1)  0.404
 366 A   0.53998 0.46002 ( 1)  0.615
 367 L   0.76025 0.23975 ( 1)  0.458
 368 Q   0.25245 0.74755 ( 2)  0.820
 369 T   0.49809 0.50191 ( 2)  0.645
 370 A   0.54166 0.45834 ( 1)  0.614
 371 L   0.80248 0.19752 ( 1)  0.428
 372 P   0.74314 0.25686 ( 1)  0.470
 373 P   0.49069 0.50931 ( 2)  0.650
 374 A   0.54731 0.45269 ( 1)  0.610
 375 L   0.80608 0.19392 ( 1)  0.425
 376 F   0.80210 0.19790 ( 1)  0.428
 377 S   0.81107 0.18893 ( 1)  0.421
 378 C   0.49207 0.50793 ( 2)  0.649
 379 H   0.81261 0.18739 ( 1)  0.420
 380 L   0.54127 0.45873 ( 1)  0.614
 381 L   0.76025 0.23975 ( 1)  0.458
 382 D   0.51797 0.48203 ( 1)  0.631
 383 G   0.56096 0.43904 ( 1)  0.600
 384 H   0.51042 0.48958 ( 1)  0.636
 385 V   0.76636 0.23364 ( 1)  0.453
 386 G   0.55684 0.44316 ( 1)  0.603
 387 S   0.53943 0.46057 ( 1)  0.615
 388 R   0.74512 0.25488 ( 1)  0.469
 389 R   0.44133 0.55867 ( 2)  0.685
 390 E   0.82482 0.17518 ( 1)  0.412
 391 L   0.80608 0.19392 ( 1)  0.425
 392 R   0.76062 0.23938 ( 1)  0.457
 393 P   0.80272 0.19728 ( 1)  0.427
 394 C   0.53588 0.46412 ( 1)  0.618
 395 W   0.51333 0.48667 ( 1)  0.634
 396 G   0.81470 0.18530 ( 1)  0.419
 397 L   0.79480 0.20520 ( 1)  0.433
 398 W   0.79575 0.20425 ( 1)  0.432
 399 S   0.73687 0.26313 ( 1)  0.474
 400 P   0.75818 0.24182 ( 1)  0.459
 401 M   0.59018 0.40982 ( 1)  0.579
 402 P   0.54233 0.45767 ( 1)  0.613
 403 S   0.50834 0.49166 ( 1)  0.637
 404 G   0.06241 0.93759 ( 2)  0.955
 405 C   0.80315 0.19685 ( 1)  0.427
 406 R   0.51911 0.48089 ( 1)  0.630
 407 A   0.78393 0.21607 ( 1)  0.441
 408 S   0.74054 0.25946 ( 1)  0.472
 409 G   0.81470 0.18530 ( 1)  0.419
 410 P   0.75818 0.24182 ( 1)  0.459
 411 S   0.75060 0.24940 ( 1)  0.465
 412 D   0.50964 0.49036 ( 1)  0.636
 413 V   0.57247 0.42753 ( 1)  0.592
 414 L   0.76025 0.23975 ( 1)  0.458
 415 L   0.79480 0.20520 ( 1)  0.433
 416 T   0.75333 0.24667 ( 1)  0.463
 417 P   0.53635 0.46365 ( 1)  0.617
 418 T   0.77784 0.22216 ( 1)  0.445
 419 V   0.48475 0.51525 ( 2)  0.654
 420 D   0.79248 0.20752 ( 1)  0.435
 421 P   0.80272 0.19728 ( 1)  0.427
 422 M   0.83557 0.16443 ( 1)  0.404
 423 G   0.78155 0.21845 ( 1)  0.443
 424 L   0.79480 0.20520 ( 1)  0.433
 425 S   0.49642 0.50358 ( 2)  0.646
 426 H   0.50056 0.49944 ( 1)  0.643
 427 G   0.55990 0.44010 ( 1)  0.601
 428 V   0.81566 0.18434 ( 1)  0.418
 429 T   0.80760 0.19240 ( 1)  0.424
 430 C   0.80315 0.19685 ( 1)  0.427
 431 P   0.49419 0.50581 ( 2)  0.648
 432 V   0.53470 0.46530 ( 1)  0.619
 433 P   0.74314 0.25686 ( 1)  0.470
 434 G   0.79875 0.20125 ( 1)  0.430
 435 N   0.79511 0.20489 ( 1)  0.433
 436 S   0.78336 0.21664 ( 1)  0.441
 437 P   0.49550 0.50450 ( 2)  0.647
 438 E   0.82482 0.17518 ( 1)  0.412
 439 D   0.21021 0.78979 ( 2)  0.850
 440 L   0.79480 0.20520 ( 1)  0.433
 441 G   0.20865 0.79135 ( 2)  0.851
 442 Q   0.80342 0.19658 ( 1)  0.427
 443 P   0.80272 0.19728 ( 1)  0.427
 444 S   0.77494 0.22506 ( 1)  0.447
 445 L   0.79480 0.20520 ( 1)  0.433
 446 P   0.80272 0.19728 ( 1)  0.427
 447 H   0.81261 0.18739 ( 1)  0.420
 448 K   0.74436 0.25564 ( 1)  0.469
 449 L   0.79309 0.20691 ( 1)  0.434
 450 R   0.52878 0.47122 ( 1)  0.623
 451 I   0.79915 0.20085 ( 1)  0.430
 452 K   0.76456 0.23544 ( 1)  0.455
 453 S   0.80479 0.19521 ( 1)  0.426
 454 Q   0.40974 0.59026 ( 2)  0.708
 455 A   0.80634 0.19366 ( 1)  0.425
 456 F   0.50178 0.49822 ( 1)  0.642
 457 S   0.22115 0.77885 ( 2)  0.842
 458 R   0.79413 0.20587 ( 1)  0.434
 459 V   0.71691 0.28309 ( 1)  0.489
 460 P   0.73055 0.26945 ( 1)  0.479
 461 Q   0.03556 0.96444 ( 2)  0.975
 462 G   0.74140 0.25860 ( 1)  0.471
 463 W   0.74348 0.25652 ( 1)  0.470
 464 E   0.82482 0.17518 ( 1)  0.412
 465 G   0.77178 0.22822 ( 1)  0.450
 466 G   0.78855 0.21145 ( 1)  0.438
 467 Q   0.54072 0.45928 ( 1)  0.614
 468 A   0.07798 0.92202 ( 2)  0.944
 469 P   0.50483 0.49517 ( 1)  0.640
 470 S   0.08252 0.91748 ( 2)  0.941


lnL = -2350.650517

