Supplemental results for CODEML (seqf: algn  treef: tree)


dN/dS (w) for site classes (K=2)

p:   0.96897  0.03103
w:   0.03754  1.00000

Naive Empirical Bayes (NEB) probabilities for 2 classes & postmean_w
(amino acids refer to 1st sequence: chlSab_FOXL3_XM_008018930)

   1 -   0.96897 0.03103 ( 1)  0.067
   2 -   0.96897 0.03103 ( 1)  0.067
   3 -   0.96897 0.03103 ( 1)  0.067
   4 -   0.96897 0.03103 ( 1)  0.067
   5 -   0.96897 0.03103 ( 1)  0.067
   6 -   0.96897 0.03103 ( 1)  0.067
   7 -   0.96897 0.03103 ( 1)  0.067
   8 -   0.96897 0.03103 ( 1)  0.067
   9 -   0.96897 0.03103 ( 1)  0.067
  10 -   0.96897 0.03103 ( 1)  0.067
  11 -   0.96897 0.03103 ( 1)  0.067
  12 -   0.96897 0.03103 ( 1)  0.067
  13 -   0.96897 0.03103 ( 1)  0.067
  14 -   0.96897 0.03103 ( 1)  0.067
  15 -   0.96897 0.03103 ( 1)  0.067
  16 -   0.96897 0.03103 ( 1)  0.067
  17 -   0.96897 0.03103 ( 1)  0.067
  18 -   0.96897 0.03103 ( 1)  0.067
  19 -   0.96897 0.03103 ( 1)  0.067
  20 -   0.96897 0.03103 ( 1)  0.067
  21 -   0.96897 0.03103 ( 1)  0.067
  22 -   0.96897 0.03103 ( 1)  0.067
  23 -   0.96897 0.03103 ( 1)  0.067
  24 -   0.96897 0.03103 ( 1)  0.067
  25 -   0.96897 0.03103 ( 1)  0.067
  26 -   0.96897 0.03103 ( 1)  0.067
  27 -   0.96897 0.03103 ( 1)  0.067
  28 -   0.96897 0.03103 ( 1)  0.067
  29 -   0.96897 0.03103 ( 1)  0.067
  30 -   0.96897 0.03103 ( 1)  0.067
  31 -   0.96897 0.03103 ( 1)  0.067
  32 -   0.96897 0.03103 ( 1)  0.067
  33 -   0.96897 0.03103 ( 1)  0.067
  34 -   0.96897 0.03103 ( 1)  0.067
  35 -   0.96897 0.03103 ( 1)  0.067
  36 -   0.96897 0.03103 ( 1)  0.067
  37 -   0.96897 0.03103 ( 1)  0.067
  38 -   0.96897 0.03103 ( 1)  0.067
  39 -   0.96897 0.03103 ( 1)  0.067
  40 -   0.96897 0.03103 ( 1)  0.067
  41 -   0.96897 0.03103 ( 1)  0.067
  42 -   0.96897 0.03103 ( 1)  0.067
  43 -   0.96897 0.03103 ( 1)  0.067
  44 -   0.96897 0.03103 ( 1)  0.067
  45 -   0.96897 0.03103 ( 1)  0.067
  46 -   0.96897 0.03103 ( 1)  0.067
  47 -   0.96897 0.03103 ( 1)  0.067
  48 -   0.96897 0.03103 ( 1)  0.067
  49 -   0.96897 0.03103 ( 1)  0.067
  50 -   0.96897 0.03103 ( 1)  0.067
  51 -   0.96897 0.03103 ( 1)  0.067
  52 -   0.96897 0.03103 ( 1)  0.067
  53 -   0.96897 0.03103 ( 1)  0.067
  54 -   0.96897 0.03103 ( 1)  0.067
  55 -   0.96897 0.03103 ( 1)  0.067
  56 -   0.96897 0.03103 ( 1)  0.067
  57 M   0.99852 0.00148 ( 1)  0.039
  58 F   0.98462 0.01538 ( 1)  0.052
  59 D   0.99988 0.00012 ( 1)  0.038
  60 S   0.92588 0.07412 ( 1)  0.109
  61 S   0.99438 0.00562 ( 1)  0.043
  62 Q   0.99822 0.00178 ( 1)  0.039
  63 Y   0.98077 0.01923 ( 1)  0.056
  64 P   0.99963 0.00037 ( 1)  0.038
  65 Y   0.99987 0.00013 ( 1)  0.038
  66 N   0.99942 0.00058 ( 1)  0.038
  67 C   0.99987 0.00013 ( 1)  0.038
  68 F   0.99967 0.00033 ( 1)  0.038
  69 N   0.98929 0.01071 ( 1)  0.048
  70 D   0.89334 0.10666 ( 1)  0.140
  71 D   0.99975 0.00025 ( 1)  0.038
  72 A   0.98839 0.01161 ( 1)  0.049
  73 D   0.99992 0.00008 ( 1)  0.038
  74 D   0.94253 0.05747 ( 1)  0.093
  75 Y   0.99641 0.00359 ( 1)  0.041
  76 P   0.99838 0.00162 ( 1)  0.039
  77 A   0.99966 0.00034 ( 1)  0.038
  78 G   0.88386 0.11614 ( 1)  0.149
  79 S   0.99990 0.00010 ( 1)  0.038
  80 S   0.99943 0.00057 ( 1)  0.038
  81 D   0.99988 0.00012 ( 1)  0.038
  82 E   0.86947 0.13053 ( 1)  0.163
  83 A   0.74381 0.25619 ( 1)  0.284
  84 K   0.97569 0.02431 ( 1)  0.061
  85 R   0.99840 0.00160 ( 1)  0.039
  86 L   0.99963 0.00037 ( 1)  0.038
  87 T   0.99755 0.00245 ( 1)  0.040
  88 R   0.99793 0.00207 ( 1)  0.040
  89 P   0.99963 0.00037 ( 1)  0.038
  90 A   0.99753 0.00247 ( 1)  0.040
  91 Y   0.99987 0.00013 ( 1)  0.038
  92 -   0.96897 0.03103 ( 1)  0.067
  93 -   0.96897 0.03103 ( 1)  0.067
  94 -   0.96897 0.03103 ( 1)  0.067
  95 S   0.99990 0.00010 ( 1)  0.038
  96 Y   0.99987 0.00013 ( 1)  0.038
  97 I   0.99973 0.00027 ( 1)  0.038
  98 A   0.99969 0.00031 ( 1)  0.038
  99 L   0.99468 0.00532 ( 1)  0.043
 100 I   0.99973 0.00027 ( 1)  0.038
 101 A   0.99969 0.00031 ( 1)  0.038
 102 M   0.99852 0.00148 ( 1)  0.039
 103 A   0.99969 0.00031 ( 1)  0.038
 104 I   0.98776 0.01224 ( 1)  0.049
 105 Q   0.99762 0.00238 ( 1)  0.040
 106 Q   0.99822 0.00178 ( 1)  0.039
 107 S   0.99990 0.00010 ( 1)  0.038
 108 P   0.99910 0.00090 ( 1)  0.038
 109 A   0.99800 0.00200 ( 1)  0.039
 110 G   0.99959 0.00041 ( 1)  0.038
 111 R   0.99893 0.00107 ( 1)  0.039
 112 V   0.99765 0.00235 ( 1)  0.040
 113 T   0.99967 0.00033 ( 1)  0.038
 114 L   0.99514 0.00486 ( 1)  0.042
 115 S   0.99938 0.00062 ( 1)  0.038
 116 G   0.99983 0.00017 ( 1)  0.038
 117 I   0.99973 0.00027 ( 1)  0.038
 118 Y   0.99987 0.00013 ( 1)  0.038
 119 D   0.99992 0.00008 ( 1)  0.038
 120 F   0.99967 0.00033 ( 1)  0.038
 121 I   0.99973 0.00027 ( 1)  0.038
 122 M   0.99852 0.00148 ( 1)  0.039
 123 R   0.99985 0.00015 ( 1)  0.038
 124 K   0.99896 0.00104 ( 1)  0.039
 125 F   0.99960 0.00040 ( 1)  0.038
 126 P   0.99963 0.00037 ( 1)  0.038
 127 Y   0.98710 0.01290 ( 1)  0.050
 128 Y   0.99987 0.00013 ( 1)  0.038
 129 R   0.99985 0.00015 ( 1)  0.038
 130 A   0.99969 0.00031 ( 1)  0.038
 131 N   0.99992 0.00008 ( 1)  0.038
 132 Q   0.99822 0.00178 ( 1)  0.039
 133 R   0.99985 0.00015 ( 1)  0.038
 134 A   0.99969 0.00031 ( 1)  0.038
 135 W   0.99734 0.00266 ( 1)  0.040
 136 Q   0.99822 0.00178 ( 1)  0.039
 137 N   0.99992 0.00008 ( 1)  0.038
 138 S   0.99959 0.00041 ( 1)  0.038
 139 I   0.99973 0.00027 ( 1)  0.038
 140 R   0.99980 0.00020 ( 1)  0.038
 141 H   0.99991 0.00009 ( 1)  0.038
 142 N   0.99992 0.00008 ( 1)  0.038
 143 L   0.99514 0.00486 ( 1)  0.042
 144 S   0.99951 0.00049 ( 1)  0.038
 145 L   0.99963 0.00037 ( 1)  0.038
 146 N   0.99992 0.00008 ( 1)  0.038
 147 S   0.99990 0.00010 ( 1)  0.038
 148 C   0.99987 0.00013 ( 1)  0.038
 149 F   0.99967 0.00033 ( 1)  0.038
 150 V   0.99137 0.00863 ( 1)  0.046
 151 K   0.99916 0.00084 ( 1)  0.038
 152 V   0.99765 0.00235 ( 1)  0.040
 153 P   0.25521 0.74479 ( 2)  0.754
 154 -   0.96897 0.03103 ( 1)  0.067
 155 -   0.96897 0.03103 ( 1)  0.067
 156 -   0.96897 0.03103 ( 1)  0.067
 157 -   0.96897 0.03103 ( 1)  0.067
 158 -   0.96897 0.03103 ( 1)  0.067
 159 -   0.96897 0.03103 ( 1)  0.067
 160 -   0.96897 0.03103 ( 1)  0.067
 161 -   0.96897 0.03103 ( 1)  0.067
 162 -   0.96897 0.03103 ( 1)  0.067
 163 -   0.96897 0.03103 ( 1)  0.067
 164 -   0.96897 0.03103 ( 1)  0.067
 165 -   0.96897 0.03103 ( 1)  0.067
 166 -   0.96897 0.03103 ( 1)  0.067
 167 -   0.96897 0.03103 ( 1)  0.067
 168 -   0.96897 0.03103 ( 1)  0.067
 169 -   0.96897 0.03103 ( 1)  0.067
 170 -   0.96897 0.03103 ( 1)  0.067
 171 -   0.96897 0.03103 ( 1)  0.067
 172 -   0.96897 0.03103 ( 1)  0.067
 173 -   0.96897 0.03103 ( 1)  0.067
 174 -   0.96897 0.03103 ( 1)  0.067
 175 -   0.96897 0.03103 ( 1)  0.067
 176 -   0.96897 0.03103 ( 1)  0.067
 177 -   0.96897 0.03103 ( 1)  0.067
 178 -   0.96897 0.03103 ( 1)  0.067
 179 -   0.96897 0.03103 ( 1)  0.067
 180 -   0.96897 0.03103 ( 1)  0.067
 181 -   0.96897 0.03103 ( 1)  0.067
 182 -   0.96897 0.03103 ( 1)  0.067
 183 -   0.96897 0.03103 ( 1)  0.067
 184 -   0.96897 0.03103 ( 1)  0.067
 185 -   0.96897 0.03103 ( 1)  0.067
 186 -   0.96897 0.03103 ( 1)  0.067
 187 -   0.96897 0.03103 ( 1)  0.067
 188 -   0.96897 0.03103 ( 1)  0.067
 189 -   0.96897 0.03103 ( 1)  0.067
 190 -   0.96897 0.03103 ( 1)  0.067
 191 -   0.96897 0.03103 ( 1)  0.067
 192 -   0.96897 0.03103 ( 1)  0.067
 193 -   0.96897 0.03103 ( 1)  0.067
 194 -   0.96897 0.03103 ( 1)  0.067
 195 -   0.96897 0.03103 ( 1)  0.067
 196 -   0.96897 0.03103 ( 1)  0.067
 197 -   0.96897 0.03103 ( 1)  0.067
 198 -   0.96897 0.03103 ( 1)  0.067
 199 -   0.96897 0.03103 ( 1)  0.067
 200 -   0.96897 0.03103 ( 1)  0.067
 201 -   0.96897 0.03103 ( 1)  0.067
 202 -   0.96897 0.03103 ( 1)  0.067
 203 -   0.96897 0.03103 ( 1)  0.067
 204 R   0.99793 0.00207 ( 1)  0.040
 205 S   0.09084 0.90916 ( 2)  0.913
 206 E   0.97561 0.02439 ( 1)  0.061
 207 G   0.99987 0.00013 ( 1)  0.038
 208 H   0.89388 0.10612 ( 1)  0.140
 209 E   0.04307 0.95693 ( 2)  0.959
 210 K   0.97770 0.02230 ( 1)  0.059
 211 G   0.99980 0.00020 ( 1)  0.038
 212 K   0.76100 0.23900 ( 1)  0.268
 213 G   0.99987 0.00013 ( 1)  0.038
 214 N   0.99968 0.00032 ( 1)  0.038
 215 Y   0.99959 0.00041 ( 1)  0.038
 216 W   0.99564 0.00436 ( 1)  0.042
 217 T   0.99505 0.00495 ( 1)  0.042
 218 F   0.99919 0.00081 ( 1)  0.038
 219 A   0.99609 0.00391 ( 1)  0.041
 220 G   0.99936 0.00064 ( 1)  0.038
 221 G   0.99964 0.00036 ( 1)  0.038
 222 C   0.99944 0.00056 ( 1)  0.038
 223 E   0.99839 0.00161 ( 1)  0.039
 224 S   0.99411 0.00589 ( 1)  0.043
 225 L   0.99186 0.00814 ( 1)  0.045
 226 L   0.99171 0.00829 ( 1)  0.046
 227 D   0.99977 0.00023 ( 1)  0.038
 228 L   0.99912 0.00088 ( 1)  0.038
 229 F   0.99919 0.00081 ( 1)  0.038
 230 E   0.99839 0.00161 ( 1)  0.039
 231 N   0.99335 0.00665 ( 1)  0.044
 232 G   0.99964 0.00036 ( 1)  0.038
 233 N   0.99976 0.00024 ( 1)  0.038
 234 Y   0.99963 0.00037 ( 1)  0.038
 235 R   0.99681 0.00319 ( 1)  0.041
 236 R   0.99566 0.00434 ( 1)  0.042
 237 R   0.99661 0.00339 ( 1)  0.041
 238 R   0.99590 0.00410 ( 1)  0.041
 239 R   0.99648 0.00352 ( 1)  0.041
 240 R   0.91388 0.08612 ( 1)  0.120
 241 R   0.99809 0.00191 ( 1)  0.039


lnL = -1419.272663

