Supplemental results for CODEML (seqf: algn  treef: tree)


dN/dS (w) for site classes (K=2)

p:   0.78531  0.21469
w:   0.02606  1.00000

Naive Empirical Bayes (NEB) probabilities for 2 classes & postmean_w
(amino acids refer to 1st sequence: aotNan_LOC105723390_XM_012461345)

   1 S   0.96110 0.03890 ( 1)  0.064
   2 K   0.85858 0.14142 ( 1)  0.164
   3 V   0.97257 0.02743 ( 1)  0.053
   4 V   0.96662 0.03338 ( 1)  0.059
   5 L   0.91430 0.08570 ( 1)  0.110
   6 V   0.97975 0.02025 ( 1)  0.046
   7 N   0.88448 0.11552 ( 1)  0.139
   8 Y   0.94602 0.05398 ( 1)  0.079
   9 P   0.94642 0.05358 ( 1)  0.078
  10 L   0.95025 0.04975 ( 1)  0.075
  11 L   0.94654 0.05346 ( 1)  0.078
  12 D   0.95039 0.04961 ( 1)  0.074
  13 V   0.40280 0.59720 ( 2)  0.608
  14 A   0.95520 0.04480 ( 1)  0.070
  15 A   0.87580 0.12420 ( 1)  0.147
  16 A   0.90551 0.09449 ( 1)  0.118
  17 A   0.97245 0.02755 ( 1)  0.053
  18 A   0.36038 0.63962 ( 2)  0.649
  19 G   0.95555 0.04445 ( 1)  0.069
  20 S   0.98044 0.01956 ( 1)  0.045
  21 P   0.86830 0.13170 ( 1)  0.154
  22 L   0.50344 0.49656 ( 1)  0.510
  23 L   0.89108 0.10892 ( 1)  0.132
  24 L   0.95025 0.04975 ( 1)  0.075
  25 T   0.98283 0.01717 ( 1)  0.043
  26 P   0.96889 0.03111 ( 1)  0.056
  27 S   0.90001 0.09999 ( 1)  0.123
  28 P   0.96094 0.03906 ( 1)  0.064
  29 F   0.92010 0.07990 ( 1)  0.104
  30 A   0.00014 0.99986 ( 2)  1.000
  31 G   0.93781 0.06219 ( 1)  0.087
  32 A   0.97136 0.02864 ( 1)  0.054
  33 P   0.88287 0.11713 ( 1)  0.140
  34 G   0.93781 0.06219 ( 1)  0.087
  35 P   0.86830 0.13170 ( 1)  0.154
  36 D   0.20664 0.79336 ( 2)  0.799
  37 A   0.90551 0.09449 ( 1)  0.118
  38 P   0.19050 0.80950 ( 2)  0.814
  39 P   0.96129 0.03871 ( 1)  0.064
  40 L   0.97958 0.02042 ( 1)  0.046
  41 T   0.98283 0.01717 ( 1)  0.043
  42 P   0.89951 0.10049 ( 1)  0.124
  43 E   0.94712 0.05288 ( 1)  0.078
  44 -   0.78531 0.21469 ( 1)  0.235
  45 -   0.78531 0.21469 ( 1)  0.235
  46 -   0.78531 0.21469 ( 1)  0.235
  47 -   0.78531 0.21469 ( 1)  0.235
  48 -   0.78531 0.21469 ( 1)  0.235
  49 -   0.78531 0.21469 ( 1)  0.235
  50 -   0.78531 0.21469 ( 1)  0.235
  51 -   0.78531 0.21469 ( 1)  0.235
  52 -   0.78531 0.21469 ( 1)  0.235
  53 -   0.78531 0.21469 ( 1)  0.235
  54 -   0.78531 0.21469 ( 1)  0.235
  55 -   0.78531 0.21469 ( 1)  0.235
  56 -   0.78531 0.21469 ( 1)  0.235
  57 -   0.78531 0.21469 ( 1)  0.235
  58 -   0.78531 0.21469 ( 1)  0.235
  59 -   0.78531 0.21469 ( 1)  0.235
  60 -   0.78531 0.21469 ( 1)  0.235
  61 -   0.78531 0.21469 ( 1)  0.235
  62 -   0.78531 0.21469 ( 1)  0.235
  63 -   0.78531 0.21469 ( 1)  0.235
  64 -   0.78531 0.21469 ( 1)  0.235
  65 -   0.78531 0.21469 ( 1)  0.235
  66 -   0.78531 0.21469 ( 1)  0.235
  67 -   0.78531 0.21469 ( 1)  0.235
  68 -   0.78531 0.21469 ( 1)  0.235
  69 -   0.78531 0.21469 ( 1)  0.235
  70 -   0.78531 0.21469 ( 1)  0.235
  71 -   0.78531 0.21469 ( 1)  0.235
  72 -   0.78531 0.21469 ( 1)  0.235
  73 -   0.78531 0.21469 ( 1)  0.235
  74 -   0.78531 0.21469 ( 1)  0.235
  75 -   0.78531 0.21469 ( 1)  0.235
  76 -   0.78531 0.21469 ( 1)  0.235
  77 -   0.78531 0.21469 ( 1)  0.235
  78 -   0.78531 0.21469 ( 1)  0.235
  79 -   0.78531 0.21469 ( 1)  0.235
  80 -   0.78531 0.21469 ( 1)  0.235
  81 -   0.78531 0.21469 ( 1)  0.235
  82 -   0.78531 0.21469 ( 1)  0.235
  83 -   0.78531 0.21469 ( 1)  0.235
  84 -   0.78531 0.21469 ( 1)  0.235
  85 -   0.78531 0.21469 ( 1)  0.235
  86 -   0.78531 0.21469 ( 1)  0.235
  87 -   0.78531 0.21469 ( 1)  0.235
  88 -   0.78531 0.21469 ( 1)  0.235
  89 -   0.78531 0.21469 ( 1)  0.235
  90 -   0.78531 0.21469 ( 1)  0.235
  91 -   0.78531 0.21469 ( 1)  0.235
  92 -   0.78531 0.21469 ( 1)  0.235
  93 -   0.78531 0.21469 ( 1)  0.235
  94 -   0.78531 0.21469 ( 1)  0.235
  95 -   0.78531 0.21469 ( 1)  0.235
  96 -   0.78531 0.21469 ( 1)  0.235
  97 -   0.78531 0.21469 ( 1)  0.235
  98 -   0.78531 0.21469 ( 1)  0.235
  99 -   0.78531 0.21469 ( 1)  0.235
 100 -   0.78531 0.21469 ( 1)  0.235
 101 -   0.78531 0.21469 ( 1)  0.235
 102 -   0.78531 0.21469 ( 1)  0.235
 103 -   0.78531 0.21469 ( 1)  0.235
 104 -   0.78531 0.21469 ( 1)  0.235
 105 -   0.78531 0.21469 ( 1)  0.235
 106 -   0.78531 0.21469 ( 1)  0.235
 107 -   0.78531 0.21469 ( 1)  0.235
 108 -   0.78531 0.21469 ( 1)  0.235
 109 -   0.78531 0.21469 ( 1)  0.235
 110 -   0.78531 0.21469 ( 1)  0.235
 111 -   0.78531 0.21469 ( 1)  0.235
 112 -   0.78531 0.21469 ( 1)  0.235
 113 -   0.78531 0.21469 ( 1)  0.235
 114 -   0.78531 0.21469 ( 1)  0.235
 115 -   0.78531 0.21469 ( 1)  0.235
 116 -   0.78531 0.21469 ( 1)  0.235
 117 -   0.78531 0.21469 ( 1)  0.235
 118 -   0.78531 0.21469 ( 1)  0.235
 119 -   0.78531 0.21469 ( 1)  0.235
 120 -   0.78531 0.21469 ( 1)  0.235
 121 -   0.78531 0.21469 ( 1)  0.235
 122 -   0.78531 0.21469 ( 1)  0.235
 123 -   0.78531 0.21469 ( 1)  0.235
 124 -   0.78531 0.21469 ( 1)  0.235
 125 -   0.78531 0.21469 ( 1)  0.235
 126 -   0.78531 0.21469 ( 1)  0.235
 127 -   0.78531 0.21469 ( 1)  0.235
 128 -   0.78531 0.21469 ( 1)  0.235
 129 -   0.78531 0.21469 ( 1)  0.235
 130 -   0.78531 0.21469 ( 1)  0.235
 131 -   0.78531 0.21469 ( 1)  0.235
 132 -   0.78531 0.21469 ( 1)  0.235
 133 -   0.78531 0.21469 ( 1)  0.235
 134 -   0.78531 0.21469 ( 1)  0.235
 135 -   0.78531 0.21469 ( 1)  0.235
 136 -   0.78531 0.21469 ( 1)  0.235
 137 -   0.78531 0.21469 ( 1)  0.235
 138 -   0.78531 0.21469 ( 1)  0.235
 139 -   0.78531 0.21469 ( 1)  0.235
 140 -   0.78531 0.21469 ( 1)  0.235
 141 -   0.78531 0.21469 ( 1)  0.235
 142 -   0.78531 0.21469 ( 1)  0.235
 143 -   0.78531 0.21469 ( 1)  0.235
 144 T   0.98283 0.01717 ( 1)  0.043
 145 L   0.94035 0.05965 ( 1)  0.084
 146 Q   0.91088 0.08912 ( 1)  0.113
 147 T   0.97893 0.02107 ( 1)  0.047
 148 L   0.94650 0.05350 ( 1)  0.078
 149 F   0.96234 0.03766 ( 1)  0.063
 150 S   0.91009 0.08991 ( 1)  0.114
 151 A   0.96468 0.03532 ( 1)  0.060
 152 P   0.86515 0.13485 ( 1)  0.157
 153 R   0.94842 0.05158 ( 1)  0.076
 154 L   0.94650 0.05350 ( 1)  0.078
 155 G   0.85360 0.14640 ( 1)  0.169
 156 E   0.94331 0.05669 ( 1)  0.081
 157 P   0.88589 0.11411 ( 1)  0.137
 158 G   0.93385 0.06615 ( 1)  0.090
 159 A   0.01904 0.98096 ( 2)  0.981
 160 R   0.92529 0.07471 ( 1)  0.099
 161 T   0.90013 0.09987 ( 1)  0.123
 162 P   0.40341 0.59659 ( 2)  0.607
 163 L   0.94616 0.05384 ( 1)  0.078
 164 F   0.95827 0.04173 ( 1)  0.067
 165 T   0.00060 0.99940 ( 2)  0.999
 166 S   0.22420 0.77580 ( 2)  0.782
 167 E   0.94331 0.05669 ( 1)  0.081
 168 T   0.91485 0.08515 ( 1)  0.109
 169 D   0.93117 0.06883 ( 1)  0.093
 170 K   0.85572 0.14428 ( 1)  0.167
 171 P   0.29704 0.70296 ( 2)  0.711
 172 R   0.87602 0.12398 ( 1)  0.147
 173 L   0.93862 0.06138 ( 1)  0.086
 174 D   0.96280 0.03720 ( 1)  0.062
 175 S   0.95604 0.04396 ( 1)  0.069
 176 P   0.18232 0.81768 ( 2)  0.822
 177 F   0.96234 0.03766 ( 1)  0.063
 178 P   0.91622 0.08378 ( 1)  0.108
 179 F   0.96234 0.03766 ( 1)  0.063
 180 L   0.94650 0.05350 ( 1)  0.078
 181 G   0.35904 0.64096 ( 2)  0.650
 182 S   0.91009 0.08991 ( 1)  0.114
 183 G   0.88340 0.11660 ( 1)  0.140
 184 A   0.97028 0.02972 ( 1)  0.055
 185 T   0.03094 0.96906 ( 2)  0.970
 186 G   0.34781 0.65219 ( 2)  0.661
 187 Y   0.88856 0.11144 ( 1)  0.135
 188 S   0.97797 0.02203 ( 1)  0.048
 189 K   0.92869 0.07131 ( 1)  0.096
 190 P   0.96569 0.03431 ( 1)  0.059
 191 P   0.21203 0.78797 ( 2)  0.793
 192 G   0.95574 0.04426 ( 1)  0.069
 193 L   0.94650 0.05350 ( 1)  0.078
 194 L   0.94650 0.05350 ( 1)  0.078
 195 G   0.88340 0.11660 ( 1)  0.140
 196 P   0.89570 0.10430 ( 1)  0.128
 197 Y   0.88856 0.11144 ( 1)  0.135
 198 G   0.95171 0.04829 ( 1)  0.073
 199 R   0.95084 0.04916 ( 1)  0.074
 200 A   0.97028 0.02972 ( 1)  0.055
 201 F   0.96234 0.03766 ( 1)  0.063
 202 P   0.89648 0.10352 ( 1)  0.127
 203 E   0.94331 0.05669 ( 1)  0.081
 204 Y   0.94309 0.05691 ( 1)  0.081
 205 P   0.96569 0.03431 ( 1)  0.059
 206 W   0.91278 0.08722 ( 1)  0.111
 207 N   0.95149 0.04851 ( 1)  0.073
 208 F   0.89155 0.10845 ( 1)  0.132
 209 N   0.95149 0.04851 ( 1)  0.073
 210 P   0.93078 0.06922 ( 1)  0.093
 211 Y   0.94309 0.05691 ( 1)  0.081
 212 L   0.97264 0.02736 ( 1)  0.053
 213 T   0.95891 0.04109 ( 1)  0.066
 214 G   0.95171 0.04829 ( 1)  0.073
 215 P   0.96569 0.03431 ( 1)  0.059
 216 F   0.96234 0.03766 ( 1)  0.063
 217 P   0.96569 0.03431 ( 1)  0.059
 218 K   0.92869 0.07131 ( 1)  0.096
 219 L   0.94650 0.05350 ( 1)  0.078
 220 P   0.92366 0.07634 ( 1)  0.100
 221 P   0.94707 0.05293 ( 1)  0.078
 222 S   0.91009 0.08991 ( 1)  0.114
 223 L   0.97231 0.02769 ( 1)  0.053
 224 Y   0.94247 0.05753 ( 1)  0.082
 225 P   0.96325 0.03675 ( 1)  0.062
 226 P   0.91720 0.08280 ( 1)  0.107
 227 H   0.95003 0.04997 ( 1)  0.075
 228 F   0.96234 0.03766 ( 1)  0.063
 229 Y   0.93341 0.06659 ( 1)  0.091
 230 P   0.96176 0.03824 ( 1)  0.063
 231 N   0.95149 0.04851 ( 1)  0.073
 232 P   0.90045 0.09955 ( 1)  0.123
 233 L   0.94473 0.05527 ( 1)  0.080
 234 A   0.97325 0.02675 ( 1)  0.052
 235 S   0.00655 0.99345 ( 2)  0.994
 236 S   0.98044 0.01956 ( 1)  0.045
 237 L   0.94473 0.05527 ( 1)  0.080
 238 G   0.35672 0.64328 ( 2)  0.653
 239 H   0.95471 0.04529 ( 1)  0.070
 240 L   0.94650 0.05350 ( 1)  0.078
 241 P   0.96569 0.03431 ( 1)  0.059
 242 S   0.93927 0.06073 ( 1)  0.085
 243 A   0.00449 0.99551 ( 2)  0.996
 244 G   0.93385 0.06615 ( 1)  0.090
 245 A   0.87011 0.12989 ( 1)  0.153
 246 G   0.26089 0.73911 ( 2)  0.746
 247 G   0.85360 0.14640 ( 1)  0.169
 248 G   0.95574 0.04426 ( 1)  0.069
 249 P   0.96569 0.03431 ( 1)  0.059
 250 T   0.88092 0.11908 ( 1)  0.142
 251 A   0.96726 0.03274 ( 1)  0.058
 252 M   0.00000 1.00000 ( 2)  1.000
 253 P   0.96549 0.03451 ( 1)  0.060
 254 L   0.94650 0.05350 ( 1)  0.078
 255 L   0.94081 0.05919 ( 1)  0.084
 256 A   0.95282 0.04718 ( 1)  0.072
 257 S   0.32049 0.67951 ( 2)  0.688
 258 T   0.88701 0.11299 ( 1)  0.136
 259 G   0.93385 0.06615 ( 1)  0.090
 260 E   0.94331 0.05669 ( 1)  0.081
 261 S   0.01188 0.98812 ( 2)  0.988
 262 L   0.94650 0.05350 ( 1)  0.078
 263 G   0.36012 0.63988 ( 2)  0.649
 264 P   0.94622 0.05378 ( 1)  0.078
 265 E   0.94331 0.05669 ( 1)  0.081
 266 R   0.93003 0.06997 ( 1)  0.094
 267 P   0.96242 0.03758 ( 1)  0.063
 268 S   0.00662 0.99338 ( 2)  0.994
 269 G   0.95574 0.04426 ( 1)  0.069
 270 L   0.94650 0.05350 ( 1)  0.078
 271 A   0.87602 0.12398 ( 1)  0.147
 272 A   0.94723 0.05277 ( 1)  0.077
 273 A   0.97028 0.02972 ( 1)  0.055
 274 P   0.94891 0.05109 ( 1)  0.076
 275 R   0.94761 0.05239 ( 1)  0.077
 276 L   0.93862 0.06138 ( 1)  0.086
 277 A   0.90092 0.09908 ( 1)  0.123
 278 L   0.94403 0.05597 ( 1)  0.081
 279 P   0.92253 0.07747 ( 1)  0.102
 280 G   0.93385 0.06615 ( 1)  0.090
 281 A   0.00616 0.99384 ( 2)  0.994
 282 G   0.93385 0.06615 ( 1)  0.090
 283 G   0.88854 0.11146 ( 1)  0.135
 284 P   0.00014 0.99986 ( 2)  1.000
 285 E   0.94331 0.05669 ( 1)  0.081
 286 A   0.90653 0.09347 ( 1)  0.117
 287 A   0.40786 0.59214 ( 2)  0.603
 288 L   0.92737 0.07263 ( 1)  0.097
 289 G   0.88340 0.11660 ( 1)  0.140
 290 G   0.93163 0.06837 ( 1)  0.093
 291 K   0.92869 0.07131 ( 1)  0.096
 292 E   0.94331 0.05669 ( 1)  0.081
 293 D   0.96280 0.03720 ( 1)  0.062
 294 S   0.95765 0.04235 ( 1)  0.067
 295 D   0.96280 0.03720 ( 1)  0.062
 296 S   0.95749 0.04251 ( 1)  0.067
 297 E   0.94331 0.05669 ( 1)  0.081
 298 L   0.94566 0.05434 ( 1)  0.079
 299 E   0.94331 0.05669 ( 1)  0.081
 300 I   0.96250 0.03750 ( 1)  0.063
 301 T   0.98053 0.01947 ( 1)  0.045
 302 D   0.96236 0.03764 ( 1)  0.063
 303 V   0.97997 0.02003 ( 1)  0.046
 304 S   0.94876 0.05124 ( 1)  0.076
 305 G   0.95574 0.04426 ( 1)  0.069
 306 C   0.95188 0.04812 ( 1)  0.073
 307 S   0.95765 0.04235 ( 1)  0.067
 308 S   0.91009 0.08991 ( 1)  0.114
 309 D   0.96280 0.03720 ( 1)  0.062
 310 S   0.92093 0.07907 ( 1)  0.103
 311 E   0.94331 0.05669 ( 1)  0.081
 312 G   0.95171 0.04829 ( 1)  0.073
 313 D   0.90037 0.09963 ( 1)  0.123
 314 E   0.94331 0.05669 ( 1)  0.081
 315 G   0.28660 0.71340 ( 2)  0.721
 316 L   0.97567 0.02433 ( 1)  0.050
 317 P   0.00930 0.99070 ( 2)  0.991
 318 V   0.35960 0.64040 ( 2)  0.650
 319 P   0.96569 0.03431 ( 1)  0.059
 320 P   0.96569 0.03431 ( 1)  0.059
 321 K   0.92869 0.07131 ( 1)  0.096
 322 A   0.92730 0.07270 ( 1)  0.097
 323 K   0.92869 0.07131 ( 1)  0.096
 324 A   0.94023 0.05977 ( 1)  0.084
 325 G   0.95574 0.04426 ( 1)  0.069
 326 K   0.85572 0.14428 ( 1)  0.167
 327 G   0.26632 0.73368 ( 2)  0.741
 328 G   0.93163 0.06837 ( 1)  0.093
 329 T   0.01954 0.98046 ( 2)  0.981
 330 G   0.95081 0.04919 ( 1)  0.074
 331 S   0.96110 0.03890 ( 1)  0.064
 332 -   0.78531 0.21469 ( 1)  0.235
 333 -   0.78531 0.21469 ( 1)  0.235
 334 -   0.78531 0.21469 ( 1)  0.235
 335 -   0.78531 0.21469 ( 1)  0.235
 336 -   0.78531 0.21469 ( 1)  0.235
 337 -   0.78531 0.21469 ( 1)  0.235
 338 -   0.78531 0.21469 ( 1)  0.235
 339 -   0.78531 0.21469 ( 1)  0.235
 340 -   0.78531 0.21469 ( 1)  0.235
 341 -   0.78531 0.21469 ( 1)  0.235
 342 -   0.78531 0.21469 ( 1)  0.235
 343 -   0.78531 0.21469 ( 1)  0.235
 344 -   0.78531 0.21469 ( 1)  0.235
 345 -   0.78531 0.21469 ( 1)  0.235
 346 -   0.78531 0.21469 ( 1)  0.235
 347 -   0.78531 0.21469 ( 1)  0.235
 348 -   0.78531 0.21469 ( 1)  0.235
 349 -   0.78531 0.21469 ( 1)  0.235
 350 -   0.78531 0.21469 ( 1)  0.235
 351 -   0.78531 0.21469 ( 1)  0.235
 352 -   0.78531 0.21469 ( 1)  0.235
 353 -   0.78531 0.21469 ( 1)  0.235
 354 -   0.78531 0.21469 ( 1)  0.235
 355 -   0.78531 0.21469 ( 1)  0.235
 356 -   0.78531 0.21469 ( 1)  0.235
 357 -   0.78531 0.21469 ( 1)  0.235
 358 -   0.78531 0.21469 ( 1)  0.235
 359 -   0.78531 0.21469 ( 1)  0.235
 360 -   0.78531 0.21469 ( 1)  0.235
 361 -   0.78531 0.21469 ( 1)  0.235
 362 -   0.78531 0.21469 ( 1)  0.235
 363 -   0.78531 0.21469 ( 1)  0.235
 364 -   0.78531 0.21469 ( 1)  0.235
 365 -   0.78531 0.21469 ( 1)  0.235
 366 -   0.78531 0.21469 ( 1)  0.235
 367 -   0.78531 0.21469 ( 1)  0.235
 368 -   0.78531 0.21469 ( 1)  0.235
 369 -   0.78531 0.21469 ( 1)  0.235
 370 -   0.78531 0.21469 ( 1)  0.235
 371 -   0.78531 0.21469 ( 1)  0.235
 372 -   0.78531 0.21469 ( 1)  0.235
 373 -   0.78531 0.21469 ( 1)  0.235
 374 -   0.78531 0.21469 ( 1)  0.235
 375 -   0.78531 0.21469 ( 1)  0.235
 376 -   0.78531 0.21469 ( 1)  0.235
 377 -   0.78531 0.21469 ( 1)  0.235
 378 -   0.78531 0.21469 ( 1)  0.235
 379 -   0.78531 0.21469 ( 1)  0.235
 380 -   0.78531 0.21469 ( 1)  0.235
 381 -   0.78531 0.21469 ( 1)  0.235
 382 -   0.78531 0.21469 ( 1)  0.235
 383 -   0.78531 0.21469 ( 1)  0.235
 384 -   0.78531 0.21469 ( 1)  0.235
 385 -   0.78531 0.21469 ( 1)  0.235
 386 -   0.78531 0.21469 ( 1)  0.235
 387 -   0.78531 0.21469 ( 1)  0.235
 388 -   0.78531 0.21469 ( 1)  0.235
 389 -   0.78531 0.21469 ( 1)  0.235
 390 -   0.78531 0.21469 ( 1)  0.235
 391 -   0.78531 0.21469 ( 1)  0.235
 392 -   0.78531 0.21469 ( 1)  0.235
 393 -   0.78531 0.21469 ( 1)  0.235
 394 -   0.78531 0.21469 ( 1)  0.235
 395 -   0.78531 0.21469 ( 1)  0.235
 396 -   0.78531 0.21469 ( 1)  0.235
 397 -   0.78531 0.21469 ( 1)  0.235
 398 -   0.78531 0.21469 ( 1)  0.235
 399 -   0.78531 0.21469 ( 1)  0.235
 400 -   0.78531 0.21469 ( 1)  0.235
 401 -   0.78531 0.21469 ( 1)  0.235
 402 -   0.78531 0.21469 ( 1)  0.235
 403 -   0.78531 0.21469 ( 1)  0.235
 404 -   0.78531 0.21469 ( 1)  0.235
 405 -   0.78531 0.21469 ( 1)  0.235
 406 -   0.78531 0.21469 ( 1)  0.235
 407 -   0.78531 0.21469 ( 1)  0.235
 408 -   0.78531 0.21469 ( 1)  0.235
 409 -   0.78531 0.21469 ( 1)  0.235
 410 -   0.78531 0.21469 ( 1)  0.235
 411 -   0.78531 0.21469 ( 1)  0.235
 412 -   0.78531 0.21469 ( 1)  0.235
 413 -   0.78531 0.21469 ( 1)  0.235
 414 -   0.78531 0.21469 ( 1)  0.235
 415 -   0.78531 0.21469 ( 1)  0.235
 416 -   0.78531 0.21469 ( 1)  0.235
 417 -   0.78531 0.21469 ( 1)  0.235
 418 -   0.78531 0.21469 ( 1)  0.235
 419 -   0.78531 0.21469 ( 1)  0.235
 420 -   0.78531 0.21469 ( 1)  0.235
 421 -   0.78531 0.21469 ( 1)  0.235
 422 -   0.78531 0.21469 ( 1)  0.235
 423 -   0.78531 0.21469 ( 1)  0.235
 424 -   0.78531 0.21469 ( 1)  0.235
 425 -   0.78531 0.21469 ( 1)  0.235
 426 -   0.78531 0.21469 ( 1)  0.235
 427 -   0.78531 0.21469 ( 1)  0.235
 428 -   0.78531 0.21469 ( 1)  0.235
 429 -   0.78531 0.21469 ( 1)  0.235
 430 -   0.78531 0.21469 ( 1)  0.235
 431 -   0.78531 0.21469 ( 1)  0.235
 432 -   0.78531 0.21469 ( 1)  0.235
 433 -   0.78531 0.21469 ( 1)  0.235
 434 -   0.78531 0.21469 ( 1)  0.235
 435 -   0.78531 0.21469 ( 1)  0.235
 436 -   0.78531 0.21469 ( 1)  0.235
 437 -   0.78531 0.21469 ( 1)  0.235
 438 -   0.78531 0.21469 ( 1)  0.235
 439 -   0.78531 0.21469 ( 1)  0.235
 440 -   0.84641 0.15359 ( 1)  0.176
 441 -   0.86578 0.13422 ( 1)  0.157
 442 -   0.81792 0.18208 ( 1)  0.203
 443 -   0.86578 0.13422 ( 1)  0.157
 444 -   0.82455 0.17545 ( 1)  0.197
 445 -   0.87047 0.12953 ( 1)  0.152
 446 -   0.85049 0.14951 ( 1)  0.172
 447 -   0.12774 0.87226 ( 2)  0.876
 448 -   0.10810 0.89190 ( 2)  0.895
 449 -   0.82455 0.17545 ( 1)  0.197
 450 -   0.14308 0.85692 ( 2)  0.861
 451 -   0.80757 0.19243 ( 1)  0.213
 452 -   0.87047 0.12953 ( 1)  0.152
 453 -   0.86578 0.13422 ( 1)  0.157
 454 -   0.82568 0.17432 ( 1)  0.196
 455 -   0.80757 0.19243 ( 1)  0.213
 456 -   0.82596 0.17404 ( 1)  0.196
 457 -   0.85049 0.14951 ( 1)  0.172
 458 -   0.82568 0.17432 ( 1)  0.196
 459 -   0.85387 0.14613 ( 1)  0.168
 460 -   0.87047 0.12953 ( 1)  0.152
 461 -   0.84641 0.15359 ( 1)  0.176
 462 -   0.81792 0.18208 ( 1)  0.203
 463 -   0.07691 0.92309 ( 2)  0.925
 464 -   0.82998 0.17002 ( 1)  0.192
 465 -   0.83415 0.16585 ( 1)  0.188
 466 -   0.82998 0.17002 ( 1)  0.192
 467 -   0.11074 0.88926 ( 2)  0.892
 468 -   0.84016 0.15984 ( 1)  0.182
 469 -   0.85387 0.14613 ( 1)  0.168
 470 -   0.80757 0.19243 ( 1)  0.213
 471 -   0.82998 0.17002 ( 1)  0.192
 472 -   0.82507 0.17493 ( 1)  0.196
 473 -   0.12774 0.87226 ( 2)  0.876
 474 -   0.85049 0.14951 ( 1)  0.172
 475 -   0.84641 0.15359 ( 1)  0.176
 476 -   0.82568 0.17432 ( 1)  0.196
 477 -   0.81792 0.18208 ( 1)  0.203
 478 -   0.79840 0.20160 ( 1)  0.222
 479 -   0.82998 0.17002 ( 1)  0.192
 480 -   0.83415 0.16585 ( 1)  0.188
 481 -   0.83498 0.16502 ( 1)  0.187
 482 -   0.85387 0.14613 ( 1)  0.168
 483 -   0.82568 0.17432 ( 1)  0.196
 484 -   0.85387 0.14613 ( 1)  0.168
 485 -   0.12281 0.87719 ( 2)  0.880
 486 -   0.85021 0.14979 ( 1)  0.172
 487 -   0.85387 0.14613 ( 1)  0.168
 488 -   0.81792 0.18208 ( 1)  0.203
 489 -   0.11390 0.88610 ( 2)  0.889
 490 -   0.85387 0.14613 ( 1)  0.168
 491 -   0.82568 0.17432 ( 1)  0.196
 492 -   0.82998 0.17002 ( 1)  0.192
 493 -   0.83005 0.16995 ( 1)  0.192
 494 -   0.85049 0.14951 ( 1)  0.172
 495 -   0.14123 0.85877 ( 2)  0.862
 496 -   0.83997 0.16003 ( 1)  0.182
 497 -   0.82568 0.17432 ( 1)  0.196
 498 -   0.12774 0.87226 ( 2)  0.876
 499 -   0.84641 0.15359 ( 1)  0.176
 500 -   0.11390 0.88610 ( 2)  0.889
 501 -   0.83415 0.16585 ( 1)  0.188
 502 -   0.84156 0.15844 ( 1)  0.180
 503 -   0.83415 0.16585 ( 1)  0.188
 504 -   0.86917 0.13083 ( 1)  0.153
 505 -   0.82998 0.17002 ( 1)  0.192
 506 -   0.83498 0.16502 ( 1)  0.187
 507 -   0.84156 0.15844 ( 1)  0.180
 508 -   0.85049 0.14951 ( 1)  0.172
 509 -   0.81553 0.18447 ( 1)  0.206
 510 -   0.85341 0.14659 ( 1)  0.169
 511 -   0.09839 0.90161 ( 2)  0.904
 512 -   0.83498 0.16502 ( 1)  0.187
 513 -   0.83498 0.16502 ( 1)  0.187
 514 -   0.81323 0.18677 ( 1)  0.208
 515 -   0.84180 0.15820 ( 1)  0.180
 516 -   0.82638 0.17362 ( 1)  0.195
 517 -   0.11390 0.88610 ( 2)  0.889
 518 -   0.85021 0.14979 ( 1)  0.172
 519 -   0.82568 0.17432 ( 1)  0.196
 520 -   0.80572 0.19428 ( 1)  0.215
 521 -   0.81109 0.18891 ( 1)  0.210
 522 -   0.83871 0.16129 ( 1)  0.183
 523 -   0.85435 0.14565 ( 1)  0.168
 524 -   0.81109 0.18891 ( 1)  0.210
 525 -   0.84180 0.15820 ( 1)  0.180
 526 -   0.82014 0.17986 ( 1)  0.201
 527 -   0.80916 0.19084 ( 1)  0.212
 528 -   0.82014 0.17986 ( 1)  0.201
 529 -   0.84156 0.15844 ( 1)  0.180
 530 -   0.81323 0.18677 ( 1)  0.208
 531 -   0.12953 0.87047 ( 2)  0.874
 532 -   0.83498 0.16502 ( 1)  0.187
 533 -   0.84180 0.15820 ( 1)  0.180
 534 -   0.84914 0.15086 ( 1)  0.173
 535 -   0.83498 0.16502 ( 1)  0.187
 536 -   0.14517 0.85483 ( 2)  0.859
 537 -   0.13903 0.86097 ( 2)  0.865
 538 -   0.11390 0.88610 ( 2)  0.889
 539 -   0.00379 0.99621 ( 2)  0.996
 540 -   0.85049 0.14951 ( 1)  0.172
 541 -   0.80757 0.19243 ( 1)  0.213
 542 -   0.83498 0.16502 ( 1)  0.187
 543 -   0.80549 0.19451 ( 1)  0.216
 544 -   0.83498 0.16502 ( 1)  0.187
 545 -   0.83005 0.16995 ( 1)  0.192
 546 -   0.80916 0.19084 ( 1)  0.212
 547 -   0.83319 0.16681 ( 1)  0.189
 548 -   0.83415 0.16585 ( 1)  0.188
 549 -   0.09839 0.90161 ( 2)  0.904
 550 -   0.12281 0.87719 ( 2)  0.880
 551 -   0.80916 0.19084 ( 1)  0.212
 552 -   0.82014 0.17986 ( 1)  0.201
 553 -   0.84016 0.15984 ( 1)  0.182
 554 -   0.12281 0.87719 ( 2)  0.880
 555 -   0.80916 0.19084 ( 1)  0.212
 556 -   0.83415 0.16585 ( 1)  0.188
 557 -   0.84636 0.15364 ( 1)  0.176
 558 -   0.10365 0.89635 ( 2)  0.899
 559 -   0.80408 0.19592 ( 1)  0.217
 560 -   0.85454 0.14546 ( 1)  0.168
 561 -   0.00379 0.99621 ( 2)  0.996


lnL = -3517.065228

