Supplemental results for CODEML (seqf: algn  treef: tree)


dN/dS (w) for site classes (K=4)

p:   0.25000  0.25000  0.25000  0.25000
w:   0.12982  1.00000  1.00000  1.00000

Naive Empirical Bayes (NEB) probabilities for 4 classes & postmean_w
(amino acids refer to 1st sequence: aotNan_HSFX3_XM_021667856)

   1 M   0.88458 0.03847 0.03847 0.03847 ( 1)  0.230
   2 A   0.72181 0.09273 0.09273 0.09273 ( 1)  0.372
   3 -   0.25000 0.25000 0.25000 0.25000 ( 3)  0.782
   4 -   0.25000 0.25000 0.25000 0.25000 ( 3)  0.782
   5 S   0.81276 0.06241 0.06241 0.06241 ( 1)  0.293
   6 Q   0.33927 0.22024 0.22024 0.22024 ( 1)  0.705
   7 N   0.04061 0.31980 0.31980 0.31980 ( 2)  0.965
   8 T   0.18862 0.27046 0.27046 0.27046 ( 2)  0.836
   9 E   0.04348 0.31884 0.31884 0.31884 ( 3)  0.962
  10 Q   0.21164 0.26279 0.26279 0.26279 ( 2)  0.816
  11 E   0.01515 0.32828 0.32828 0.32828 ( 3)  0.987
  12 Y   0.74085 0.08638 0.08638 0.08638 ( 1)  0.355
  13 -   0.25000 0.25000 0.25000 0.25000 ( 3)  0.782
  14 -   0.25000 0.25000 0.25000 0.25000 ( 3)  0.782
  15 -   0.25000 0.25000 0.25000 0.25000 ( 3)  0.782
  16 -   0.25000 0.25000 0.25000 0.25000 ( 3)  0.782
  17 E   0.78266 0.07245 0.07245 0.07245 ( 1)  0.319
  18 A   0.40232 0.19923 0.19923 0.19923 ( 1)  0.650
  19 K   0.42948 0.19017 0.19017 0.19017 ( 1)  0.626
  20 L   0.32973 0.22342 0.22342 0.22342 ( 1)  0.713
  21 A   0.24099 0.25300 0.25300 0.25300 ( 2)  0.790
  22 P   0.65007 0.11664 0.11664 0.11664 ( 1)  0.434
  23 S   0.02208 0.32597 0.32597 0.32597 ( 3)  0.981
  24 V   0.03428 0.32191 0.32191 0.32191 ( 3)  0.970
  25 G   0.74939 0.08354 0.08354 0.08354 ( 1)  0.348
  26 G   0.69492 0.10169 0.10169 0.10169 ( 1)  0.395
  27 E   0.33439 0.22187 0.22187 0.22187 ( 1)  0.709
  28 P   0.12205 0.29265 0.29265 0.29265 ( 2)  0.894
  29 T   0.34598 0.21801 0.21801 0.21801 ( 1)  0.699
  30 S   0.41200 0.19600 0.19600 0.19600 ( 1)  0.641
  31 G   0.38547 0.20484 0.20484 0.20484 ( 1)  0.665
  32 G   0.41160 0.19613 0.19613 0.19613 ( 1)  0.642
  33 P   0.32682 0.22439 0.22439 0.22439 ( 1)  0.716
  34 S   0.05950 0.31350 0.31350 0.31350 ( 3)  0.948
  35 S   0.07480 0.30840 0.30840 0.30840 ( 3)  0.935
  36 S   0.31828 0.22724 0.22724 0.22724 ( 1)  0.723
  37 S   0.30945 0.23018 0.23018 0.23018 ( 1)  0.731
  38 P   0.33271 0.22243 0.22243 0.22243 ( 1)  0.710
  39 D   0.40494 0.19835 0.19835 0.19835 ( 1)  0.648
  40 P   0.32682 0.22439 0.22439 0.22439 ( 1)  0.716
  41 N   0.40635 0.19788 0.19788 0.19788 ( 1)  0.646
  42 V   0.00780 0.33073 0.33073 0.33073 ( 3)  0.993
  43 D   0.39187 0.20271 0.20271 0.20271 ( 1)  0.659
  44 S   0.76465 0.07845 0.07845 0.07845 ( 1)  0.335
  45 R   0.03939 0.32020 0.32020 0.32020 ( 3)  0.966
  46 E   0.31961 0.22680 0.22680 0.22680 ( 1)  0.722
  47 L   0.00229 0.33257 0.33257 0.33257 ( 3)  0.998
  48 L   0.58500 0.13833 0.13833 0.13833 ( 1)  0.491
  49 D   0.48506 0.17165 0.17165 0.17165 ( 1)  0.578
  50 R   0.38007 0.20664 0.20664 0.20664 ( 1)  0.669
  51 H   0.39248 0.20251 0.20251 0.20251 ( 1)  0.658
  52 E   0.01734 0.32755 0.32755 0.32755 ( 2)  0.985
  53 D   0.04387 0.31871 0.31871 0.31871 ( 2)  0.962
  54 Q   0.03699 0.32100 0.32100 0.32100 ( 3)  0.968
  55 A   0.77004 0.07665 0.07665 0.07665 ( 1)  0.330
  56 V   0.00689 0.33104 0.33104 0.33104 ( 3)  0.994
  57 S   0.03813 0.32062 0.32062 0.32062 ( 2)  0.967
  58 -   0.25000 0.25000 0.25000 0.25000 ( 3)  0.782
  59 -   0.25000 0.25000 0.25000 0.25000 ( 3)  0.782
  60 -   0.25000 0.25000 0.25000 0.25000 ( 3)  0.782
  61 -   0.25000 0.25000 0.25000 0.25000 ( 3)  0.782
  62 -   0.25000 0.25000 0.25000 0.25000 ( 3)  0.782
  63 -   0.25000 0.25000 0.25000 0.25000 ( 3)  0.782
  64 Q   0.23225 0.25592 0.25592 0.25592 ( 2)  0.798
  65 D   0.06581 0.31140 0.31140 0.31140 ( 2)  0.943
  66 S   0.11808 0.29397 0.29397 0.29397 ( 2)  0.897
  67 G   0.75846 0.08051 0.08051 0.08051 ( 1)  0.340
  68 S   0.19294 0.26902 0.26902 0.26902 ( 2)  0.832
  69 Q   0.23225 0.25592 0.25592 0.25592 ( 2)  0.798
  70 -   0.25000 0.25000 0.25000 0.25000 ( 3)  0.782
  71 -   0.25000 0.25000 0.25000 0.25000 ( 3)  0.782
  72 -   0.25000 0.25000 0.25000 0.25000 ( 3)  0.782
  73 -   0.25000 0.25000 0.25000 0.25000 ( 3)  0.782
  74 -   0.25000 0.25000 0.25000 0.25000 ( 3)  0.782
  75 -   0.25000 0.25000 0.25000 0.25000 ( 3)  0.782
  76 -   0.25000 0.25000 0.25000 0.25000 ( 3)  0.782
  77 -   0.25000 0.25000 0.25000 0.25000 ( 3)  0.782
  78 -   0.25000 0.25000 0.25000 0.25000 ( 3)  0.782
  79 -   0.25000 0.25000 0.25000 0.25000 ( 3)  0.782
  80 -   0.25000 0.25000 0.25000 0.25000 ( 3)  0.782
  81 -   0.25000 0.25000 0.25000 0.25000 ( 3)  0.782
  82 -   0.25000 0.25000 0.25000 0.25000 ( 3)  0.782
  83 -   0.25000 0.25000 0.25000 0.25000 ( 3)  0.782
  84 -   0.25000 0.25000 0.25000 0.25000 ( 3)  0.782
  85 -   0.25000 0.25000 0.25000 0.25000 ( 3)  0.782
  86 -   0.25000 0.25000 0.25000 0.25000 ( 3)  0.782
  87 -   0.25000 0.25000 0.25000 0.25000 ( 3)  0.782
  88 -   0.25000 0.25000 0.25000 0.25000 ( 3)  0.782
  89 -   0.25000 0.25000 0.25000 0.25000 ( 3)  0.782
  90 -   0.25000 0.25000 0.25000 0.25000 ( 3)  0.782
  91 -   0.25000 0.25000 0.25000 0.25000 ( 3)  0.782
  92 -   0.25000 0.25000 0.25000 0.25000 ( 3)  0.782
  93 D   0.01785 0.32738 0.32738 0.32738 ( 3)  0.984
  94 N   0.52773 0.15742 0.15742 0.15742 ( 1)  0.541
  95 P   0.11632 0.29456 0.29456 0.29456 ( 2)  0.899
  96 Q   0.19186 0.26938 0.26938 0.26938 ( 2)  0.833
  97 P   0.01938 0.32687 0.32687 0.32687 ( 3)  0.983
  98 E   0.03331 0.32223 0.32223 0.32223 ( 3)  0.971
  99 D   0.17003 0.27666 0.27666 0.27666 ( 2)  0.852
 100 Q   0.10527 0.29824 0.29824 0.29824 ( 2)  0.908
 101 N   0.46546 0.17818 0.17818 0.17818 ( 1)  0.595
 102 Q   0.34546 0.21818 0.21818 0.21818 ( 1)  0.699
 103 R   0.38280 0.20573 0.20573 0.20573 ( 1)  0.667
 104 V   0.37206 0.20931 0.20931 0.20931 ( 1)  0.676
 105 A   0.07975 0.30675 0.30675 0.30675 ( 3)  0.931
 106 S   0.09592 0.30136 0.30136 0.30136 ( 2)  0.917
 107 M   0.01115 0.32962 0.32962 0.32962 ( 3)  0.990
 108 E   0.39010 0.20330 0.20330 0.20330 ( 1)  0.661
 109 D   0.46194 0.17935 0.17935 0.17935 ( 1)  0.598
 110 N   0.46546 0.17818 0.17818 0.17818 ( 1)  0.595
 111 R   0.01069 0.32977 0.32977 0.32977 ( 3)  0.991
 112 N   0.46546 0.17818 0.17818 0.17818 ( 1)  0.595
 113 L   0.32989 0.22337 0.22337 0.22337 ( 1)  0.713
 114 F   0.33265 0.22245 0.22245 0.22245 ( 1)  0.711
 115 R   0.08206 0.30598 0.30598 0.30598 ( 3)  0.929
 116 L   0.34060 0.21980 0.21980 0.21980 ( 1)  0.704
 117 S   0.06999 0.31000 0.31000 0.31000 ( 3)  0.939
 118 F   0.36864 0.21045 0.21045 0.21045 ( 1)  0.679
 119 P   0.32682 0.22439 0.22439 0.22439 ( 1)  0.716
 120 R   0.36852 0.21049 0.21049 0.21049 ( 1)  0.679
 121 K   0.42948 0.19017 0.19017 0.19017 ( 1)  0.626
 122 L   0.33442 0.22186 0.22186 0.22186 ( 1)  0.709
 123 W   0.32891 0.22370 0.22370 0.22370 ( 1)  0.714
 124 M   0.08838 0.30387 0.30387 0.30387 ( 3)  0.923
 125 M   0.07953 0.30682 0.30682 0.30682 ( 3)  0.931
 126 V   0.37206 0.20931 0.20931 0.20931 ( 1)  0.676
 127 E   0.42535 0.19155 0.19155 0.19155 ( 1)  0.630
 128 E   0.39010 0.20330 0.20330 0.20330 ( 1)  0.661
 129 D   0.46194 0.17935 0.17935 0.17935 ( 1)  0.598
 130 T   0.34598 0.21801 0.21801 0.21801 ( 1)  0.699
 131 F   0.36864 0.21045 0.21045 0.21045 ( 1)  0.679
 132 Q   0.07495 0.30835 0.30835 0.30835 ( 3)  0.935
 133 S   0.32820 0.22393 0.22393 0.22393 ( 1)  0.714
 134 V   0.06734 0.31089 0.31089 0.31089 ( 3)  0.941
 135 N   0.08529 0.30490 0.30490 0.30490 ( 3)  0.926
 136 W   0.32891 0.22370 0.22370 0.22370 ( 1)  0.714
 137 N   0.46278 0.17907 0.17907 0.17907 ( 1)  0.597
 138 D   0.07526 0.30825 0.30825 0.30825 ( 3)  0.935
 139 D   0.40438 0.19854 0.19854 0.19854 ( 1)  0.648
 140 G   0.34540 0.21820 0.21820 0.21820 ( 1)  0.699
 141 D   0.42827 0.19058 0.19058 0.19058 ( 1)  0.627
 142 A   0.37537 0.20821 0.20821 0.20821 ( 1)  0.673
 143 V   0.07063 0.30979 0.30979 0.30979 ( 3)  0.939
 144 I   0.41505 0.19498 0.19498 0.19498 ( 1)  0.639
 145 I   0.41505 0.19498 0.19498 0.19498 ( 1)  0.639
 146 E   0.08875 0.30375 0.30375 0.30375 ( 3)  0.923
 147 K   0.42948 0.19017 0.19017 0.19017 ( 1)  0.626
 148 D   0.40268 0.19911 0.19911 0.19911 ( 1)  0.650
 149 L   0.36959 0.21014 0.21014 0.21014 ( 1)  0.678
 150 L   0.06667 0.31111 0.31111 0.31111 ( 3)  0.942
 151 Q   0.36778 0.21074 0.21074 0.21074 ( 1)  0.680
 152 R   0.40789 0.19737 0.19737 0.19737 ( 1)  0.645
 153 E   0.42535 0.19155 0.19155 0.19155 ( 1)  0.630
 154 I   0.06623 0.31126 0.31126 0.31126 ( 3)  0.942
 155 L   0.32989 0.22337 0.22337 0.22337 ( 1)  0.713
 156 Q   0.34546 0.21818 0.21818 0.21818 ( 1)  0.699
 157 R   0.34659 0.21780 0.21780 0.21780 ( 1)  0.698
 158 R   0.07026 0.30991 0.30991 0.30991 ( 3)  0.939
 159 G   0.38662 0.20446 0.20446 0.20446 ( 1)  0.664
 160 A   0.34444 0.21852 0.21852 0.21852 ( 1)  0.700
 161 E   0.42535 0.19155 0.19155 0.19155 ( 1)  0.630
 162 K   0.08772 0.30409 0.30409 0.30409 ( 3)  0.924
 163 I   0.41505 0.19498 0.19498 0.19498 ( 1)  0.639
 164 F   0.36864 0.21045 0.21045 0.21045 ( 1)  0.679
 165 K   0.07705 0.30765 0.30765 0.30765 ( 3)  0.933
 166 T   0.34598 0.21801 0.21801 0.21801 ( 1)  0.699
 167 D   0.08014 0.30662 0.30662 0.30662 ( 3)  0.930
 168 S   0.09493 0.30169 0.30169 0.30169 ( 2)  0.917
 169 L   0.58500 0.13833 0.13833 0.13833 ( 1)  0.491
 170 K   0.01728 0.32757 0.32757 0.32757 ( 3)  0.985
 171 S   0.09279 0.30240 0.30240 0.30240 ( 2)  0.919
 172 F   0.02317 0.32561 0.32561 0.32561 ( 3)  0.980
 173 I   0.31787 0.22738 0.22738 0.22738 ( 1)  0.723
 174 R   0.77468 0.07511 0.07511 0.07511 ( 1)  0.326
 175 Q   0.12463 0.29179 0.29179 0.29179 ( 2)  0.892
 176 -   0.25000 0.25000 0.25000 0.25000 ( 3)  0.782
 177 L   0.09505 0.30165 0.30165 0.30165 ( 3)  0.917
 178 N   0.11541 0.29486 0.29486 0.29486 ( 2)  0.900
 179 L   0.21457 0.26181 0.26181 0.26181 ( 2)  0.813
 180 -   0.25000 0.25000 0.25000 0.25000 ( 3)  0.782
 181 -   0.25000 0.25000 0.25000 0.25000 ( 3)  0.782
 182 -   0.25000 0.25000 0.25000 0.25000 ( 3)  0.782
 183 Y   0.32384 0.22539 0.22539 0.22539 ( 1)  0.718
 184 G   0.71308 0.09564 0.09564 0.09564 ( 1)  0.379
 185 F   0.32470 0.22510 0.22510 0.22510 ( 1)  0.717
 186 R   0.03576 0.32141 0.32141 0.32141 ( 3)  0.969
 187 K   0.10299 0.29900 0.29900 0.29900 ( 2)  0.910
 188 I   0.01341 0.32886 0.32886 0.32886 ( 3)  0.988
 189 R   0.77468 0.07511 0.07511 0.07511 ( 1)  0.326
 190 A   0.00338 0.33221 0.33221 0.33221 ( 3)  0.997
 191 S   0.03399 0.32200 0.32200 0.32200 ( 2)  0.970
 192 T   0.06237 0.31254 0.31254 0.31254 ( 3)  0.946
 193 S   0.16623 0.27792 0.27792 0.27792 ( 2)  0.855
 194 P   0.02482 0.32506 0.32506 0.32506 ( 3)  0.978
 195 R   0.16470 0.27843 0.27843 0.27843 ( 2)  0.857
 196 D   0.06857 0.31048 0.31048 0.31048 ( 2)  0.940
 197 K   0.00594 0.33135 0.33135 0.33135 ( 3)  0.995
 198 N   0.00870 0.33043 0.33043 0.33043 ( 3)  0.992
 199 V   0.04682 0.31773 0.31773 0.31773 ( 2)  0.959
 200 M   0.43381 0.18873 0.18873 0.18873 ( 1)  0.623
 201 I   0.41505 0.19498 0.19498 0.19498 ( 1)  0.639
 202 Y   0.39184 0.20272 0.20272 0.20272 ( 1)  0.659
 203 H   0.01093 0.32969 0.32969 0.32969 ( 3)  0.990
 204 N   0.09866 0.30045 0.30045 0.30045 ( 2)  0.914
 205 S   0.36711 0.21096 0.21096 0.21096 ( 1)  0.681
 206 N   0.08108 0.30631 0.30631 0.30631 ( 3)  0.929
 207 F   0.33265 0.22245 0.22245 0.22245 ( 1)  0.711
 208 Q   0.36778 0.21074 0.21074 0.21074 ( 1)  0.680
 209 R   0.36852 0.21049 0.21049 0.21049 ( 1)  0.679
 210 G   0.08966 0.30345 0.30345 0.30345 ( 3)  0.922
 211 K   0.81012 0.06329 0.06329 0.06329 ( 1)  0.295
 212 P   0.73525 0.08825 0.08825 0.08825 ( 1)  0.360
 213 W   0.06733 0.31089 0.31089 0.31089 ( 3)  0.941
 214 L   0.36959 0.21014 0.21014 0.21014 ( 1)  0.678
 215 L   0.32973 0.22342 0.22342 0.22342 ( 1)  0.713
 216 E   0.42535 0.19155 0.19155 0.19155 ( 1)  0.630
 217 N   0.41226 0.19591 0.19591 0.19591 ( 1)  0.641
 218 I   0.41505 0.19498 0.19498 0.19498 ( 1)  0.639
 219 R   0.06617 0.31128 0.31128 0.31128 ( 3)  0.942
 220 R   0.36852 0.21049 0.21049 0.21049 ( 1)  0.679
 221 N   0.00959 0.33014 0.33014 0.33014 ( 3)  0.992
 222 G   0.00995 0.33002 0.33002 0.33002 ( 3)  0.991
 223 D   0.00020 0.33327 0.33327 0.33327 ( 3)  1.000
 224 L   0.00964 0.33012 0.33012 0.33012 ( 3)  0.992
 225 R   0.42596 0.19135 0.19135 0.19135 ( 1)  0.629
 226 N   0.00344 0.33219 0.33219 0.33219 ( 3)  0.997
 227 A   0.21580 0.26140 0.26140 0.26140 ( 2)  0.812
 228 T   0.00191 0.33270 0.33270 0.33270 ( 3)  0.998
 229 Q   0.75092 0.08303 0.08303 0.08303 ( 1)  0.347
 230 Q   0.18435 0.27188 0.27188 0.27188 ( 2)  0.840
 231 A   0.03062 0.32313 0.32313 0.32313 ( 3)  0.973
 232 T   0.75941 0.08020 0.08020 0.08020 ( 1)  0.339
 233 H   0.04973 0.31676 0.31676 0.31676 ( 2)  0.957
 234 V   0.21754 0.26082 0.26082 0.26082 ( 2)  0.811
 235 P   0.62285 0.12572 0.12572 0.12572 ( 1)  0.458
 236 A   0.06512 0.31163 0.31163 0.31163 ( 3)  0.943
 237 P   0.03200 0.32267 0.32267 0.32267 ( 3)  0.972
 238 K   0.32574 0.22475 0.22475 0.22475 ( 1)  0.717
 239 R   0.65635 0.11455 0.11455 0.11455 ( 1)  0.429
 240 S   0.00030 0.33323 0.33323 0.33323 ( 3)  1.000
 241 K   0.00796 0.33068 0.33068 0.33068 ( 3)  0.993
 242 L   0.22959 0.25680 0.25680 0.25680 ( 2)  0.800
 243 V   0.01435 0.32855 0.32855 0.32855 ( 3)  0.988
 244 P   0.02794 0.32402 0.32402 0.32402 ( 3)  0.976
 245 I   0.06861 0.31046 0.31046 0.31046 ( 3)  0.940
 246 R   0.06746 0.31085 0.31085 0.31085 ( 3)  0.941
 247 H   0.07897 0.30701 0.30701 0.30701 ( 3)  0.931
 248 P   0.06950 0.31017 0.31017 0.31017 ( 3)  0.940
 249 L   0.30964 0.23012 0.23012 0.23012 ( 1)  0.731
 250 Q   0.02938 0.32354 0.32354 0.32354 ( 3)  0.974
 251 I   0.41505 0.19498 0.19498 0.19498 ( 1)  0.639
 252 H   0.19066 0.26978 0.26978 0.26978 ( 2)  0.834
 253 H   0.43985 0.18672 0.18672 0.18672 ( 1)  0.617
 254 S   0.00469 0.33177 0.33177 0.33177 ( 3)  0.996
 255 N   0.00162 0.33279 0.33279 0.33279 ( 3)  0.999
 256 D   0.29293 0.23569 0.23569 0.23569 ( 1)  0.745
 257 K   0.04366 0.31878 0.31878 0.31878 ( 3)  0.962
 258 D   0.00463 0.33179 0.33179 0.33179 ( 3)  0.996
 259 A   0.00080 0.33307 0.33307 0.33307 ( 3)  0.999
 260 A   0.02796 0.32401 0.32401 0.32401 ( 3)  0.976
 261 I   0.05652 0.31449 0.31449 0.31449 ( 2)  0.951
 262 E   0.00007 0.33331 0.33331 0.33331 ( 3)  1.000
 263 M   0.03934 0.32022 0.32022 0.32022 ( 2)  0.966
 264 S   0.00665 0.33112 0.33112 0.33112 ( 3)  0.994
 265 Q   0.01835 0.32722 0.32722 0.32722 ( 3)  0.984
 266 G   0.00328 0.33224 0.33224 0.33224 ( 3)  0.997
 267 G   0.69492 0.10169 0.10169 0.10169 ( 1)  0.395
 268 T   0.02824 0.32392 0.32392 0.32392 ( 3)  0.975
 269 P   0.02641 0.32453 0.32453 0.32453 ( 3)  0.977
 270 N   0.03866 0.32045 0.32045 0.32045 ( 3)  0.966
 271 V   0.34790 0.21737 0.21737 0.21737 ( 1)  0.697
 272 Q   0.36778 0.21074 0.21074 0.21074 ( 1)  0.680
 273 G   0.34721 0.21760 0.21760 0.21760 ( 1)  0.698
 274 P   0.04495 0.31835 0.31835 0.31835 ( 3)  0.961
 275 -   0.25000 0.25000 0.25000 0.25000 ( 3)  0.782
 276 S   0.81000 0.06333 0.06333 0.06333 ( 1)  0.295
 277 G   0.81086 0.06305 0.06305 0.06305 ( 1)  0.294
 278 T   0.74992 0.08336 0.08336 0.08336 ( 1)  0.347
 279 Q   0.36778 0.21074 0.21074 0.21074 ( 1)  0.680
 280 S   0.36711 0.21096 0.21096 0.21096 ( 1)  0.681
 281 F   0.79836 0.06721 0.06721 0.06721 ( 1)  0.305
 282 P   0.25000 0.25000 0.25000 0.25000 ( 3)  0.782
 283 C   0.25000 0.25000 0.25000 0.25000 ( 3)  0.782
 284 P   0.03169 0.32277 0.32277 0.32277 ( 3)  0.972
 285 -   0.25000 0.25000 0.25000 0.25000 ( 3)  0.782
 286 -   0.25000 0.25000 0.25000 0.25000 ( 3)  0.782
 287 -   0.25000 0.25000 0.25000 0.25000 ( 3)  0.782
 288 -   0.25000 0.25000 0.25000 0.25000 ( 3)  0.782
 289 -   0.25000 0.25000 0.25000 0.25000 ( 3)  0.782
 290 -   0.25000 0.25000 0.25000 0.25000 ( 3)  0.782
 291 -   0.25000 0.25000 0.25000 0.25000 ( 3)  0.782
 292 -   0.25000 0.25000 0.25000 0.25000 ( 3)  0.782
 293 -   0.25000 0.25000 0.25000 0.25000 ( 3)  0.782
 294 -   0.25000 0.25000 0.25000 0.25000 ( 3)  0.782
 295 -   0.25000 0.25000 0.25000 0.25000 ( 3)  0.782
 296 -   0.25000 0.25000 0.25000 0.25000 ( 3)  0.782
 297 -   0.25000 0.25000 0.25000 0.25000 ( 3)  0.782
 298 -   0.25000 0.25000 0.25000 0.25000 ( 3)  0.782
 299 -   0.25000 0.25000 0.25000 0.25000 ( 3)  0.782
 300 -   0.25000 0.25000 0.25000 0.25000 ( 3)  0.782
 301 H   0.03725 0.32092 0.32092 0.32092 ( 3)  0.968
 302 P   0.00244 0.33252 0.33252 0.33252 ( 3)  0.998
 303 G   0.75846 0.08051 0.08051 0.08051 ( 1)  0.340
 304 T   0.00499 0.33167 0.33167 0.33167 ( 3)  0.996
 305 W   0.68126 0.10625 0.10625 0.10625 ( 1)  0.407
 306 -   0.25050 0.24983 0.24983 0.24983 ( 1)  0.782
 307 P   0.03369 0.32210 0.32210 0.32210 ( 3)  0.971
 308 I   0.25000 0.25000 0.25000 0.25000 ( 3)  0.782
 309 Y   0.25000 0.25000 0.25000 0.25000 ( 3)  0.782
 310 V   0.00051 0.33316 0.33316 0.33316 ( 3)  1.000
 311 N   0.00487 0.33171 0.33171 0.33171 ( 3)  0.996
 312 P   0.00033 0.33322 0.33322 0.33322 ( 3)  1.000
 313 I   0.02107 0.32631 0.32631 0.32631 ( 3)  0.982
 314 T   0.35337 0.21554 0.21554 0.21554 ( 1)  0.693
 315 G   0.01050 0.32983 0.32983 0.32983 ( 3)  0.991
 316 H   0.07059 0.30980 0.30980 0.30980 ( 3)  0.939
 317 P   0.73733 0.08756 0.08756 0.08756 ( 1)  0.358
 318 P   0.03052 0.32316 0.32316 0.32316 ( 3)  0.973
 319 -   0.25000 0.25000 0.25000 0.25000 ( 3)  0.782
 320 -   0.25000 0.25000 0.25000 0.25000 ( 3)  0.782
 321 G   0.01525 0.32825 0.32825 0.32825 ( 3)  0.987
 322 Y   0.00319 0.33227 0.33227 0.33227 ( 3)  0.997
 323 G   0.03544 0.32152 0.32152 0.32152 ( 3)  0.969
 324 P   0.26480 0.24507 0.24507 0.24507 ( 1)  0.770
 325 P   0.24333 0.25222 0.25222 0.25222 ( 2)  0.788
 326 Q   0.73241 0.08920 0.08920 0.08920 ( 1)  0.363
 327 -   0.25000 0.25000 0.25000 0.25000 ( 3)  0.782
 328 -   0.25000 0.25000 0.25000 0.25000 ( 3)  0.782
 329 -   0.25000 0.25000 0.25000 0.25000 ( 3)  0.782
 330 -   0.25000 0.25000 0.25000 0.25000 ( 3)  0.782
 331 -   0.25000 0.25000 0.25000 0.25000 ( 3)  0.782
 332 -   0.25000 0.25000 0.25000 0.25000 ( 3)  0.782
 333 -   0.25000 0.25000 0.25000 0.25000 ( 3)  0.782
 334 -   0.25000 0.25000 0.25000 0.25000 ( 3)  0.782
 335 -   0.25000 0.25000 0.25000 0.25000 ( 3)  0.782
 336 -   0.25000 0.25000 0.25000 0.25000 ( 3)  0.782
 337 -   0.25000 0.25000 0.25000 0.25000 ( 3)  0.782
 338 E   0.26995 0.24335 0.24335 0.24335 ( 1)  0.765
 339 P   0.02473 0.32509 0.32509 0.32509 ( 3)  0.978
 340 N   0.09228 0.30257 0.30257 0.30257 ( 2)  0.920
 341 D   0.27800 0.24067 0.24067 0.24067 ( 1)  0.758
 342 P   0.01782 0.32739 0.32739 0.32739 ( 3)  0.984
 343 N   0.25488 0.24837 0.24837 0.24837 ( 1)  0.778
 344 R   0.00020 0.33327 0.33327 0.33327 ( 3)  1.000
 345 E   0.31961 0.22680 0.22680 0.22680 ( 1)  0.722
 346 G   0.23663 0.25446 0.25446 0.25446 ( 2)  0.794
 347 T   0.03386 0.32205 0.32205 0.32205 ( 2)  0.971
 348 S   0.62648 0.12451 0.12451 0.12451 ( 1)  0.455
 349 G   0.06748 0.31084 0.31084 0.31084 ( 3)  0.941
 350 N   0.40635 0.19788 0.19788 0.19788 ( 1)  0.646
 351 D   0.07513 0.30829 0.30829 0.30829 ( 3)  0.935
 352 A   0.00775 0.33075 0.33075 0.33075 ( 3)  0.993
 353 F   0.00359 0.33214 0.33214 0.33214 ( 3)  0.997
 354 A   0.21082 0.26306 0.26306 0.26306 ( 2)  0.817
 355 S   0.01997 0.32668 0.32668 0.32668 ( 3)  0.983
 356 -   0.25000 0.25000 0.25000 0.25000 ( 3)  0.782
 357 -   0.25000 0.25000 0.25000 0.25000 ( 3)  0.782
 358 -   0.25000 0.25000 0.25000 0.25000 ( 3)  0.782
 359 -   0.25000 0.25000 0.25000 0.25000 ( 3)  0.782
 360 -   0.25000 0.25000 0.25000 0.25000 ( 3)  0.782
 361 S   0.67166 0.10945 0.10945 0.10945 ( 1)  0.416
 362 A   0.71608 0.09464 0.09464 0.09464 ( 1)  0.377
 363 T   0.16834 0.27722 0.27722 0.27722 ( 2)  0.854
 364 A   0.00544 0.33152 0.33152 0.33152 ( 3)  0.995
 365 G   0.00413 0.33196 0.33196 0.33196 ( 3)  0.996
 366 -   0.25000 0.25000 0.25000 0.25000 ( 3)  0.782
 367 M   0.88458 0.03847 0.03847 0.03847 ( 1)  0.230
 368 E   0.00738 0.33087 0.33087 0.33087 ( 3)  0.994
 369 S   0.33076 0.22308 0.22308 0.22308 ( 1)  0.712
 370 -   0.25000 0.25000 0.25000 0.25000 ( 3)  0.782
 371 -   0.25000 0.25000 0.25000 0.25000 ( 3)  0.782
 372 A   0.21708 0.26097 0.26097 0.26097 ( 2)  0.811
 373 R   0.01651 0.32783 0.32783 0.32783 ( 3)  0.986
 374 E   0.00109 0.33297 0.33297 0.33297 ( 3)  0.999
 375 V   0.01725 0.32758 0.32758 0.32758 ( 3)  0.985
 376 P   0.00025 0.33325 0.33325 0.33325 ( 3)  1.000
 377 S   0.35384 0.21539 0.21539 0.21539 ( 1)  0.692
 378 S   0.11048 0.29651 0.29651 0.29651 ( 2)  0.904
 379 L   0.63563 0.12146 0.12146 0.12146 ( 1)  0.447
 380 -   0.25000 0.25000 0.25000 0.25000 ( 3)  0.782
 381 -   0.25000 0.25000 0.25000 0.25000 ( 3)  0.782
 382 -   0.25000 0.25000 0.25000 0.25000 ( 3)  0.782
 383 -   0.25000 0.25000 0.25000 0.25000 ( 3)  0.782
 384 V   0.71544 0.09485 0.09485 0.09485 ( 1)  0.377
 385 C   0.03970 0.32010 0.32010 0.32010 ( 3)  0.965
 386 P   0.01961 0.32680 0.32680 0.32680 ( 3)  0.983
 387 D   0.05988 0.31337 0.31337 0.31337 ( 2)  0.948
 388 I   0.09027 0.30324 0.30324 0.30324 ( 2)  0.921
 389 S   0.00255 0.33248 0.33248 0.33248 ( 3)  0.998
 390 S   0.01782 0.32739 0.32739 0.32739 ( 3)  0.984
 391 L   0.00499 0.33167 0.33167 0.33167 ( 3)  0.996
 392 M   0.08998 0.30334 0.30334 0.30334 ( 2)  0.922
 393 F   0.01587 0.32804 0.32804 0.32804 ( 3)  0.986
 394 S   0.10383 0.29872 0.29872 0.29872 ( 3)  0.910
 395 C   0.06982 0.31006 0.31006 0.31006 ( 3)  0.939
 396 N   0.01037 0.32988 0.32988 0.32988 ( 3)  0.991
 397 V   0.00139 0.33287 0.33287 0.33287 ( 3)  0.999
 398 C   0.35579 0.21474 0.21474 0.21474 ( 1)  0.690
 399 Y   0.07487 0.30838 0.30838 0.30838 ( 3)  0.935
 400 S   0.07024 0.30992 0.30992 0.30992 ( 3)  0.939
 401 I   0.00911 0.33030 0.33030 0.33030 ( 3)  0.992
 402 L   0.18375 0.27208 0.27208 0.27208 ( 2)  0.840
 403 L   0.02316 0.32561 0.32561 0.32561 ( 3)  0.980
 404 A   0.36787 0.21071 0.21071 0.21071 ( 1)  0.680
 405 S   0.03237 0.32254 0.32254 0.32254 ( 3)  0.972
 406 L   0.75422 0.08193 0.08193 0.08193 ( 1)  0.344
 407 -   0.25000 0.25000 0.25000 0.25000 ( 3)  0.782
 408 -   0.25000 0.25000 0.25000 0.25000 ( 3)  0.782
 409 -   0.25000 0.25000 0.25000 0.25000 ( 3)  0.782
 410 -   0.25000 0.25000 0.25000 0.25000 ( 3)  0.782
 411 -   0.25000 0.25000 0.25000 0.25000 ( 3)  0.782
 412 -   0.25000 0.25000 0.25000 0.25000 ( 3)  0.782
 413 -   0.25000 0.25000 0.25000 0.25000 ( 3)  0.782
 414 -   0.25000 0.25000 0.25000 0.25000 ( 3)  0.782
 415 -   0.25000 0.25000 0.25000 0.25000 ( 3)  0.782
 416 -   0.25000 0.25000 0.25000 0.25000 ( 3)  0.782
 417 -   0.25000 0.25000 0.25000 0.25000 ( 3)  0.782
 418 -   0.25000 0.25000 0.25000 0.25000 ( 3)  0.782
 419 -   0.25000 0.25000 0.25000 0.25000 ( 3)  0.782
 420 -   0.25000 0.25000 0.25000 0.25000 ( 3)  0.782
 421 -   0.25000 0.25000 0.25000 0.25000 ( 3)  0.782
 422 -   0.25000 0.25000 0.25000 0.25000 ( 3)  0.782
 423 -   0.25000 0.25000 0.25000 0.25000 ( 3)  0.782
 424 -   0.25000 0.25000 0.25000 0.25000 ( 3)  0.782
 425 -   0.25000 0.25000 0.25000 0.25000 ( 3)  0.782
 426 -   0.25000 0.25000 0.25000 0.25000 ( 3)  0.782
 427 -   0.25000 0.25000 0.25000 0.25000 ( 3)  0.782
 428 -   0.25000 0.25000 0.25000 0.25000 ( 3)  0.782
 429 -   0.25000 0.25000 0.25000 0.25000 ( 3)  0.782
 430 -   0.25000 0.25000 0.25000 0.25000 ( 3)  0.782
 431 -   0.25000 0.25000 0.25000 0.25000 ( 3)  0.782
 432 -   0.25000 0.25000 0.25000 0.25000 ( 3)  0.782
 433 -   0.25000 0.25000 0.25000 0.25000 ( 3)  0.782
 434 -   0.25000 0.25000 0.25000 0.25000 ( 3)  0.782
 435 -   0.25000 0.25000 0.25000 0.25000 ( 3)  0.782
 436 -   0.25000 0.25000 0.25000 0.25000 ( 3)  0.782
 437 -   0.25000 0.25000 0.25000 0.25000 ( 3)  0.782
 438 -   0.25000 0.25000 0.25000 0.25000 ( 3)  0.782
 439 -   0.25000 0.25000 0.25000 0.25000 ( 3)  0.782
 440 -   0.25000 0.25000 0.25000 0.25000 ( 3)  0.782
 441 -   0.25000 0.25000 0.25000 0.25000 ( 3)  0.782
 442 -   0.25000 0.25000 0.25000 0.25000 ( 3)  0.782
 443 L   0.10625 0.29792 0.29792 0.29792 ( 3)  0.908
 444 V   0.00420 0.33193 0.33193 0.33193 ( 3)  0.996
 445 M   0.32693 0.22436 0.22436 0.22436 ( 1)  0.716
 446 T   0.00192 0.33269 0.33269 0.33269 ( 3)  0.998
 447 P   0.16871 0.27710 0.27710 0.27710 ( 2)  0.853
 448 N   0.48703 0.17099 0.17099 0.17099 ( 1)  0.576
 449 E   0.31961 0.22680 0.22680 0.22680 ( 1)  0.722
 450 P   0.01595 0.32802 0.32802 0.32802 ( 3)  0.986
 451 S   0.00196 0.33268 0.33268 0.33268 ( 3)  0.998
 452 D   0.00255 0.33248 0.33248 0.33248 ( 3)  0.998
 453 D   0.00104 0.33299 0.33299 0.33299 ( 3)  0.999
 454 E   0.81625 0.06125 0.06125 0.06125 ( 1)  0.290
 455 E   0.46119 0.17960 0.17960 0.17960 ( 1)  0.599
 456 E   0.81625 0.06125 0.06125 0.06125 ( 1)  0.290
 457 E   0.26168 0.24611 0.24611 0.24611 ( 1)  0.772
 458 E   0.25000 0.25000 0.25000 0.25000 ( 3)  0.782
 459 E   0.00270 0.33243 0.33243 0.33243 ( 3)  0.998
 460 D   0.00508 0.33164 0.33164 0.33164 ( 3)  0.996
 461 -   0.25000 0.25000 0.25000 0.25000 ( 3)  0.782
 462 -   0.25000 0.25000 0.25000 0.25000 ( 3)  0.782
 463 -   0.25000 0.25000 0.25000 0.25000 ( 3)  0.782
 464 S   0.02614 0.32462 0.32462 0.32462 ( 3)  0.977
 465 S   0.17427 0.27524 0.27524 0.27524 ( 2)  0.848
 466 G   0.04899 0.31700 0.31700 0.31700 ( 3)  0.957
 467 Y   0.00109 0.33297 0.33297 0.33297 ( 3)  0.999
 468 N   0.00965 0.33012 0.33012 0.33012 ( 3)  0.992
 469 S   0.04035 0.31988 0.31988 0.31988 ( 3)  0.965
 470 T   0.01515 0.32828 0.32828 0.32828 ( 3)  0.987
 471 L   0.15384 0.28205 0.28205 0.28205 ( 2)  0.866
 472 C   0.14381 0.28540 0.28540 0.28540 ( 2)  0.875
 473 E   0.36289 0.21237 0.21237 0.21237 ( 1)  0.684
 474 Q   0.01662 0.32779 0.32779 0.32779 ( 3)  0.986
 475 F   0.01331 0.32890 0.32890 0.32890 ( 3)  0.988
 476 R   0.75146 0.08285 0.08285 0.08285 ( 1)  0.346
 477 N   0.43050 0.18983 0.18983 0.18983 ( 1)  0.625
 478 N   0.77709 0.07430 0.07430 0.07430 ( 1)  0.324
 479 P   0.02655 0.32448 0.32448 0.32448 ( 3)  0.977
 480 N   0.03885 0.32038 0.32038 0.32038 ( 3)  0.966
 481 P   0.64123 0.11959 0.11959 0.11959 ( 1)  0.442
 482 -   0.25000 0.25000 0.25000 0.25000 ( 3)  0.782
 483 -   0.25000 0.25000 0.25000 0.25000 ( 3)  0.782
 484 -   0.25000 0.25000 0.25000 0.25000 ( 3)  0.782
 485 -   0.25000 0.25000 0.25000 0.25000 ( 3)  0.782
 486 -   0.25000 0.25000 0.25000 0.25000 ( 3)  0.782
 487 -   0.25000 0.25000 0.25000 0.25000 ( 3)  0.782
 488 -   0.25000 0.25000 0.25000 0.25000 ( 3)  0.782
 489 -   0.25000 0.25000 0.25000 0.25000 ( 3)  0.782
 490 -   0.25000 0.25000 0.25000 0.25000 ( 3)  0.782
 491 -   0.25000 0.25000 0.25000 0.25000 ( 3)  0.782
 492 -   0.25000 0.25000 0.25000 0.25000 ( 3)  0.782
 493 -   0.25000 0.25000 0.25000 0.25000 ( 3)  0.782
 494 -   0.25000 0.25000 0.25000 0.25000 ( 3)  0.782
 495 -   0.25000 0.25000 0.25000 0.25000 ( 3)  0.782


lnL = -4164.206048

