Supplemental results for CODEML (seqf: algn  treef: tree)


dN/dS (w) for site classes (K=3)

p:   0.78010  0.21026  0.00964
w:   0.36480  1.00000  7.41549

Naive Empirical Bayes (NEB) probabilities for 3 classes & postmean_w & P(w>1)
(amino acids refer to 1st sequence: calJac_NFILZ_XM_035286919)

   1 -   0.78010 0.21026 0.00964 ( 1)  0.566  0.010
   2 -   0.78010 0.21026 0.00964 ( 1)  0.566  0.010
   3 -   0.78010 0.21026 0.00964 ( 1)  0.566  0.010
   4 -   0.78010 0.21026 0.00964 ( 1)  0.566  0.010
   5 -   0.78010 0.21026 0.00964 ( 1)  0.566  0.010
   6 -   0.78010 0.21026 0.00964 ( 1)  0.566  0.010
   7 -   0.78010 0.21026 0.00964 ( 1)  0.566  0.010
   8 -   0.78010 0.21026 0.00964 ( 1)  0.566  0.010
   9 -   0.78010 0.21026 0.00964 ( 1)  0.566  0.010
  10 -   0.78010 0.21026 0.00964 ( 1)  0.566  0.010
  11 -   0.78010 0.21026 0.00964 ( 1)  0.566  0.010
  12 -   0.78010 0.21026 0.00964 ( 1)  0.566  0.010
  13 -   0.78010 0.21026 0.00964 ( 1)  0.566  0.010
  14 -   0.78010 0.21026 0.00964 ( 1)  0.566  0.010
  15 -   0.78010 0.21026 0.00964 ( 1)  0.566  0.010
  16 -   0.78010 0.21026 0.00964 ( 1)  0.566  0.010
  17 -   0.78010 0.21026 0.00964 ( 1)  0.566  0.010
  18 -   0.78010 0.21026 0.00964 ( 1)  0.566  0.010
  19 -   0.78010 0.21026 0.00964 ( 1)  0.566  0.010
  20 -   0.78010 0.21026 0.00964 ( 1)  0.566  0.010
  21 -   0.78010 0.21026 0.00964 ( 1)  0.566  0.010
  22 -   0.78010 0.21026 0.00964 ( 1)  0.566  0.010
  23 -   0.78010 0.21026 0.00964 ( 1)  0.566  0.010
  24 -   0.78010 0.21026 0.00964 ( 1)  0.566  0.010
  25 -   0.78010 0.21026 0.00964 ( 1)  0.566  0.010
  26 -   0.78010 0.21026 0.00964 ( 1)  0.566  0.010
  27 -   0.78010 0.21026 0.00964 ( 1)  0.566  0.010
  28 -   0.78010 0.21026 0.00964 ( 1)  0.566  0.010
  29 -   0.78010 0.21026 0.00964 ( 1)  0.566  0.010
  30 -   0.78010 0.21026 0.00964 ( 1)  0.566  0.010
  31 -   0.78010 0.21026 0.00964 ( 1)  0.566  0.010
  32 -   0.78010 0.21026 0.00964 ( 1)  0.566  0.010
  33 -   0.78010 0.21026 0.00964 ( 1)  0.566  0.010
  34 -   0.78010 0.21026 0.00964 ( 1)  0.566  0.010
  35 -   0.78010 0.21026 0.00964 ( 1)  0.566  0.010
  36 -   0.78010 0.21026 0.00964 ( 1)  0.566  0.010
  37 -   0.78010 0.21026 0.00964 ( 1)  0.566  0.010
  38 -   0.78010 0.21026 0.00964 ( 1)  0.566  0.010
  39 -   0.78010 0.21026 0.00964 ( 1)  0.566  0.010
  40 -   0.78010 0.21026 0.00964 ( 1)  0.566  0.010
  41 -   0.78010 0.21026 0.00964 ( 1)  0.566  0.010
  42 -   0.78010 0.21026 0.00964 ( 1)  0.566  0.010
  43 -   0.78010 0.21026 0.00964 ( 1)  0.566  0.010
  44 -   0.78010 0.21026 0.00964 ( 1)  0.566  0.010
  45 -   0.78010 0.21026 0.00964 ( 1)  0.566  0.010
  46 -   0.78010 0.21026 0.00964 ( 1)  0.566  0.010
  47 -   0.78010 0.21026 0.00964 ( 1)  0.566  0.010
  48 -   0.78010 0.21026 0.00964 ( 1)  0.566  0.010
  49 -   0.78010 0.21026 0.00964 ( 1)  0.566  0.010
  50 -   0.78010 0.21026 0.00964 ( 1)  0.566  0.010
  51 -   0.78010 0.21026 0.00964 ( 1)  0.566  0.010
  52 -   0.78010 0.21026 0.00964 ( 1)  0.566  0.010
  53 -   0.78010 0.21026 0.00964 ( 1)  0.566  0.010
  54 -   0.78010 0.21026 0.00964 ( 1)  0.566  0.010
  55 -   0.78010 0.21026 0.00964 ( 1)  0.566  0.010
  56 -   0.78010 0.21026 0.00964 ( 1)  0.566  0.010
  57 -   0.78010 0.21026 0.00964 ( 1)  0.566  0.010
  58 -   0.78010 0.21026 0.00964 ( 1)  0.566  0.010
  59 -   0.78010 0.21026 0.00964 ( 1)  0.566  0.010
  60 -   0.78010 0.21026 0.00964 ( 1)  0.566  0.010
  61 -   0.78010 0.21026 0.00964 ( 1)  0.566  0.010
  62 -   0.78010 0.21026 0.00964 ( 1)  0.566  0.010
  63 -   0.78010 0.21026 0.00964 ( 1)  0.566  0.010
  64 -   0.78010 0.21026 0.00964 ( 1)  0.566  0.010
  65 -   0.78010 0.21026 0.00964 ( 1)  0.566  0.010
  66 -   0.78010 0.21026 0.00964 ( 1)  0.566  0.010
  67 -   0.78010 0.21026 0.00964 ( 1)  0.566  0.010
  68 -   0.78010 0.21026 0.00964 ( 1)  0.566  0.010
  69 -   0.78010 0.21026 0.00964 ( 1)  0.566  0.010
  70 -   0.78010 0.21026 0.00964 ( 1)  0.566  0.010
  71 -   0.78010 0.21026 0.00964 ( 1)  0.566  0.010
  72 -   0.78010 0.21026 0.00964 ( 1)  0.566  0.010
  73 -   0.78010 0.21026 0.00964 ( 1)  0.566  0.010
  74 -   0.78010 0.21026 0.00964 ( 1)  0.566  0.010
  75 -   0.78010 0.21026 0.00964 ( 1)  0.566  0.010
  76 -   0.78010 0.21026 0.00964 ( 1)  0.566  0.010
  77 -   0.78010 0.21026 0.00964 ( 1)  0.566  0.010
  78 -   0.78010 0.21026 0.00964 ( 1)  0.566  0.010
  79 -   0.78010 0.21026 0.00964 ( 1)  0.566  0.010
  80 -   0.78010 0.21026 0.00964 ( 1)  0.566  0.010
  81 -   0.78010 0.21026 0.00964 ( 1)  0.566  0.010
  82 -   0.78010 0.21026 0.00964 ( 1)  0.566  0.010
  83 -   0.78010 0.21026 0.00964 ( 1)  0.566  0.010
  84 -   0.78010 0.21026 0.00964 ( 1)  0.566  0.010
  85 -   0.78010 0.21026 0.00964 ( 1)  0.566  0.010
  86 -   0.78010 0.21026 0.00964 ( 1)  0.566  0.010
  87 -   0.78010 0.21026 0.00964 ( 1)  0.566  0.010
  88 -   0.78010 0.21026 0.00964 ( 1)  0.566  0.010
  89 -   0.78010 0.21026 0.00964 ( 1)  0.566  0.010
  90 -   0.78010 0.21026 0.00964 ( 1)  0.566  0.010
  91 -   0.78010 0.21026 0.00964 ( 1)  0.566  0.010
  92 -   0.78010 0.21026 0.00964 ( 1)  0.566  0.010
  93 -   0.78010 0.21026 0.00964 ( 1)  0.566  0.010
  94 -   0.78010 0.21026 0.00964 ( 1)  0.566  0.010
  95 -   0.78010 0.21026 0.00964 ( 1)  0.566  0.010
  96 -   0.78010 0.21026 0.00964 ( 1)  0.566  0.010
  97 -   0.78010 0.21026 0.00964 ( 1)  0.566  0.010
  98 -   0.78010 0.21026 0.00964 ( 1)  0.566  0.010
  99 -   0.78010 0.21026 0.00964 ( 1)  0.566  0.010
 100 -   0.78010 0.21026 0.00964 ( 1)  0.566  0.010
 101 -   0.78010 0.21026 0.00964 ( 1)  0.566  0.010
 102 -   0.78010 0.21026 0.00964 ( 1)  0.566  0.010
 103 -   0.78010 0.21026 0.00964 ( 1)  0.566  0.010
 104 -   0.78010 0.21026 0.00964 ( 1)  0.566  0.010
 105 -   0.78010 0.21026 0.00964 ( 1)  0.566  0.010
 106 -   0.78010 0.21026 0.00964 ( 1)  0.566  0.010
 107 -   0.78010 0.21026 0.00964 ( 1)  0.566  0.010
 108 -   0.78010 0.21026 0.00964 ( 1)  0.566  0.010
 109 -   0.78010 0.21026 0.00964 ( 1)  0.566  0.010
 110 -   0.78010 0.21026 0.00964 ( 1)  0.566  0.010
 111 -   0.78010 0.21026 0.00964 ( 1)  0.566  0.010
 112 -   0.78010 0.21026 0.00964 ( 1)  0.566  0.010
 113 -   0.78010 0.21026 0.00964 ( 1)  0.566  0.010
 114 -   0.78010 0.21026 0.00964 ( 1)  0.566  0.010
 115 -   0.78010 0.21026 0.00964 ( 1)  0.566  0.010
 116 -   0.78010 0.21026 0.00964 ( 1)  0.566  0.010
 117 -   0.78010 0.21026 0.00964 ( 1)  0.566  0.010
 118 -   0.78010 0.21026 0.00964 ( 1)  0.566  0.010
 119 -   0.78010 0.21026 0.00964 ( 1)  0.566  0.010
 120 -   0.78010 0.21026 0.00964 ( 1)  0.566  0.010
 121 -   0.78010 0.21026 0.00964 ( 1)  0.566  0.010
 122 -   0.78010 0.21026 0.00964 ( 1)  0.566  0.010
 123 -   0.78010 0.21026 0.00964 ( 1)  0.566  0.010
 124 -   0.78010 0.21026 0.00964 ( 1)  0.566  0.010
 125 -   0.78010 0.21026 0.00964 ( 1)  0.566  0.010
 126 -   0.78010 0.21026 0.00964 ( 1)  0.566  0.010
 127 -   0.78010 0.21026 0.00964 ( 1)  0.566  0.010
 128 -   0.78010 0.21026 0.00964 ( 1)  0.566  0.010
 129 -   0.78010 0.21026 0.00964 ( 1)  0.566  0.010
 130 -   0.78010 0.21026 0.00964 ( 1)  0.566  0.010
 131 -   0.78010 0.21026 0.00964 ( 1)  0.566  0.010
 132 -   0.78010 0.21026 0.00964 ( 1)  0.566  0.010
 133 -   0.78010 0.21026 0.00964 ( 1)  0.566  0.010
 134 -   0.78010 0.21026 0.00964 ( 1)  0.566  0.010
 135 -   0.78010 0.21026 0.00964 ( 1)  0.566  0.010
 136 -   0.78010 0.21026 0.00964 ( 1)  0.566  0.010
 137 -   0.78010 0.21026 0.00964 ( 1)  0.566  0.010
 138 -   0.78010 0.21026 0.00964 ( 1)  0.566  0.010
 139 -   0.78010 0.21026 0.00964 ( 1)  0.566  0.010
 140 -   0.78010 0.21026 0.00964 ( 1)  0.566  0.010
 141 -   0.78010 0.21026 0.00964 ( 1)  0.566  0.010
 142 -   0.78010 0.21026 0.00964 ( 1)  0.566  0.010
 143 -   0.78010 0.21026 0.00964 ( 1)  0.566  0.010
 144 -   0.78010 0.21026 0.00964 ( 1)  0.566  0.010
 145 -   0.78010 0.21026 0.00964 ( 1)  0.566  0.010
 146 -   0.78010 0.21026 0.00964 ( 1)  0.566  0.010
 147 -   0.78010 0.21026 0.00964 ( 1)  0.566  0.010
 148 -   0.78010 0.21026 0.00964 ( 1)  0.566  0.010
 149 -   0.78010 0.21026 0.00964 ( 1)  0.566  0.010
 150 -   0.78010 0.21026 0.00964 ( 1)  0.566  0.010
 151 -   0.78010 0.21026 0.00964 ( 1)  0.566  0.010
 152 -   0.78010 0.21026 0.00964 ( 1)  0.566  0.010
 153 -   0.78010 0.21026 0.00964 ( 1)  0.566  0.010
 154 -   0.78010 0.21026 0.00964 ( 1)  0.566  0.010
 155 -   0.78010 0.21026 0.00964 ( 1)  0.566  0.010
 156 -   0.78010 0.21026 0.00964 ( 1)  0.566  0.010
 157 -   0.78010 0.21026 0.00964 ( 1)  0.566  0.010
 158 -   0.78010 0.21026 0.00964 ( 1)  0.566  0.010
 159 -   0.78010 0.21026 0.00964 ( 1)  0.566  0.010
 160 -   0.78010 0.21026 0.00964 ( 1)  0.566  0.010
 161 -   0.78010 0.21026 0.00964 ( 1)  0.566  0.010
 162 -   0.78010 0.21026 0.00964 ( 1)  0.566  0.010
 163 -   0.78010 0.21026 0.00964 ( 1)  0.566  0.010
 164 -   0.78010 0.21026 0.00964 ( 1)  0.566  0.010
 165 -   0.78010 0.21026 0.00964 ( 1)  0.566  0.010
 166 -   0.78010 0.21026 0.00964 ( 1)  0.566  0.010
 167 -   0.78010 0.21026 0.00964 ( 1)  0.566  0.010
 168 -   0.78010 0.21026 0.00964 ( 1)  0.566  0.010
 169 -   0.78010 0.21026 0.00964 ( 1)  0.566  0.010
 170 -   0.78010 0.21026 0.00964 ( 1)  0.566  0.010
 171 -   0.78010 0.21026 0.00964 ( 1)  0.566  0.010
 172 -   0.78010 0.21026 0.00964 ( 1)  0.566  0.010
 173 -   0.78010 0.21026 0.00964 ( 1)  0.566  0.010
 174 -   0.78010 0.21026 0.00964 ( 1)  0.566  0.010
 175 -   0.78010 0.21026 0.00964 ( 1)  0.566  0.010
 176 -   0.78010 0.21026 0.00964 ( 1)  0.566  0.010
 177 -   0.78010 0.21026 0.00964 ( 1)  0.566  0.010
 178 -   0.78010 0.21026 0.00964 ( 1)  0.566  0.010
 179 -   0.78010 0.21026 0.00964 ( 1)  0.566  0.010
 180 -   0.78010 0.21026 0.00964 ( 1)  0.566  0.010
 181 -   0.78010 0.21026 0.00964 ( 1)  0.566  0.010
 182 M   0.89211 0.10788 0.00001 ( 1)  0.433  0.000
 183 D   0.86216 0.13776 0.00008 ( 1)  0.453  0.000
 184 V   0.88476 0.11522 0.00002 ( 1)  0.438  0.000
 185 G   0.85252 0.14729 0.00019 ( 1)  0.460  0.000
 186 F   0.46896 0.52276 0.00829 ( 2)  0.755  0.008
 187 L   0.66663 0.33024 0.00313 ( 1)  0.597  0.003
 188 G   0.71495 0.28447 0.00059 ( 1)  0.550  0.001
 189 L   0.86203 0.13782 0.00016 ( 1)  0.453  0.000
 190 P   0.63426 0.35340 0.01234 ( 1)  0.676  0.012
 191 D   0.86544 0.13447 0.00009 ( 1)  0.451  0.000
 192 V   0.72302 0.27658 0.00041 ( 1)  0.543  0.000
 193 S   0.85466 0.14521 0.00013 ( 1)  0.458  0.000
 194 Q   0.87211 0.12785 0.00005 ( 1)  0.446  0.000
 195 S   0.68755 0.31110 0.00135 ( 1)  0.572  0.001
 196 H   0.68860 0.31009 0.00131 ( 1)  0.571  0.001
 197 S   0.71970 0.27989 0.00041 ( 1)  0.545  0.000
 198 R   0.71444 0.28496 0.00060 ( 1)  0.550  0.001
 199 T   0.87517 0.12479 0.00004 ( 1)  0.444  0.000
 200 L   0.84527 0.15451 0.00022 ( 1)  0.464  0.000
 201 W   0.70316 0.29595 0.00089 ( 1)  0.559  0.001
 202 G   0.87905 0.12090 0.00004 ( 1)  0.442  0.000
 203 T   0.66977 0.32637 0.00386 ( 1)  0.599  0.004
 204 R   0.87186 0.12807 0.00008 ( 1)  0.447  0.000
 205 G   0.87024 0.12970 0.00007 ( 1)  0.448  0.000
 206 R   0.87906 0.12091 0.00003 ( 1)  0.442  0.000
 207 G   0.86877 0.13115 0.00008 ( 1)  0.449  0.000
 208 P   0.86856 0.13136 0.00007 ( 1)  0.449  0.000
 209 T   0.47414 0.51733 0.00852 ( 2)  0.754  0.009
 210 I   0.70040 0.29878 0.00081 ( 1)  0.560  0.001
 211 R   0.85077 0.14902 0.00021 ( 1)  0.461  0.000
 212 R   0.86856 0.13127 0.00017 ( 1)  0.449  0.000
 213 Q   0.87211 0.12785 0.00005 ( 1)  0.446  0.000
 214 R   0.87006 0.12985 0.00009 ( 1)  0.448  0.000
 215 E   0.88536 0.11462 0.00002 ( 1)  0.438  0.000
 216 F   0.87155 0.12841 0.00004 ( 1)  0.447  0.000
 217 M   0.75019 0.24964 0.00017 ( 1)  0.525  0.000
 218 P   0.84566 0.15392 0.00042 ( 1)  0.465  0.000
 219 E   0.84253 0.15720 0.00027 ( 1)  0.467  0.000
 220 E   0.73213 0.26738 0.00048 ( 1)  0.538  0.000
 221 K   0.87699 0.12298 0.00003 ( 1)  0.443  0.000
 222 K   0.87699 0.12298 0.00003 ( 1)  0.443  0.000
 223 D   0.87927 0.12070 0.00003 ( 1)  0.442  0.000
 224 T   0.84892 0.15074 0.00034 ( 1)  0.463  0.000
 225 V   0.85680 0.14307 0.00013 ( 1)  0.457  0.000
 226 Y   0.86229 0.13764 0.00007 ( 1)  0.453  0.000
 227 W   0.86747 0.13248 0.00005 ( 1)  0.449  0.000
 228 E   0.88536 0.11462 0.00002 ( 1)  0.438  0.000
 229 K   0.87699 0.12298 0.00003 ( 1)  0.443  0.000
 230 R   0.87186 0.12807 0.00008 ( 1)  0.447  0.000
 231 R   0.87103 0.12890 0.00006 ( 1)  0.447  0.000
 232 K   0.87699 0.12298 0.00003 ( 1)  0.443  0.000
 233 N   0.87128 0.12869 0.00004 ( 1)  0.447  0.000
 234 N   0.85448 0.14541 0.00011 ( 1)  0.458  0.000
 235 E   0.88216 0.11781 0.00003 ( 1)  0.440  0.000
 236 A   0.84737 0.15226 0.00038 ( 1)  0.464  0.000
 237 A   0.87392 0.12602 0.00007 ( 1)  0.445  0.000
 238 K   0.72098 0.27856 0.00046 ( 1)  0.545  0.000
 239 R   0.83571 0.16387 0.00042 ( 1)  0.472  0.000
 240 S   0.87318 0.12678 0.00004 ( 1)  0.446  0.000
 241 R   0.85914 0.14055 0.00031 ( 1)  0.456  0.000
 242 E   0.84253 0.15720 0.00027 ( 1)  0.467  0.000
 243 K   0.87699 0.12298 0.00003 ( 1)  0.443  0.000
 244 R   0.83183 0.16729 0.00088 ( 1)  0.477  0.001
 245 R   0.85077 0.14902 0.00021 ( 1)  0.461  0.000
 246 R   0.71098 0.28786 0.00116 ( 1)  0.556  0.001
 247 N   0.85876 0.14112 0.00011 ( 1)  0.455  0.000
 248 D   0.86216 0.13776 0.00008 ( 1)  0.453  0.000
 249 A   0.84737 0.15226 0.00038 ( 1)  0.464  0.000
 250 A   0.87392 0.12602 0.00007 ( 1)  0.445  0.000
 251 I   0.68519 0.31321 0.00160 ( 1)  0.575  0.002
 252 E   0.88536 0.11462 0.00002 ( 1)  0.438  0.000
 253 G   0.71495 0.28447 0.00059 ( 1)  0.550  0.001
 254 R   0.87906 0.12091 0.00003 ( 1)  0.442  0.000
 255 L   0.86234 0.13754 0.00013 ( 1)  0.453  0.000
 256 A   0.86012 0.13974 0.00015 ( 1)  0.455  0.000
 257 A   0.83577 0.16371 0.00052 ( 1)  0.472  0.001
 258 L   0.86682 0.13310 0.00008 ( 1)  0.450  0.000
 259 M   0.74777 0.25204 0.00019 ( 1)  0.526  0.000
 260 E   0.88536 0.11462 0.00002 ( 1)  0.438  0.000
 261 E   0.88536 0.11462 0.00002 ( 1)  0.438  0.000
 262 N   0.85869 0.14119 0.00012 ( 1)  0.455  0.000
 263 A   0.71888 0.28056 0.00056 ( 1)  0.547  0.001
 264 L   0.86682 0.13310 0.00008 ( 1)  0.450  0.000
 265 L   0.87390 0.12606 0.00005 ( 1)  0.445  0.000
 266 R   0.72379 0.27562 0.00060 ( 1)  0.544  0.001
 267 D   0.40072 0.55251 0.04677 ( 2)  1.046  0.047
 268 E   0.88536 0.11462 0.00002 ( 1)  0.438  0.000
 269 L   0.86682 0.13310 0.00008 ( 1)  0.450  0.000
 270 R   0.61640 0.36801 0.01559 ( 1)  0.708  0.016
 271 A   0.88289 0.11707 0.00004 ( 1)  0.439  0.000
 272 L   0.87390 0.12606 0.00005 ( 1)  0.445  0.000
 273 K   0.87699 0.12298 0.00003 ( 1)  0.443  0.000
 274 L   0.85545 0.14440 0.00014 ( 1)  0.458  0.000
 275 R   0.71143 0.28790 0.00067 ( 1)  0.552  0.001
 276 F   0.85456 0.14533 0.00011 ( 1)  0.458  0.000
 277 G   0.87024 0.12970 0.00007 ( 1)  0.448  0.000
 278 L   0.47557 0.51665 0.00778 ( 2)  0.748  0.008
 279 L   0.86682 0.13310 0.00008 ( 1)  0.450  0.000
 280 P   0.62931 0.36624 0.00445 ( 1)  0.629  0.004
 281 L   0.70858 0.29055 0.00087 ( 1)  0.556  0.001
 282 T   0.86252 0.13732 0.00016 ( 1)  0.453  0.000
 283 G   0.85252 0.14729 0.00019 ( 1)  0.460  0.000
 284 G   0.87713 0.12277 0.00010 ( 1)  0.443  0.000
 285 P   0.87166 0.12826 0.00008 ( 1)  0.447  0.000
 286 Q   0.45036 0.52348 0.02616 ( 2)  0.882  0.026
 287 A   0.87074 0.12920 0.00006 ( 1)  0.447  0.000
 288 L   0.66430 0.33230 0.00340 ( 1)  0.600  0.003
 289 P   0.87166 0.12826 0.00008 ( 1)  0.447  0.000
 290 L   0.86682 0.13310 0.00008 ( 1)  0.450  0.000
 291 Q   0.87211 0.12785 0.00005 ( 1)  0.446  0.000
 292 A   0.70795 0.29129 0.00076 ( 1)  0.555  0.001
 293 L   0.70272 0.29597 0.00130 ( 1)  0.562  0.001
 294 L   0.82565 0.17350 0.00085 ( 1)  0.481  0.001
 295 W   0.70078 0.29822 0.00100 ( 1)  0.561  0.001
 296 E   0.84253 0.15720 0.00027 ( 1)  0.467  0.000
 297 A   0.69158 0.30696 0.00146 ( 1)  0.570  0.001
 298 P   0.87166 0.12826 0.00008 ( 1)  0.447  0.000
 299 W   0.86747 0.13248 0.00005 ( 1)  0.449  0.000
 300 T   0.85731 0.14257 0.00012 ( 1)  0.456  0.000
 301 G   0.87851 0.12145 0.00005 ( 1)  0.442  0.000
 302 D   0.87927 0.12070 0.00003 ( 1)  0.442  0.000
 303 H   0.45401 0.52170 0.02428 ( 2)  0.867  0.024
 304 H   0.42213 0.52137 0.05650 ( 2)  1.094  0.056
 305 P   0.85386 0.14594 0.00020 ( 1)  0.459  0.000
 306 A   0.72083 0.27816 0.00101 ( 1)  0.549  0.001
 307 A   0.85579 0.14404 0.00018 ( 1)  0.458  0.000
 308 E   0.84253 0.15720 0.00027 ( 1)  0.467  0.000
 309 A   0.64462 0.34727 0.00811 ( 1)  0.643  0.008
 310 L   0.86849 0.13142 0.00009 ( 1)  0.449  0.000
 311 S   0.84227 0.15730 0.00044 ( 1)  0.468  0.000
 312 S   0.47683 0.51813 0.00504 ( 2)  0.729  0.005
 313 L   0.84527 0.15451 0.00022 ( 1)  0.464  0.000
 314 S   0.85466 0.14521 0.00013 ( 1)  0.458  0.000
 315 G   0.69032 0.30810 0.00158 ( 1)  0.572  0.002
 316 S   0.69538 0.30284 0.00178 ( 1)  0.570  0.002
 317 H   0.87785 0.12212 0.00003 ( 1)  0.443  0.000
 318 S   0.44248 0.53477 0.02276 ( 2)  0.865  0.023
 319 C   0.87192 0.12804 0.00004 ( 1)  0.446  0.000
 320 L   0.70904 0.29023 0.00073 ( 1)  0.554  0.001
 321 L   0.81493 0.18357 0.00150 ( 1)  0.492  0.002
 322 R   0.87906 0.12091 0.00003 ( 1)  0.442  0.000
 323 P   0.83427 0.16515 0.00059 ( 1)  0.474  0.001
 324 C   0.15980 0.57634 0.26386 ( 2)  2.591  0.264
 325 S   0.87318 0.12678 0.00004 ( 1)  0.446  0.000
 326 L   0.85917 0.14069 0.00014 ( 1)  0.455  0.000
 327 D   0.86216 0.13776 0.00008 ( 1)  0.453  0.000
 328 A   0.85579 0.14404 0.00018 ( 1)  0.458  0.000
 329 G   0.87905 0.12090 0.00004 ( 1)  0.442  0.000
 330 V   0.40226 0.55180 0.04594 ( 2)  1.039  0.046
 331 P   0.64211 0.35046 0.00743 ( 1)  0.640  0.007
 332 G   0.83082 0.16852 0.00066 ( 1)  0.477  0.001
 333 C   0.85837 0.14150 0.00012 ( 1)  0.456  0.000
 334 R   0.70702 0.29145 0.00152 ( 1)  0.561  0.002
 335 G   0.71395 0.28545 0.00060 ( 1)  0.550  0.001
 336 C   0.86798 0.13196 0.00005 ( 1)  0.449  0.000
 337 L   0.86682 0.13310 0.00008 ( 1)  0.450  0.000
 338 L   0.86682 0.13310 0.00008 ( 1)  0.450  0.000
 339 A   0.85611 0.14372 0.00017 ( 1)  0.457  0.000
 340 P   0.87166 0.12826 0.00008 ( 1)  0.447  0.000
 341 R   0.84553 0.15411 0.00036 ( 1)  0.465  0.000
 342 W   0.86747 0.13248 0.00005 ( 1)  0.449  0.000
 343 T   0.85686 0.14302 0.00012 ( 1)  0.457  0.000
 344 G   0.70902 0.28984 0.00114 ( 1)  0.557  0.001
 345 L   0.84376 0.15552 0.00072 ( 1)  0.469  0.001
 346 A   0.87074 0.12920 0.00006 ( 1)  0.447  0.000
 347 T   0.44028 0.54181 0.01791 ( 2)  0.835  0.018
 348 S   0.85863 0.14124 0.00013 ( 1)  0.455  0.000
 349 -   0.84501 0.15448 0.00050 ( 1)  0.466  0.001
 350 R   0.72529 0.27420 0.00051 ( 1)  0.543  0.001
 351 S   0.87318 0.12678 0.00004 ( 1)  0.446  0.000
 352 S   0.69666 0.30171 0.00164 ( 1)  0.568  0.002
 353 P   0.53302 0.42900 0.03797 ( 1)  0.905  0.038
 354 E   0.73201 0.26766 0.00033 ( 1)  0.537  0.000
 355 S   0.68070 0.31740 0.00190 ( 1)  0.580  0.002
 356 A   0.83577 0.16371 0.00052 ( 1)  0.472  0.001
 357 S   0.40670 0.54447 0.04883 ( 2)  1.055  0.049
 358 P   0.85386 0.14594 0.00020 ( 1)  0.459  0.000
 359 T   0.48217 0.51341 0.00442 ( 2)  0.722  0.004
 360 L   0.71569 0.28374 0.00057 ( 1)  0.549  0.001
 361 N   0.87128 0.12869 0.00004 ( 1)  0.447  0.000
 362 R   0.83571 0.16387 0.00042 ( 1)  0.472  0.000
 363 I   0.85630 0.14359 0.00010 ( 1)  0.457  0.000
 364 D   0.87927 0.12070 0.00003 ( 1)  0.442  0.000
 365 M   0.89211 0.10788 0.00001 ( 1)  0.433  0.000
 366 A   0.71281 0.28593 0.00126 ( 1)  0.555  0.001
 367 L   0.84527 0.15451 0.00022 ( 1)  0.464  0.000
 368 Q   0.47221 0.51790 0.00989 ( 2)  0.764  0.010
 369 T   0.68160 0.31605 0.00234 ( 1)  0.582  0.002
 370 A   0.71405 0.28474 0.00121 ( 1)  0.554  0.001
 371 L   0.87159 0.12834 0.00007 ( 1)  0.447  0.000
 372 P   0.83427 0.16515 0.00059 ( 1)  0.474  0.001
 373 P   0.67516 0.32180 0.00304 ( 1)  0.591  0.003
 374 A   0.71888 0.28056 0.00056 ( 1)  0.547  0.001
 375 L   0.87390 0.12606 0.00005 ( 1)  0.445  0.000
 376 F   0.87155 0.12841 0.00004 ( 1)  0.447  0.000
 377 S   0.87698 0.12299 0.00003 ( 1)  0.443  0.000
 378 C   0.67728 0.32079 0.00194 ( 1)  0.582  0.002
 379 H   0.87785 0.12212 0.00003 ( 1)  0.443  0.000
 380 L   0.71422 0.28486 0.00092 ( 1)  0.552  0.001
 381 L   0.84527 0.15451 0.00022 ( 1)  0.464  0.000
 382 D   0.69706 0.30177 0.00117 ( 1)  0.565  0.001
 383 G   0.72861 0.27103 0.00036 ( 1)  0.540  0.000
 384 H   0.69120 0.30726 0.00154 ( 1)  0.571  0.002
 385 V   0.84913 0.15052 0.00035 ( 1)  0.463  0.000
 386 G   0.72511 0.27415 0.00074 ( 1)  0.544  0.001
 387 S   0.71331 0.28610 0.00060 ( 1)  0.551  0.001
 388 R   0.83571 0.16387 0.00042 ( 1)  0.472  0.000
 389 R   0.62552 0.35440 0.02008 ( 1)  0.731  0.020
 390 E   0.88536 0.11462 0.00002 ( 1)  0.438  0.000
 391 L   0.87390 0.12606 0.00005 ( 1)  0.445  0.000
 392 R   0.84553 0.15411 0.00036 ( 1)  0.465  0.000
 393 P   0.87166 0.12826 0.00008 ( 1)  0.447  0.000
 394 C   0.71056 0.28869 0.00075 ( 1)  0.553  0.001
 395 W   0.69359 0.30511 0.00130 ( 1)  0.568  0.001
 396 G   0.87905 0.12090 0.00004 ( 1)  0.442  0.000
 397 L   0.86682 0.13310 0.00008 ( 1)  0.450  0.000
 398 W   0.86747 0.13248 0.00005 ( 1)  0.449  0.000
 399 S   0.83040 0.16898 0.00062 ( 1)  0.477  0.001
 400 P   0.84389 0.15568 0.00044 ( 1)  0.467  0.000
 401 M   0.74902 0.25078 0.00020 ( 1)  0.525  0.000
 402 P   0.71525 0.28411 0.00064 ( 1)  0.550  0.001
 403 S   0.68999 0.30853 0.00148 ( 1)  0.571  0.001
 404 G   0.09409 0.39159 0.51432 ( 3)  4.240  0.514
 405 C   0.87214 0.12782 0.00004 ( 1)  0.446  0.000
 406 R   0.69807 0.30077 0.00116 ( 1)  0.564  0.001
 407 A   0.86012 0.13974 0.00015 ( 1)  0.455  0.000
 408 S   0.83277 0.16670 0.00053 ( 1)  0.474  0.001
 409 G   0.87905 0.12090 0.00004 ( 1)  0.442  0.000
 410 P   0.84389 0.15568 0.00044 ( 1)  0.467  0.000
 411 S   0.83919 0.16025 0.00056 ( 1)  0.471  0.001
 412 D   0.69093 0.30788 0.00119 ( 1)  0.569  0.001
 413 V   0.73647 0.26311 0.00042 ( 1)  0.535  0.000
 414 L   0.84527 0.15451 0.00022 ( 1)  0.464  0.000
 415 L   0.86682 0.13310 0.00008 ( 1)  0.450  0.000
 416 T   0.84094 0.15876 0.00030 ( 1)  0.468  0.000
 417 P   0.71007 0.28854 0.00140 ( 1)  0.558  0.001
 418 T   0.85645 0.14342 0.00013 ( 1)  0.457  0.000
 419 V   0.66992 0.32623 0.00385 ( 1)  0.599  0.004
 420 D   0.86544 0.13447 0.00009 ( 1)  0.451  0.000
 421 P   0.87166 0.12826 0.00008 ( 1)  0.447  0.000
 422 M   0.89211 0.10788 0.00001 ( 1)  0.433  0.000
 423 G   0.85847 0.14120 0.00033 ( 1)  0.457  0.000
 424 L   0.86682 0.13310 0.00008 ( 1)  0.450  0.000
 425 S   0.68070 0.31740 0.00190 ( 1)  0.580  0.002
 426 H   0.68261 0.31405 0.00334 ( 1)  0.588  0.003
 427 G   0.72787 0.27175 0.00038 ( 1)  0.540  0.000
 428 V   0.87979 0.12017 0.00004 ( 1)  0.441  0.000
 429 T   0.87488 0.12507 0.00004 ( 1)  0.445  0.000
 430 C   0.87214 0.12782 0.00004 ( 1)  0.446  0.000
 431 P   0.67873 0.31902 0.00225 ( 1)  0.583  0.002
 432 V   0.70899 0.28976 0.00125 ( 1)  0.558  0.001
 433 P   0.83427 0.16515 0.00059 ( 1)  0.474  0.001
 434 G   0.86923 0.13068 0.00009 ( 1)  0.448  0.000
 435 N   0.86713 0.13282 0.00005 ( 1)  0.450  0.000
 436 S   0.85985 0.14006 0.00009 ( 1)  0.454  0.000
 437 P   0.67864 0.31796 0.00339 ( 1)  0.591  0.003
 438 E   0.88536 0.11462 0.00002 ( 1)  0.438  0.000
 439 D   0.40630 0.54866 0.04504 ( 2)  1.031  0.045
 440 L   0.86682 0.13310 0.00008 ( 1)  0.450  0.000
 441 G   0.40833 0.55520 0.03647 ( 2)  0.975  0.036
 442 Q   0.87211 0.12785 0.00005 ( 1)  0.446  0.000
 443 P   0.87166 0.12826 0.00008 ( 1)  0.447  0.000
 444 S   0.85466 0.14521 0.00013 ( 1)  0.458  0.000
 445 L   0.86682 0.13310 0.00008 ( 1)  0.450  0.000
 446 P   0.87166 0.12826 0.00008 ( 1)  0.447  0.000
 447 H   0.87785 0.12212 0.00003 ( 1)  0.443  0.000
 448 K   0.83524 0.16436 0.00040 ( 1)  0.472  0.000
 449 L   0.86575 0.13415 0.00010 ( 1)  0.451  0.000
 450 R   0.70469 0.29398 0.00134 ( 1)  0.561  0.001
 451 I   0.86966 0.13029 0.00005 ( 1)  0.448  0.000
 452 K   0.84804 0.15170 0.00027 ( 1)  0.463  0.000
 453 S   0.87318 0.12678 0.00004 ( 1)  0.446  0.000
 454 Q   0.59549 0.37754 0.02697 ( 1)  0.795  0.027
 455 A   0.87392 0.12602 0.00007 ( 1)  0.445  0.000
 456 F   0.68378 0.31260 0.00362 ( 1)  0.589  0.004
 457 S   0.43109 0.54922 0.01969 ( 2)  0.852  0.020
 458 R   0.86643 0.13350 0.00007 ( 1)  0.450  0.000
 459 V   0.81674 0.18191 0.00135 ( 1)  0.490  0.001
 460 P   0.82582 0.17341 0.00077 ( 1)  0.480  0.001
 461 Q   0.01043 0.07261 0.91696 ( 3)  6.876  0.917
 462 G   0.83289 0.16665 0.00046 ( 1)  0.474  0.000
 463 W   0.83421 0.16539 0.00040 ( 1)  0.473  0.000
 464 E   0.88536 0.11462 0.00002 ( 1)  0.438  0.000
 465 G   0.85252 0.14729 0.00019 ( 1)  0.460  0.000
 466 G   0.86300 0.13688 0.00012 ( 1)  0.453  0.000
 467 Q   0.71403 0.28545 0.00053 ( 1)  0.550  0.001
 468 A   0.18291 0.61912 0.19797 ( 2)  2.154  0.198
 469 P   0.68651 0.31155 0.00194 ( 1)  0.576  0.002
 470 S   0.18917 0.60637 0.20446 ( 2)  2.192  0.204

Positively selected sites

	Prob(w>1)  mean w

   404 G      0.514         4.240
   461 Q      0.917         6.876


lnL = -2349.266360

Bayes Empirical Bayes (BEB) probabilities for 3 classes (class) & postmean_w
(amino acids refer to 1st sequence: calJac_NFILZ_XM_035286919)

   1 -   0.77775 0.16732 0.05493 ( 1)  0.611 +-  0.763
   2 -   0.77775 0.16732 0.05493 ( 1)  0.611 +-  0.763
   3 -   0.77775 0.16732 0.05493 ( 1)  0.611 +-  0.763
   4 -   0.77775 0.16732 0.05493 ( 1)  0.611 +-  0.763
   5 -   0.77775 0.16732 0.05493 ( 1)  0.611 +-  0.763
   6 -   0.77775 0.16732 0.05493 ( 1)  0.611 +-  0.763
   7 -   0.77775 0.16732 0.05493 ( 1)  0.611 +-  0.763
   8 -   0.77775 0.16732 0.05493 ( 1)  0.611 +-  0.763
   9 -   0.77775 0.16732 0.05493 ( 1)  0.611 +-  0.763
  10 -   0.77775 0.16732 0.05493 ( 1)  0.611 +-  0.763
  11 -   0.77775 0.16732 0.05493 ( 1)  0.611 +-  0.763
  12 -   0.77775 0.16732 0.05493 ( 1)  0.611 +-  0.763
  13 -   0.77775 0.16732 0.05493 ( 1)  0.611 +-  0.763
  14 -   0.77775 0.16732 0.05493 ( 1)  0.611 +-  0.763
  15 -   0.77775 0.16732 0.05493 ( 1)  0.611 +-  0.763
  16 -   0.77775 0.16732 0.05493 ( 1)  0.611 +-  0.763
  17 -   0.77775 0.16732 0.05493 ( 1)  0.611 +-  0.763
  18 -   0.77775 0.16732 0.05493 ( 1)  0.611 +-  0.763
  19 -   0.77775 0.16732 0.05493 ( 1)  0.611 +-  0.763
  20 -   0.77775 0.16732 0.05493 ( 1)  0.611 +-  0.763
  21 -   0.77775 0.16732 0.05493 ( 1)  0.611 +-  0.763
  22 -   0.77775 0.16732 0.05493 ( 1)  0.611 +-  0.763
  23 -   0.77775 0.16732 0.05493 ( 1)  0.611 +-  0.763
  24 -   0.77775 0.16732 0.05493 ( 1)  0.611 +-  0.763
  25 -   0.77775 0.16732 0.05493 ( 1)  0.611 +-  0.763
  26 -   0.77775 0.16732 0.05493 ( 1)  0.611 +-  0.763
  27 -   0.77775 0.16732 0.05493 ( 1)  0.611 +-  0.763
  28 -   0.77775 0.16732 0.05493 ( 1)  0.611 +-  0.763
  29 -   0.77775 0.16732 0.05493 ( 1)  0.611 +-  0.763
  30 -   0.77775 0.16732 0.05493 ( 1)  0.611 +-  0.763
  31 -   0.77775 0.16732 0.05493 ( 1)  0.611 +-  0.763
  32 -   0.77775 0.16732 0.05493 ( 1)  0.611 +-  0.763
  33 -   0.77775 0.16732 0.05493 ( 1)  0.611 +-  0.763
  34 -   0.77775 0.16732 0.05493 ( 1)  0.611 +-  0.763
  35 -   0.77775 0.16732 0.05493 ( 1)  0.611 +-  0.763
  36 -   0.77775 0.16732 0.05493 ( 1)  0.611 +-  0.763
  37 -   0.77775 0.16732 0.05493 ( 1)  0.611 +-  0.763
  38 -   0.77775 0.16732 0.05493 ( 1)  0.611 +-  0.763
  39 -   0.77775 0.16732 0.05493 ( 1)  0.611 +-  0.763
  40 -   0.77775 0.16732 0.05493 ( 1)  0.611 +-  0.763
  41 -   0.77775 0.16732 0.05493 ( 1)  0.611 +-  0.763
  42 -   0.77775 0.16732 0.05493 ( 1)  0.611 +-  0.763
  43 -   0.77775 0.16732 0.05493 ( 1)  0.611 +-  0.763
  44 -   0.77775 0.16732 0.05493 ( 1)  0.611 +-  0.763
  45 -   0.77775 0.16732 0.05493 ( 1)  0.611 +-  0.763
  46 -   0.77775 0.16732 0.05493 ( 1)  0.611 +-  0.763
  47 -   0.77775 0.16732 0.05493 ( 1)  0.611 +-  0.763
  48 -   0.77775 0.16732 0.05493 ( 1)  0.611 +-  0.763
  49 -   0.77775 0.16732 0.05493 ( 1)  0.611 +-  0.763
  50 -   0.77775 0.16732 0.05493 ( 1)  0.611 +-  0.763
  51 -   0.77775 0.16732 0.05493 ( 1)  0.611 +-  0.763
  52 -   0.77775 0.16732 0.05493 ( 1)  0.611 +-  0.763
  53 -   0.77775 0.16732 0.05493 ( 1)  0.611 +-  0.763
  54 -   0.77775 0.16732 0.05493 ( 1)  0.611 +-  0.763
  55 -   0.77775 0.16732 0.05493 ( 1)  0.611 +-  0.763
  56 -   0.77775 0.16732 0.05493 ( 1)  0.611 +-  0.763
  57 -   0.77775 0.16732 0.05493 ( 1)  0.611 +-  0.763
  58 -   0.77775 0.16732 0.05493 ( 1)  0.611 +-  0.763
  59 -   0.77775 0.16732 0.05493 ( 1)  0.611 +-  0.763
  60 -   0.77775 0.16732 0.05493 ( 1)  0.611 +-  0.763
  61 -   0.77775 0.16732 0.05493 ( 1)  0.611 +-  0.763
  62 -   0.77775 0.16732 0.05493 ( 1)  0.611 +-  0.763
  63 -   0.77775 0.16732 0.05493 ( 1)  0.611 +-  0.763
  64 -   0.77775 0.16732 0.05493 ( 1)  0.611 +-  0.763
  65 -   0.77775 0.16732 0.05493 ( 1)  0.611 +-  0.763
  66 -   0.77775 0.16732 0.05493 ( 1)  0.611 +-  0.763
  67 -   0.77775 0.16732 0.05493 ( 1)  0.611 +-  0.763
  68 -   0.77775 0.16732 0.05493 ( 1)  0.611 +-  0.763
  69 -   0.77775 0.16732 0.05493 ( 1)  0.611 +-  0.763
  70 -   0.77775 0.16732 0.05493 ( 1)  0.611 +-  0.763
  71 -   0.77775 0.16732 0.05493 ( 1)  0.611 +-  0.763
  72 -   0.77775 0.16732 0.05493 ( 1)  0.611 +-  0.763
  73 -   0.77775 0.16732 0.05493 ( 1)  0.611 +-  0.763
  74 -   0.77775 0.16732 0.05493 ( 1)  0.611 +-  0.763
  75 -   0.77775 0.16732 0.05493 ( 1)  0.611 +-  0.763
  76 -   0.77775 0.16732 0.05493 ( 1)  0.611 +-  0.763
  77 -   0.77775 0.16732 0.05493 ( 1)  0.611 +-  0.763
  78 -   0.77775 0.16732 0.05493 ( 1)  0.611 +-  0.763
  79 -   0.77775 0.16732 0.05493 ( 1)  0.611 +-  0.763
  80 -   0.77775 0.16732 0.05493 ( 1)  0.611 +-  0.763
  81 -   0.77775 0.16732 0.05493 ( 1)  0.611 +-  0.763
  82 -   0.77775 0.16732 0.05493 ( 1)  0.611 +-  0.763
  83 -   0.77775 0.16732 0.05493 ( 1)  0.611 +-  0.763
  84 -   0.77775 0.16732 0.05493 ( 1)  0.611 +-  0.763
  85 -   0.77775 0.16732 0.05493 ( 1)  0.611 +-  0.763
  86 -   0.77775 0.16732 0.05493 ( 1)  0.611 +-  0.763
  87 -   0.77775 0.16732 0.05493 ( 1)  0.611 +-  0.763
  88 -   0.77775 0.16732 0.05493 ( 1)  0.611 +-  0.763
  89 -   0.77775 0.16732 0.05493 ( 1)  0.611 +-  0.763
  90 -   0.77775 0.16732 0.05493 ( 1)  0.611 +-  0.763
  91 -   0.77775 0.16732 0.05493 ( 1)  0.611 +-  0.763
  92 -   0.77775 0.16732 0.05493 ( 1)  0.611 +-  0.763
  93 -   0.77775 0.16732 0.05493 ( 1)  0.611 +-  0.763
  94 -   0.77775 0.16732 0.05493 ( 1)  0.611 +-  0.763
  95 -   0.77775 0.16732 0.05493 ( 1)  0.611 +-  0.763
  96 -   0.77775 0.16732 0.05493 ( 1)  0.611 +-  0.763
  97 -   0.77775 0.16732 0.05493 ( 1)  0.611 +-  0.763
  98 -   0.77775 0.16732 0.05493 ( 1)  0.611 +-  0.763
  99 -   0.77775 0.16732 0.05493 ( 1)  0.611 +-  0.763
 100 -   0.77775 0.16732 0.05493 ( 1)  0.611 +-  0.763
 101 -   0.77775 0.16732 0.05493 ( 1)  0.611 +-  0.763
 102 -   0.77775 0.16732 0.05493 ( 1)  0.611 +-  0.763
 103 -   0.77775 0.16732 0.05493 ( 1)  0.611 +-  0.763
 104 -   0.77775 0.16732 0.05493 ( 1)  0.611 +-  0.763
 105 -   0.77775 0.16732 0.05493 ( 1)  0.611 +-  0.763
 106 -   0.77775 0.16732 0.05493 ( 1)  0.611 +-  0.763
 107 -   0.77775 0.16732 0.05493 ( 1)  0.611 +-  0.763
 108 -   0.77775 0.16732 0.05493 ( 1)  0.611 +-  0.763
 109 -   0.77775 0.16732 0.05493 ( 1)  0.611 +-  0.763
 110 -   0.77775 0.16732 0.05493 ( 1)  0.611 +-  0.763
 111 -   0.77775 0.16732 0.05493 ( 1)  0.611 +-  0.763
 112 -   0.77775 0.16732 0.05493 ( 1)  0.611 +-  0.763
 113 -   0.77775 0.16732 0.05493 ( 1)  0.611 +-  0.763
 114 -   0.77775 0.16732 0.05493 ( 1)  0.611 +-  0.763
 115 -   0.77775 0.16732 0.05493 ( 1)  0.611 +-  0.763
 116 -   0.77775 0.16732 0.05493 ( 1)  0.611 +-  0.763
 117 -   0.77775 0.16732 0.05493 ( 1)  0.611 +-  0.763
 118 -   0.77775 0.16732 0.05493 ( 1)  0.611 +-  0.763
 119 -   0.77775 0.16732 0.05493 ( 1)  0.611 +-  0.763
 120 -   0.77775 0.16732 0.05493 ( 1)  0.611 +-  0.763
 121 -   0.77775 0.16732 0.05493 ( 1)  0.611 +-  0.763
 122 -   0.77775 0.16732 0.05493 ( 1)  0.611 +-  0.763
 123 -   0.77775 0.16732 0.05493 ( 1)  0.611 +-  0.763
 124 -   0.77775 0.16732 0.05493 ( 1)  0.611 +-  0.763
 125 -   0.77775 0.16732 0.05493 ( 1)  0.611 +-  0.763
 126 -   0.77775 0.16732 0.05493 ( 1)  0.611 +-  0.763
 127 -   0.77775 0.16732 0.05493 ( 1)  0.611 +-  0.763
 128 -   0.77775 0.16732 0.05493 ( 1)  0.611 +-  0.763
 129 -   0.77775 0.16732 0.05493 ( 1)  0.611 +-  0.763
 130 -   0.77775 0.16732 0.05493 ( 1)  0.611 +-  0.763
 131 -   0.77775 0.16732 0.05493 ( 1)  0.611 +-  0.763
 132 -   0.77775 0.16732 0.05493 ( 1)  0.611 +-  0.763
 133 -   0.77775 0.16732 0.05493 ( 1)  0.611 +-  0.763
 134 -   0.77775 0.16732 0.05493 ( 1)  0.611 +-  0.763
 135 -   0.77775 0.16732 0.05493 ( 1)  0.611 +-  0.763
 136 -   0.77775 0.16732 0.05493 ( 1)  0.611 +-  0.763
 137 -   0.77775 0.16732 0.05493 ( 1)  0.611 +-  0.763
 138 -   0.77775 0.16732 0.05493 ( 1)  0.611 +-  0.763
 139 -   0.77775 0.16732 0.05493 ( 1)  0.611 +-  0.763
 140 -   0.77775 0.16732 0.05493 ( 1)  0.611 +-  0.763
 141 -   0.77775 0.16732 0.05493 ( 1)  0.611 +-  0.763
 142 -   0.77775 0.16732 0.05493 ( 1)  0.611 +-  0.763
 143 -   0.77775 0.16732 0.05493 ( 1)  0.611 +-  0.763
 144 -   0.77775 0.16732 0.05493 ( 1)  0.611 +-  0.763
 145 -   0.77775 0.16732 0.05493 ( 1)  0.611 +-  0.763
 146 -   0.77775 0.16732 0.05493 ( 1)  0.611 +-  0.763
 147 -   0.77775 0.16732 0.05493 ( 1)  0.611 +-  0.763
 148 -   0.77775 0.16732 0.05493 ( 1)  0.611 +-  0.763
 149 -   0.77775 0.16732 0.05493 ( 1)  0.611 +-  0.763
 150 -   0.77775 0.16732 0.05493 ( 1)  0.611 +-  0.763
 151 -   0.77775 0.16732 0.05493 ( 1)  0.611 +-  0.763
 152 -   0.77775 0.16732 0.05493 ( 1)  0.611 +-  0.763
 153 -   0.77775 0.16732 0.05493 ( 1)  0.611 +-  0.763
 154 -   0.77775 0.16732 0.05493 ( 1)  0.611 +-  0.763
 155 -   0.77775 0.16732 0.05493 ( 1)  0.611 +-  0.763
 156 -   0.77775 0.16732 0.05493 ( 1)  0.611 +-  0.763
 157 -   0.77775 0.16732 0.05493 ( 1)  0.611 +-  0.763
 158 -   0.77775 0.16732 0.05493 ( 1)  0.611 +-  0.763
 159 -   0.77775 0.16732 0.05493 ( 1)  0.611 +-  0.763
 160 -   0.77775 0.16732 0.05493 ( 1)  0.611 +-  0.763
 161 -   0.77775 0.16732 0.05493 ( 1)  0.611 +-  0.763
 162 -   0.77775 0.16732 0.05493 ( 1)  0.611 +-  0.763
 163 -   0.77775 0.16732 0.05493 ( 1)  0.611 +-  0.763
 164 -   0.77775 0.16732 0.05493 ( 1)  0.611 +-  0.763
 165 -   0.77775 0.16732 0.05493 ( 1)  0.611 +-  0.763
 166 -   0.77775 0.16732 0.05493 ( 1)  0.611 +-  0.763
 167 -   0.77775 0.16732 0.05493 ( 1)  0.611 +-  0.763
 168 -   0.77775 0.16732 0.05493 ( 1)  0.611 +-  0.763
 169 -   0.77775 0.16732 0.05493 ( 1)  0.611 +-  0.763
 170 -   0.77775 0.16732 0.05493 ( 1)  0.611 +-  0.763
 171 -   0.77775 0.16732 0.05493 ( 1)  0.611 +-  0.763
 172 -   0.77775 0.16732 0.05493 ( 1)  0.611 +-  0.763
 173 -   0.77775 0.16732 0.05493 ( 1)  0.611 +-  0.763
 174 -   0.77775 0.16732 0.05493 ( 1)  0.611 +-  0.763
 175 -   0.77775 0.16732 0.05493 ( 1)  0.611 +-  0.763
 176 -   0.77775 0.16732 0.05493 ( 1)  0.611 +-  0.763
 177 -   0.77775 0.16732 0.05493 ( 1)  0.611 +-  0.763
 178 -   0.77775 0.16732 0.05493 ( 1)  0.611 +-  0.763
 179 -   0.77775 0.16732 0.05493 ( 1)  0.611 +-  0.763
 180 -   0.77775 0.16732 0.05493 ( 1)  0.611 +-  0.763
 181 -   0.77775 0.16732 0.05493 ( 1)  0.611 +-  0.763
 182 M   0.90501 0.08679 0.00821 ( 1)  0.421 +-  0.237
 183 D   0.87411 0.11159 0.01430 ( 1)  0.449 +-  0.290
 184 V   0.89748 0.09284 0.00968 ( 1)  0.428 +-  0.251
 185 G   0.86360 0.11930 0.01710 ( 1)  0.460 +-  0.317
 186 F   0.46116 0.37762 0.16122 ( 1)  0.974 +-  0.934
 187 L   0.65526 0.26737 0.07737 ( 1)  0.694 +-  0.658
 188 G   0.71134 0.23971 0.04895 ( 1)  0.602 +-  0.471
 189 L   0.87371 0.11152 0.01477 ( 1)  0.451 +-  0.299
 190 P   0.61407 0.27762 0.10832 ( 1)  0.809 +-  0.918
 191 D   0.87745 0.10882 0.01373 ( 1)  0.446 +-  0.287
 192 V   0.72031 0.23444 0.04524 ( 1)  0.590 +-  0.448
 193 S   0.86606 0.11767 0.01627 ( 1)  0.457 +-  0.307
 194 Q   0.88452 0.10339 0.01209 ( 1)  0.440 +-  0.271
 195 S   0.68060 0.25671 0.06269 ( 1)  0.646 +-  0.554
 196 H   0.68184 0.25611 0.06205 ( 1)  0.644 +-  0.550
 197 S   0.71683 0.23676 0.04642 ( 1)  0.594 +-  0.452
 198 R   0.71080 0.24004 0.04916 ( 1)  0.602 +-  0.472
 199 T   0.88768 0.10084 0.01148 ( 1)  0.437 +-  0.266
 200 L   0.85582 0.12520 0.01899 ( 1)  0.468 +-  0.331
 201 W   0.69818 0.24719 0.05463 ( 1)  0.620 +-  0.506
 202 G   0.89158 0.09753 0.01090 ( 1)  0.434 +-  0.262
 203 T   0.65797 0.26467 0.07736 ( 1)  0.696 +-  0.676
 204 R   0.88404 0.10344 0.01252 ( 1)  0.441 +-  0.277
 205 G   0.88245 0.10485 0.01270 ( 1)  0.442 +-  0.278
 206 R   0.89171 0.09762 0.01067 ( 1)  0.433 +-  0.259
 207 G   0.88090 0.10604 0.01306 ( 1)  0.443 +-  0.282
 208 P   0.88073 0.10625 0.01302 ( 1)  0.443 +-  0.280
 209 T   0.46673 0.37591 0.15736 ( 1)  0.963 +-  0.928
 210 I   0.69544 0.24916 0.05540 ( 1)  0.622 +-  0.506
 211 R   0.86169 0.12070 0.01761 ( 1)  0.462 +-  0.322
 212 R   0.88032 0.10608 0.01360 ( 1)  0.445 +-  0.293
 213 Q   0.88452 0.10339 0.01209 ( 1)  0.440 +-  0.271
 214 R   0.88214 0.10491 0.01295 ( 1)  0.443 +-  0.282
 215 E   0.89813 0.09236 0.00951 ( 1)  0.428 +-  0.249
 216 F   0.88406 0.10392 0.01202 ( 1)  0.440 +-  0.269
 217 M   0.74947 0.21541 0.03511 ( 1)  0.556 +-  0.392
 218 P   0.85575 0.12455 0.01970 ( 1)  0.470 +-  0.348
 219 E   0.85278 0.12737 0.01985 ( 1)  0.471 +-  0.340
 220 E   0.72944 0.22776 0.04280 ( 1)  0.581 +-  0.443
 221 K   0.88966 0.09939 0.01094 ( 1)  0.435 +-  0.260
 222 K   0.88966 0.09939 0.01094 ( 1)  0.435 +-  0.260
 223 D   0.89194 0.09746 0.01060 ( 1)  0.433 +-  0.258
 224 T   0.85944 0.12203 0.01854 ( 1)  0.466 +-  0.336
 225 V   0.86830 0.11590 0.01580 ( 1)  0.455 +-  0.304
 226 Y   0.87432 0.11152 0.01416 ( 1)  0.449 +-  0.288
 227 W   0.87975 0.10725 0.01300 ( 1)  0.444 +-  0.278
 228 E   0.89813 0.09236 0.00951 ( 1)  0.428 +-  0.249
 229 K   0.88966 0.09939 0.01094 ( 1)  0.435 +-  0.260
 230 R   0.88404 0.10344 0.01252 ( 1)  0.441 +-  0.277
 231 R   0.88332 0.10422 0.01246 ( 1)  0.441 +-  0.276
 232 K   0.88966 0.09939 0.01094 ( 1)  0.435 +-  0.260
 233 N   0.88377 0.10414 0.01209 ( 1)  0.440 +-  0.270
 234 N   0.86596 0.11787 0.01617 ( 1)  0.457 +-  0.305
 235 E   0.89484 0.09501 0.01015 ( 1)  0.430 +-  0.255
 236 A   0.85767 0.12321 0.01912 ( 1)  0.468 +-  0.342
 237 A   0.88622 0.10177 0.01201 ( 1)  0.439 +-  0.273
 238 K   0.71805 0.23578 0.04617 ( 1)  0.593 +-  0.454
 239 R   0.84508 0.13267 0.02225 ( 1)  0.480 +-  0.363
 240 S   0.88566 0.10252 0.01183 ( 1)  0.439 +-  0.269
 241 R   0.86930 0.11276 0.01794 ( 1)  0.459 +-  0.335
 242 E   0.85278 0.12737 0.01985 ( 1)  0.471 +-  0.340
 243 K   0.88966 0.09939 0.01094 ( 1)  0.435 +-  0.260
 244 R   0.84010 0.13518 0.02472 ( 1)  0.490 +-  0.400
 245 R   0.86169 0.12070 0.01761 ( 1)  0.462 +-  0.322
 246 R   0.70582 0.24145 0.05273 ( 1)  0.614 +-  0.510
 247 N   0.87043 0.11432 0.01525 ( 1)  0.453 +-  0.299
 248 D   0.87411 0.11159 0.01430 ( 1)  0.449 +-  0.290
 249 A   0.85767 0.12321 0.01912 ( 1)  0.468 +-  0.342
 250 A   0.88622 0.10177 0.01201 ( 1)  0.439 +-  0.273
 251 I   0.67772 0.25790 0.06438 ( 1)  0.652 +-  0.568
 252 E   0.89813 0.09236 0.00951 ( 1)  0.428 +-  0.249
 253 G   0.71134 0.23971 0.04895 ( 1)  0.602 +-  0.471
 254 R   0.89171 0.09762 0.01067 ( 1)  0.433 +-  0.259
 255 L   0.87409 0.11131 0.01460 ( 1)  0.450 +-  0.296
 256 A   0.87168 0.11309 0.01523 ( 1)  0.453 +-  0.302
 257 A   0.84497 0.13248 0.02255 ( 1)  0.482 +-  0.370
 258 L   0.87891 0.10768 0.01341 ( 1)  0.445 +-  0.284
 259 M   0.74686 0.21713 0.03601 ( 1)  0.559 +-  0.397
 260 E   0.89813 0.09236 0.00951 ( 1)  0.428 +-  0.249
 261 E   0.89813 0.09236 0.00951 ( 1)  0.428 +-  0.249
 262 N   0.87035 0.11437 0.01527 ( 1)  0.453 +-  0.299
 263 A   0.71551 0.23703 0.04746 ( 1)  0.597 +-  0.464
 264 L   0.87891 0.10768 0.01341 ( 1)  0.445 +-  0.284
 265 L   0.88633 0.10187 0.01180 ( 1)  0.438 +-  0.269
 266 R   0.72040 0.23346 0.04614 ( 1)  0.592 +-  0.461
 267 D   0.36906 0.36307 0.26787 ( 1)  1.367 +-  1.464
 268 E   0.89813 0.09236 0.00951 ( 1)  0.428 +-  0.249
 269 L   0.87891 0.10768 0.01341 ( 1)  0.445 +-  0.284
 270 R   0.57998 0.27713 0.14290 ( 1)  0.912 +-  1.054
 271 A   0.89546 0.09429 0.01025 ( 1)  0.430 +-  0.257
 272 L   0.88633 0.10187 0.01180 ( 1)  0.438 +-  0.269
 273 K   0.88966 0.09939 0.01094 ( 1)  0.435 +-  0.260
 274 L   0.86684 0.11698 0.01617 ( 1)  0.457 +-  0.308
 275 R   0.70744 0.24198 0.05058 ( 1)  0.607 +-  0.481
 276 F   0.86605 0.11781 0.01614 ( 1)  0.457 +-  0.305
 277 G   0.88245 0.10485 0.01270 ( 1)  0.442 +-  0.278
 278 L   0.46891 0.37628 0.15481 ( 1)  0.954 +-  0.910
 279 L   0.87891 0.10768 0.01341 ( 1)  0.445 +-  0.284
 280 P   0.61586 0.28909 0.09505 ( 1)  0.752 +-  0.736
 281 L   0.70405 0.24362 0.05233 ( 1)  0.613 +-  0.496
 282 T   0.87419 0.11112 0.01470 ( 1)  0.450 +-  0.299
 283 G   0.86360 0.11930 0.01710 ( 1)  0.460 +-  0.317
 284 G   0.88935 0.09907 0.01158 ( 1)  0.436 +-  0.273
 285 P   0.88387 0.10363 0.01250 ( 1)  0.441 +-  0.277
 286 Q   0.42917 0.36598 0.20485 ( 1)  1.142 +-  1.226
 287 A   0.88301 0.10446 0.01253 ( 1)  0.441 +-  0.276
 288 L   0.65244 0.26848 0.07908 ( 1)  0.700 +-  0.670
 289 P   0.88387 0.10363 0.01250 ( 1)  0.441 +-  0.277
 290 L   0.87891 0.10768 0.01341 ( 1)  0.445 +-  0.284
 291 Q   0.88452 0.10339 0.01209 ( 1)  0.440 +-  0.271
 292 A   0.70354 0.24418 0.05228 ( 1)  0.612 +-  0.492
 293 L   0.69673 0.24676 0.05651 ( 1)  0.626 +-  0.530
 294 L   0.83339 0.14019 0.02642 ( 1)  0.496 +-  0.408
 295 W   0.69542 0.24860 0.05598 ( 1)  0.624 +-  0.516
 296 E   0.85278 0.12737 0.01985 ( 1)  0.471 +-  0.340
 297 A   0.68475 0.25397 0.06128 ( 1)  0.642 +-  0.552
 298 P   0.88387 0.10363 0.01250 ( 1)  0.441 +-  0.277
 299 W   0.87975 0.10725 0.01300 ( 1)  0.444 +-  0.278
 300 T   0.86888 0.11551 0.01561 ( 1)  0.455 +-  0.302
 301 G   0.89101 0.09798 0.01102 ( 1)  0.434 +-  0.263
 302 D   0.89194 0.09746 0.01060 ( 1)  0.433 +-  0.258
 303 H   0.43493 0.36718 0.19790 ( 1)  1.118 +-  1.197
 304 H   0.39041 0.35303 0.25656 ( 1)  1.356 +-  1.517
 305 P   0.86498 0.11818 0.01684 ( 1)  0.459 +-  0.316
 306 A   0.71614 0.23471 0.04915 ( 1)  0.602 +-  0.492
 307 A   0.86707 0.11663 0.01630 ( 1)  0.457 +-  0.311
 308 E   0.85278 0.12737 0.01985 ( 1)  0.471 +-  0.340
 309 A   0.62738 0.27537 0.09726 ( 1)  0.766 +-  0.820
 310 L   0.88060 0.10627 0.01313 ( 1)  0.444 +-  0.283
 311 S   0.85212 0.12731 0.02057 ( 1)  0.474 +-  0.354
 312 S   0.47311 0.37917 0.14772 ( 1)  0.927 +-  0.847
 313 L   0.85582 0.12520 0.01899 ( 1)  0.468 +-  0.331
 314 S   0.86606 0.11767 0.01627 ( 1)  0.457 +-  0.307
 315 G   0.68304 0.25453 0.06243 ( 1)  0.645 +-  0.561
 316 S   0.68844 0.25110 0.06045 ( 1)  0.640 +-  0.559
 317 H   0.89047 0.09864 0.01089 ( 1)  0.434 +-  0.261
 318 S   0.42378 0.37190 0.20433 ( 1)  1.132 +-  1.190
 319 C   0.88439 0.10358 0.01203 ( 1)  0.440 +-  0.270
 320 L   0.70473 0.24349 0.05178 ( 1)  0.611 +-  0.489
 321 L   0.82071 0.14794 0.03135 ( 1)  0.515 +-  0.461
 322 R   0.89171 0.09762 0.01067 ( 1)  0.433 +-  0.259
 323 P   0.84324 0.13361 0.02314 ( 1)  0.484 +-  0.377
 324 C   0.12998 0.30292 0.56710 ( 3)  2.517 +-  2.131
 325 S   0.88566 0.10252 0.01183 ( 1)  0.439 +-  0.269
 326 L   0.87070 0.11388 0.01541 ( 1)  0.453 +-  0.303
 327 D   0.87411 0.11159 0.01430 ( 1)  0.449 +-  0.290
 328 A   0.86707 0.11663 0.01630 ( 1)  0.457 +-  0.311
 329 G   0.89158 0.09753 0.01090 ( 1)  0.434 +-  0.262
 330 V   0.37145 0.36374 0.26481 ( 1)  1.357 +-  1.455
 331 P   0.62473 0.27729 0.09798 ( 1)  0.766 +-  0.810
 332 G   0.83933 0.13628 0.02439 ( 1)  0.488 +-  0.388
 333 C   0.86998 0.11462 0.01540 ( 1)  0.454 +-  0.301
 334 R   0.70035 0.24331 0.05634 ( 1)  0.625 +-  0.540
 335 G   0.71026 0.24037 0.04937 ( 1)  0.603 +-  0.473
 336 C   0.88025 0.10681 0.01293 ( 1)  0.443 +-  0.278
 337 L   0.87891 0.10768 0.01341 ( 1)  0.445 +-  0.284
 338 L   0.87891 0.10768 0.01341 ( 1)  0.445 +-  0.284
 339 A   0.86742 0.11637 0.01621 ( 1)  0.457 +-  0.310
 340 P   0.88387 0.10363 0.01250 ( 1)  0.441 +-  0.277
 341 R   0.85575 0.12475 0.01950 ( 1)  0.470 +-  0.343
 342 W   0.87975 0.10725 0.01300 ( 1)  0.444 +-  0.278
 343 T   0.86840 0.11587 0.01573 ( 1)  0.455 +-  0.303
 344 G   0.70358 0.24271 0.05370 ( 1)  0.617 +-  0.514
 345 L   0.85338 0.12581 0.02081 ( 1)  0.475 +-  0.370
 346 A   0.88301 0.10446 0.01253 ( 1)  0.441 +-  0.276
 347 T   0.42359 0.37625 0.20016 ( 1)  1.108 +-  1.134
 348 S   0.87023 0.11439 0.01538 ( 1)  0.453 +-  0.301
 349 -   0.85493 0.12497 0.02011 ( 1)  0.472 +-  0.355
 350 R   0.72227 0.23259 0.04514 ( 1)  0.589 +-  0.453
 351 S   0.88566 0.10252 0.01183 ( 1)  0.439 +-  0.269
 352 S   0.68940 0.25016 0.06045 ( 1)  0.639 +-  0.557
 353 P   0.49635 0.30894 0.19471 ( 1)  1.124 +-  1.342
 354 E   0.72997 0.22826 0.04177 ( 1)  0.578 +-  0.429
 355 S   0.67232 0.26030 0.06738 ( 1)  0.661 +-  0.589
 356 A   0.84497 0.13248 0.02255 ( 1)  0.482 +-  0.370
 357 S   0.37669 0.36201 0.26130 ( 1)  1.354 +-  1.472
 358 P   0.86498 0.11818 0.01684 ( 1)  0.459 +-  0.316
 359 T   0.47959 0.37828 0.14213 ( 1)  0.909 +-  0.820
 360 L   0.71212 0.23921 0.04867 ( 1)  0.601 +-  0.470
 361 N   0.88377 0.10414 0.01209 ( 1)  0.440 +-  0.270
 362 R   0.84508 0.13267 0.02225 ( 1)  0.480 +-  0.363
 363 I   0.86790 0.11638 0.01571 ( 1)  0.455 +-  0.301
 364 D   0.89194 0.09746 0.01060 ( 1)  0.433 +-  0.258
 365 M   0.90501 0.08679 0.00821 ( 1)  0.421 +-  0.237
 366 A   0.70729 0.23992 0.05279 ( 1)  0.614 +-  0.515
 367 L   0.85582 0.12520 0.01899 ( 1)  0.468 +-  0.331
 368 Q   0.46354 0.37508 0.16139 ( 1)  0.978 +-  0.957
 369 T   0.67282 0.25923 0.06795 ( 1)  0.664 +-  0.603
 370 A   0.70868 0.23914 0.05218 ( 1)  0.612 +-  0.511
 371 L   0.88388 0.10374 0.01238 ( 1)  0.441 +-  0.275
 372 P   0.84324 0.13361 0.02314 ( 1)  0.484 +-  0.377
 373 P   0.66476 0.26231 0.07294 ( 1)  0.680 +-  0.640
 374 A   0.71551 0.23703 0.04746 ( 1)  0.597 +-  0.464
 375 L   0.88633 0.10187 0.01180 ( 1)  0.438 +-  0.269
 376 F   0.88406 0.10392 0.01202 ( 1)  0.440 +-  0.269
 377 S   0.88961 0.09938 0.01100 ( 1)  0.435 +-  0.261
 378 C   0.66852 0.26237 0.06911 ( 1)  0.667 +-  0.596
 379 H   0.89047 0.09864 0.01089 ( 1)  0.434 +-  0.261
 380 L   0.70968 0.23959 0.05073 ( 1)  0.607 +-  0.493
 381 L   0.85582 0.12520 0.01899 ( 1)  0.468 +-  0.331
 382 D   0.69118 0.25083 0.05799 ( 1)  0.631 +-  0.529
 383 G   0.72625 0.23057 0.04317 ( 1)  0.583 +-  0.437
 384 H   0.68432 0.25415 0.06153 ( 1)  0.643 +-  0.555
 385 V   0.85964 0.12184 0.01852 ( 1)  0.466 +-  0.336
 386 G   0.72119 0.23215 0.04667 ( 1)  0.594 +-  0.471
 387 S   0.70955 0.24080 0.04965 ( 1)  0.604 +-  0.474
 388 R   0.84508 0.13267 0.02225 ( 1)  0.480 +-  0.363
 389 R   0.60269 0.27668 0.12063 ( 1)  0.864 +-  1.053
 390 E   0.89813 0.09236 0.00951 ( 1)  0.428 +-  0.249
 391 L   0.88633 0.10187 0.01180 ( 1)  0.438 +-  0.269
 392 R   0.85575 0.12475 0.01950 ( 1)  0.470 +-  0.343
 393 P   0.88387 0.10363 0.01250 ( 1)  0.441 +-  0.277
 394 C   0.70639 0.24246 0.05115 ( 1)  0.609 +-  0.487
 395 W   0.68722 0.25290 0.05988 ( 1)  0.637 +-  0.541
 396 G   0.89158 0.09753 0.01090 ( 1)  0.434 +-  0.262
 397 L   0.87891 0.10768 0.01341 ( 1)  0.445 +-  0.284
 398 W   0.87975 0.10725 0.01300 ( 1)  0.444 +-  0.278
 399 S   0.83894 0.13668 0.02438 ( 1)  0.488 +-  0.386
 400 P   0.85387 0.12600 0.02013 ( 1)  0.472 +-  0.351
 401 M   0.74813 0.21620 0.03567 ( 1)  0.558 +-  0.396
 402 P   0.71153 0.23941 0.04906 ( 1)  0.602 +-  0.474
 403 S   0.68297 0.25495 0.06208 ( 1)  0.644 +-  0.556
 404 G   0.08332 0.23912 0.67756 ( 3)  2.976 +-  2.269
 405 C   0.88462 0.10340 0.01198 ( 1)  0.439 +-  0.270
 406 R   0.69221 0.25015 0.05764 ( 1)  0.630 +-  0.528
 407 A   0.87168 0.11309 0.01523 ( 1)  0.453 +-  0.302
 408 S   0.84168 0.13488 0.02343 ( 1)  0.485 +-  0.376
 409 G   0.89158 0.09753 0.01090 ( 1)  0.434 +-  0.262
 410 P   0.85387 0.12600 0.02013 ( 1)  0.472 +-  0.351
 411 S   0.84861 0.12965 0.02174 ( 1)  0.478 +-  0.367
 412 D   0.68453 0.25477 0.06070 ( 1)  0.639 +-  0.541
 413 V   0.73405 0.22471 0.04124 ( 1)  0.576 +-  0.434
 414 L   0.85582 0.12520 0.01899 ( 1)  0.468 +-  0.331
 415 L   0.87891 0.10768 0.01341 ( 1)  0.445 +-  0.284
 416 T   0.85099 0.12861 0.02041 ( 1)  0.473 +-  0.345
 417 P   0.70421 0.24162 0.05418 ( 1)  0.619 +-  0.525
 418 T   0.86796 0.11620 0.01585 ( 1)  0.456 +-  0.304
 419 V   0.65816 0.26460 0.07725 ( 1)  0.695 +-  0.675
 420 D   0.87745 0.10882 0.01373 ( 1)  0.446 +-  0.287
 421 P   0.88387 0.10363 0.01250 ( 1)  0.441 +-  0.277
 422 M   0.90501 0.08679 0.00821 ( 1)  0.421 +-  0.237
 423 G   0.86952 0.11423 0.01625 ( 1)  0.456 +-  0.321
 424 L   0.87891 0.10768 0.01341 ( 1)  0.445 +-  0.284
 425 S   0.67232 0.26030 0.06738 ( 1)  0.661 +-  0.589
 426 H   0.67267 0.25738 0.06995 ( 1)  0.672 +-  0.638
 427 G   0.72543 0.23106 0.04351 ( 1)  0.584 +-  0.439
 428 V   0.89237 0.09695 0.01069 ( 1)  0.433 +-  0.260
 429 T   0.88738 0.10107 0.01154 ( 1)  0.437 +-  0.267
 430 C   0.88462 0.10340 0.01198 ( 1)  0.439 +-  0.270
 431 P   0.66978 0.26113 0.06909 ( 1)  0.667 +-  0.605
 432 V   0.70360 0.24269 0.05371 ( 1)  0.617 +-  0.517
 433 P   0.84324 0.13361 0.02314 ( 1)  0.484 +-  0.377
 434 G   0.88128 0.10560 0.01312 ( 1)  0.443 +-  0.283
 435 N   0.87938 0.10753 0.01309 ( 1)  0.444 +-  0.279
 436 S   0.87168 0.11349 0.01483 ( 1)  0.452 +-  0.294
 437 P   0.66839 0.25985 0.07177 ( 1)  0.678 +-  0.645
 438 E   0.89813 0.09236 0.00951 ( 1)  0.428 +-  0.249
 439 D   0.37607 0.36356 0.26037 ( 1)  1.343 +-  1.445
 440 L   0.87891 0.10768 0.01341 ( 1)  0.445 +-  0.284
 441 G   0.37982 0.36806 0.25212 ( 1)  1.300 +-  1.375
 442 Q   0.88452 0.10339 0.01209 ( 1)  0.440 +-  0.271
 443 P   0.88387 0.10363 0.01250 ( 1)  0.441 +-  0.277
 444 S   0.86606 0.11767 0.01627 ( 1)  0.457 +-  0.307
 445 L   0.87891 0.10768 0.01341 ( 1)  0.445 +-  0.284
 446 P   0.88387 0.10363 0.01250 ( 1)  0.441 +-  0.277
 447 H   0.89047 0.09864 0.01089 ( 1)  0.434 +-  0.261
 448 K   0.84461 0.13307 0.02231 ( 1)  0.481 +-  0.362
 449 L   0.87774 0.10853 0.01373 ( 1)  0.446 +-  0.288
 450 R   0.69865 0.24535 0.05600 ( 1)  0.625 +-  0.530
 451 I   0.88204 0.10544 0.01252 ( 1)  0.442 +-  0.274
 452 K   0.85866 0.12286 0.01849 ( 1)  0.466 +-  0.331
 453 S   0.88566 0.10252 0.01183 ( 1)  0.439 +-  0.269
 454 Q   0.56486 0.28600 0.14914 ( 1)  0.964 +-  1.180
 455 A   0.88622 0.10177 0.01201 ( 1)  0.439 +-  0.273
 456 F   0.67438 0.25664 0.06897 ( 1)  0.670 +-  0.640
 457 S   0.41234 0.37668 0.21097 ( 1)  1.143 +-  1.172
 458 R   0.87857 0.10804 0.01340 ( 1)  0.445 +-  0.283
 459 V   0.82291 0.14669 0.03040 ( 1)  0.511 +-  0.450
 460 P   0.83370 0.14016 0.02615 ( 1)  0.495 +-  0.403
 461 Q   0.02685 0.14397 0.82918 ( 3)  3.473 +-  2.226
 462 G   0.84192 0.13488 0.02320 ( 1)  0.484 +-  0.371
 463 W   0.84348 0.13391 0.02261 ( 1)  0.482 +-  0.364
 464 E   0.89813 0.09236 0.00951 ( 1)  0.428 +-  0.249
 465 G   0.86360 0.11930 0.01710 ( 1)  0.460 +-  0.317
 466 G   0.87479 0.11076 0.01445 ( 1)  0.449 +-  0.294
 467 Q   0.71055 0.24046 0.04899 ( 1)  0.602 +-  0.468
 468 A   0.15200 0.32662 0.52138 ( 3)  2.324 +-  2.042
 469 P   0.67856 0.25658 0.06486 ( 1)  0.654 +-  0.581
 470 S   0.16067 0.32965 0.50969 ( 3)  2.301 +-  2.059

Positively selected sites

	Prob(w>1)  mean w

   324 C      0.567         2.517 +- 2.131
   404 G      0.678         2.976 +- 2.269
   461 Q      0.829         3.473 +- 2.226
   468 A      0.521         2.324 +- 2.042
   470 S      0.510         2.301 +- 2.059

