Supplemental results for CODEML (seqf: algn  treef: tree)


dN/dS (w) for site classes (K=4)

p:   0.25000  0.25000  0.25000  0.25000
w:   0.09623  0.38619  0.69038  0.93592

Naive Empirical Bayes (NEB) probabilities for 4 classes & postmean_w
(amino acids refer to 1st sequence: calJac_NFILZ_XM_035286919)

   1 -   0.25000 0.25000 0.25000 0.25000 ( 3)  0.527
   2 -   0.25000 0.25000 0.25000 0.25000 ( 3)  0.527
   3 -   0.25000 0.25000 0.25000 0.25000 ( 3)  0.527
   4 -   0.25000 0.25000 0.25000 0.25000 ( 3)  0.527
   5 -   0.25000 0.25000 0.25000 0.25000 ( 3)  0.527
   6 -   0.25000 0.25000 0.25000 0.25000 ( 3)  0.527
   7 -   0.25000 0.25000 0.25000 0.25000 ( 3)  0.527
   8 -   0.25000 0.25000 0.25000 0.25000 ( 3)  0.527
   9 -   0.25000 0.25000 0.25000 0.25000 ( 3)  0.527
  10 -   0.25000 0.25000 0.25000 0.25000 ( 3)  0.527
  11 -   0.25000 0.25000 0.25000 0.25000 ( 3)  0.527
  12 -   0.25000 0.25000 0.25000 0.25000 ( 3)  0.527
  13 -   0.25000 0.25000 0.25000 0.25000 ( 3)  0.527
  14 -   0.25000 0.25000 0.25000 0.25000 ( 3)  0.527
  15 -   0.25000 0.25000 0.25000 0.25000 ( 3)  0.527
  16 -   0.25000 0.25000 0.25000 0.25000 ( 3)  0.527
  17 -   0.25000 0.25000 0.25000 0.25000 ( 3)  0.527
  18 -   0.25000 0.25000 0.25000 0.25000 ( 3)  0.527
  19 -   0.25000 0.25000 0.25000 0.25000 ( 3)  0.527
  20 -   0.25000 0.25000 0.25000 0.25000 ( 3)  0.527
  21 -   0.25000 0.25000 0.25000 0.25000 ( 3)  0.527
  22 -   0.25000 0.25000 0.25000 0.25000 ( 3)  0.527
  23 -   0.25000 0.25000 0.25000 0.25000 ( 3)  0.527
  24 -   0.25000 0.25000 0.25000 0.25000 ( 3)  0.527
  25 -   0.25000 0.25000 0.25000 0.25000 ( 3)  0.527
  26 -   0.25000 0.25000 0.25000 0.25000 ( 3)  0.527
  27 -   0.25000 0.25000 0.25000 0.25000 ( 3)  0.527
  28 -   0.25000 0.25000 0.25000 0.25000 ( 3)  0.527
  29 -   0.25000 0.25000 0.25000 0.25000 ( 3)  0.527
  30 -   0.25000 0.25000 0.25000 0.25000 ( 3)  0.527
  31 -   0.25000 0.25000 0.25000 0.25000 ( 3)  0.527
  32 -   0.25000 0.25000 0.25000 0.25000 ( 3)  0.527
  33 -   0.25000 0.25000 0.25000 0.25000 ( 3)  0.527
  34 -   0.25000 0.25000 0.25000 0.25000 ( 3)  0.527
  35 -   0.25000 0.25000 0.25000 0.25000 ( 3)  0.527
  36 -   0.25000 0.25000 0.25000 0.25000 ( 3)  0.527
  37 -   0.25000 0.25000 0.25000 0.25000 ( 3)  0.527
  38 -   0.25000 0.25000 0.25000 0.25000 ( 3)  0.527
  39 -   0.25000 0.25000 0.25000 0.25000 ( 3)  0.527
  40 -   0.25000 0.25000 0.25000 0.25000 ( 3)  0.527
  41 -   0.25000 0.25000 0.25000 0.25000 ( 3)  0.527
  42 -   0.25000 0.25000 0.25000 0.25000 ( 3)  0.527
  43 -   0.25000 0.25000 0.25000 0.25000 ( 3)  0.527
  44 -   0.25000 0.25000 0.25000 0.25000 ( 3)  0.527
  45 -   0.25000 0.25000 0.25000 0.25000 ( 3)  0.527
  46 -   0.25000 0.25000 0.25000 0.25000 ( 3)  0.527
  47 -   0.25000 0.25000 0.25000 0.25000 ( 3)  0.527
  48 -   0.25000 0.25000 0.25000 0.25000 ( 3)  0.527
  49 -   0.25000 0.25000 0.25000 0.25000 ( 3)  0.527
  50 -   0.25000 0.25000 0.25000 0.25000 ( 3)  0.527
  51 -   0.25000 0.25000 0.25000 0.25000 ( 3)  0.527
  52 -   0.25000 0.25000 0.25000 0.25000 ( 3)  0.527
  53 -   0.25000 0.25000 0.25000 0.25000 ( 3)  0.527
  54 -   0.25000 0.25000 0.25000 0.25000 ( 3)  0.527
  55 -   0.25000 0.25000 0.25000 0.25000 ( 3)  0.527
  56 -   0.25000 0.25000 0.25000 0.25000 ( 3)  0.527
  57 -   0.25000 0.25000 0.25000 0.25000 ( 3)  0.527
  58 -   0.25000 0.25000 0.25000 0.25000 ( 3)  0.527
  59 -   0.25000 0.25000 0.25000 0.25000 ( 3)  0.527
  60 -   0.25000 0.25000 0.25000 0.25000 ( 3)  0.527
  61 -   0.25000 0.25000 0.25000 0.25000 ( 3)  0.527
  62 -   0.25000 0.25000 0.25000 0.25000 ( 3)  0.527
  63 -   0.25000 0.25000 0.25000 0.25000 ( 3)  0.527
  64 -   0.25000 0.25000 0.25000 0.25000 ( 3)  0.527
  65 -   0.25000 0.25000 0.25000 0.25000 ( 3)  0.527
  66 -   0.25000 0.25000 0.25000 0.25000 ( 3)  0.527
  67 -   0.25000 0.25000 0.25000 0.25000 ( 3)  0.527
  68 -   0.25000 0.25000 0.25000 0.25000 ( 3)  0.527
  69 -   0.25000 0.25000 0.25000 0.25000 ( 3)  0.527
  70 -   0.25000 0.25000 0.25000 0.25000 ( 3)  0.527
  71 -   0.25000 0.25000 0.25000 0.25000 ( 3)  0.527
  72 -   0.25000 0.25000 0.25000 0.25000 ( 3)  0.527
  73 -   0.25000 0.25000 0.25000 0.25000 ( 3)  0.527
  74 -   0.25000 0.25000 0.25000 0.25000 ( 3)  0.527
  75 -   0.25000 0.25000 0.25000 0.25000 ( 3)  0.527
  76 -   0.25000 0.25000 0.25000 0.25000 ( 3)  0.527
  77 -   0.25000 0.25000 0.25000 0.25000 ( 3)  0.527
  78 -   0.25000 0.25000 0.25000 0.25000 ( 3)  0.527
  79 -   0.25000 0.25000 0.25000 0.25000 ( 3)  0.527
  80 -   0.25000 0.25000 0.25000 0.25000 ( 3)  0.527
  81 -   0.25000 0.25000 0.25000 0.25000 ( 3)  0.527
  82 -   0.25000 0.25000 0.25000 0.25000 ( 3)  0.527
  83 -   0.25000 0.25000 0.25000 0.25000 ( 3)  0.527
  84 -   0.25000 0.25000 0.25000 0.25000 ( 3)  0.527
  85 -   0.25000 0.25000 0.25000 0.25000 ( 3)  0.527
  86 -   0.25000 0.25000 0.25000 0.25000 ( 3)  0.527
  87 -   0.25000 0.25000 0.25000 0.25000 ( 3)  0.527
  88 -   0.25000 0.25000 0.25000 0.25000 ( 3)  0.527
  89 -   0.25000 0.25000 0.25000 0.25000 ( 3)  0.527
  90 -   0.25000 0.25000 0.25000 0.25000 ( 3)  0.527
  91 -   0.25000 0.25000 0.25000 0.25000 ( 3)  0.527
  92 -   0.25000 0.25000 0.25000 0.25000 ( 3)  0.527
  93 -   0.25000 0.25000 0.25000 0.25000 ( 3)  0.527
  94 -   0.25000 0.25000 0.25000 0.25000 ( 3)  0.527
  95 -   0.25000 0.25000 0.25000 0.25000 ( 3)  0.527
  96 -   0.25000 0.25000 0.25000 0.25000 ( 3)  0.527
  97 -   0.25000 0.25000 0.25000 0.25000 ( 3)  0.527
  98 -   0.25000 0.25000 0.25000 0.25000 ( 3)  0.527
  99 -   0.25000 0.25000 0.25000 0.25000 ( 3)  0.527
 100 -   0.25000 0.25000 0.25000 0.25000 ( 3)  0.527
 101 -   0.25000 0.25000 0.25000 0.25000 ( 3)  0.527
 102 -   0.25000 0.25000 0.25000 0.25000 ( 3)  0.527
 103 -   0.25000 0.25000 0.25000 0.25000 ( 3)  0.527
 104 -   0.25000 0.25000 0.25000 0.25000 ( 3)  0.527
 105 -   0.25000 0.25000 0.25000 0.25000 ( 3)  0.527
 106 -   0.25000 0.25000 0.25000 0.25000 ( 3)  0.527
 107 -   0.25000 0.25000 0.25000 0.25000 ( 3)  0.527
 108 -   0.25000 0.25000 0.25000 0.25000 ( 3)  0.527
 109 -   0.25000 0.25000 0.25000 0.25000 ( 3)  0.527
 110 -   0.25000 0.25000 0.25000 0.25000 ( 3)  0.527
 111 -   0.25000 0.25000 0.25000 0.25000 ( 3)  0.527
 112 -   0.25000 0.25000 0.25000 0.25000 ( 3)  0.527
 113 -   0.25000 0.25000 0.25000 0.25000 ( 3)  0.527
 114 -   0.25000 0.25000 0.25000 0.25000 ( 3)  0.527
 115 -   0.25000 0.25000 0.25000 0.25000 ( 3)  0.527
 116 -   0.25000 0.25000 0.25000 0.25000 ( 3)  0.527
 117 -   0.25000 0.25000 0.25000 0.25000 ( 3)  0.527
 118 -   0.25000 0.25000 0.25000 0.25000 ( 3)  0.527
 119 -   0.25000 0.25000 0.25000 0.25000 ( 3)  0.527
 120 -   0.25000 0.25000 0.25000 0.25000 ( 3)  0.527
 121 -   0.25000 0.25000 0.25000 0.25000 ( 3)  0.527
 122 -   0.25000 0.25000 0.25000 0.25000 ( 3)  0.527
 123 -   0.25000 0.25000 0.25000 0.25000 ( 3)  0.527
 124 -   0.25000 0.25000 0.25000 0.25000 ( 3)  0.527
 125 -   0.25000 0.25000 0.25000 0.25000 ( 3)  0.527
 126 -   0.25000 0.25000 0.25000 0.25000 ( 3)  0.527
 127 -   0.25000 0.25000 0.25000 0.25000 ( 3)  0.527
 128 -   0.25000 0.25000 0.25000 0.25000 ( 3)  0.527
 129 -   0.25000 0.25000 0.25000 0.25000 ( 3)  0.527
 130 -   0.25000 0.25000 0.25000 0.25000 ( 3)  0.527
 131 -   0.25000 0.25000 0.25000 0.25000 ( 3)  0.527
 132 -   0.25000 0.25000 0.25000 0.25000 ( 3)  0.527
 133 -   0.25000 0.25000 0.25000 0.25000 ( 3)  0.527
 134 -   0.25000 0.25000 0.25000 0.25000 ( 3)  0.527
 135 -   0.25000 0.25000 0.25000 0.25000 ( 3)  0.527
 136 -   0.25000 0.25000 0.25000 0.25000 ( 3)  0.527
 137 -   0.25000 0.25000 0.25000 0.25000 ( 3)  0.527
 138 -   0.25000 0.25000 0.25000 0.25000 ( 3)  0.527
 139 -   0.25000 0.25000 0.25000 0.25000 ( 3)  0.527
 140 -   0.25000 0.25000 0.25000 0.25000 ( 3)  0.527
 141 -   0.25000 0.25000 0.25000 0.25000 ( 3)  0.527
 142 -   0.25000 0.25000 0.25000 0.25000 ( 3)  0.527
 143 -   0.25000 0.25000 0.25000 0.25000 ( 3)  0.527
 144 -   0.25000 0.25000 0.25000 0.25000 ( 3)  0.527
 145 -   0.25000 0.25000 0.25000 0.25000 ( 3)  0.527
 146 -   0.25000 0.25000 0.25000 0.25000 ( 3)  0.527
 147 -   0.25000 0.25000 0.25000 0.25000 ( 3)  0.527
 148 -   0.25000 0.25000 0.25000 0.25000 ( 3)  0.527
 149 -   0.25000 0.25000 0.25000 0.25000 ( 3)  0.527
 150 -   0.25000 0.25000 0.25000 0.25000 ( 3)  0.527
 151 -   0.25000 0.25000 0.25000 0.25000 ( 3)  0.527
 152 -   0.25000 0.25000 0.25000 0.25000 ( 3)  0.527
 153 -   0.25000 0.25000 0.25000 0.25000 ( 3)  0.527
 154 -   0.25000 0.25000 0.25000 0.25000 ( 3)  0.527
 155 -   0.25000 0.25000 0.25000 0.25000 ( 3)  0.527
 156 -   0.25000 0.25000 0.25000 0.25000 ( 3)  0.527
 157 -   0.25000 0.25000 0.25000 0.25000 ( 3)  0.527
 158 -   0.25000 0.25000 0.25000 0.25000 ( 3)  0.527
 159 -   0.25000 0.25000 0.25000 0.25000 ( 3)  0.527
 160 -   0.25000 0.25000 0.25000 0.25000 ( 3)  0.527
 161 -   0.25000 0.25000 0.25000 0.25000 ( 3)  0.527
 162 -   0.25000 0.25000 0.25000 0.25000 ( 3)  0.527
 163 -   0.25000 0.25000 0.25000 0.25000 ( 3)  0.527
 164 -   0.25000 0.25000 0.25000 0.25000 ( 3)  0.527
 165 -   0.25000 0.25000 0.25000 0.25000 ( 3)  0.527
 166 -   0.25000 0.25000 0.25000 0.25000 ( 3)  0.527
 167 -   0.25000 0.25000 0.25000 0.25000 ( 3)  0.527
 168 -   0.25000 0.25000 0.25000 0.25000 ( 3)  0.527
 169 -   0.25000 0.25000 0.25000 0.25000 ( 3)  0.527
 170 -   0.25000 0.25000 0.25000 0.25000 ( 3)  0.527
 171 -   0.25000 0.25000 0.25000 0.25000 ( 3)  0.527
 172 -   0.25000 0.25000 0.25000 0.25000 ( 3)  0.527
 173 -   0.25000 0.25000 0.25000 0.25000 ( 3)  0.527
 174 -   0.25000 0.25000 0.25000 0.25000 ( 3)  0.527
 175 -   0.25000 0.25000 0.25000 0.25000 ( 3)  0.527
 176 -   0.25000 0.25000 0.25000 0.25000 ( 3)  0.527
 177 -   0.25000 0.25000 0.25000 0.25000 ( 3)  0.527
 178 -   0.25000 0.25000 0.25000 0.25000 ( 3)  0.527
 179 -   0.25000 0.25000 0.25000 0.25000 ( 3)  0.527
 180 -   0.25000 0.25000 0.25000 0.25000 ( 3)  0.527
 181 -   0.25000 0.25000 0.25000 0.25000 ( 3)  0.527
 182 M   0.40188 0.27522 0.18627 0.13663 ( 1)  0.401
 183 D   0.34689 0.27122 0.21025 0.17165 ( 1)  0.444
 184 V   0.38854 0.27423 0.19209 0.14514 ( 1)  0.412
 185 G   0.33218 0.26900 0.21652 0.18230 ( 1)  0.456
 186 F   0.01181 0.14369 0.34351 0.50099 ( 4)  0.763
 187 L   0.06711 0.22320 0.32845 0.38124 ( 4)  0.676
 188 G   0.08200 0.24586 0.32520 0.34693 ( 4)  0.652
 189 L   0.34793 0.27088 0.20973 0.17146 ( 1)  0.443
 190 P   0.06006 0.21106 0.32896 0.39992 ( 4)  0.689
 191 D   0.35304 0.27163 0.20755 0.16778 ( 1)  0.439
 192 V   0.08499 0.25002 0.32431 0.34067 ( 4)  0.647
 193 S   0.33476 0.26960 0.21546 0.18019 ( 1)  0.454
 194 Q   0.36446 0.27290 0.20262 0.16002 ( 1)  0.430
 195 S   0.07287 0.23252 0.32756 0.36705 ( 4)  0.666
 196 H   0.07321 0.23305 0.32750 0.36624 ( 4)  0.666
 197 S   0.08366 0.24827 0.32477 0.34329 ( 4)  0.649
 198 R   0.08190 0.24571 0.32523 0.34716 ( 4)  0.652
 199 T   0.36976 0.27328 0.20031 0.15665 ( 1)  0.426
 200 L   0.32090 0.26741 0.22135 0.19034 ( 1)  0.465
 201 W   0.07800 0.24012 0.32630 0.35558 ( 4)  0.658
 202 G   0.37838 0.27344 0.19651 0.15167 ( 1)  0.420
 203 T   0.06842 0.22506 0.32806 0.37846 ( 4)  0.674
 204 R   0.36546 0.27238 0.20211 0.16005 ( 1)  0.430
 205 G   0.36184 0.27233 0.20372 0.16211 ( 1)  0.432
 206 R   0.37693 0.27381 0.19718 0.15207 ( 1)  0.420
 207 G   0.35931 0.27207 0.20482 0.16380 ( 1)  0.434
 208 P   0.35867 0.27216 0.20511 0.16407 ( 1)  0.435
 209 T   0.01210 0.14557 0.34424 0.49808 ( 4)  0.761
 210 I   0.07673 0.23838 0.32670 0.35819 ( 4)  0.660
 211 R   0.32954 0.26860 0.21764 0.18421 ( 1)  0.458
 212 R   0.35941 0.27203 0.20471 0.16386 ( 1)  0.434
 213 Q   0.36446 0.27290 0.20262 0.16002 ( 1)  0.430
 214 R   0.36235 0.27207 0.20346 0.16212 ( 1)  0.432
 215 E   0.38938 0.27445 0.19173 0.14444 ( 1)  0.411
 216 F   0.36235 0.27300 0.20358 0.16108 ( 1)  0.432
 217 M   0.09602 0.26437 0.32046 0.31915 ( 3)  0.631
 218 P   0.32275 0.26716 0.22045 0.18964 ( 1)  0.464
 219 E   0.31677 0.26676 0.22310 0.19337 ( 1)  0.469
 220 E   0.08891 0.25487 0.32279 0.33342 ( 4)  0.642
 221 K   0.37239 0.27374 0.19919 0.15468 ( 1)  0.424
 222 K   0.37239 0.27374 0.19919 0.15468 ( 1)  0.424
 223 D   0.37730 0.27392 0.19703 0.15175 ( 1)  0.420
 224 T   0.32704 0.26802 0.21866 0.18628 ( 1)  0.460
 225 V   0.33843 0.27000 0.21386 0.17771 ( 1)  0.451
 226 Y   0.34666 0.27127 0.21036 0.17171 ( 1)  0.444
 227 W   0.35580 0.27223 0.20640 0.16556 ( 1)  0.437
 228 E   0.38938 0.27445 0.19173 0.14444 ( 1)  0.411
 229 K   0.37239 0.27374 0.19919 0.15468 ( 1)  0.424
 230 R   0.36546 0.27238 0.20211 0.16005 ( 1)  0.430
 231 R   0.36252 0.27253 0.20344 0.16151 ( 1)  0.432
 232 K   0.37239 0.27374 0.19919 0.15468 ( 1)  0.424
 233 N   0.36200 0.27293 0.20372 0.16135 ( 1)  0.432
 234 N   0.33424 0.26964 0.21570 0.18042 ( 1)  0.454
 235 E   0.38333 0.27406 0.19437 0.14824 ( 1)  0.416
 236 A   0.32527 0.26754 0.21939 0.18780 ( 1)  0.462
 237 A   0.36890 0.27275 0.20063 0.15772 ( 1)  0.427
 238 K   0.08417 0.24888 0.32457 0.34238 ( 4)  0.649
 239 R   0.30730 0.26495 0.22707 0.20068 ( 1)  0.476
 240 S   0.36583 0.27308 0.20203 0.15906 ( 1)  0.429
 241 R   0.35568 0.26698 0.20585 0.17148 ( 1)  0.440
 242 E   0.31677 0.26676 0.22310 0.19337 ( 1)  0.469
 243 K   0.37239 0.27374 0.19919 0.15468 ( 1)  0.424
 244 R   0.30362 0.26368 0.22848 0.20422 ( 1)  0.480
 245 R   0.32954 0.26860 0.21764 0.18421 ( 1)  0.458
 246 R   0.08107 0.24410 0.32519 0.34963 ( 4)  0.654
 247 N   0.34151 0.27042 0.21255 0.17552 ( 1)  0.448
 248 D   0.34689 0.27122 0.21025 0.17165 ( 1)  0.444
 249 A   0.32527 0.26754 0.21939 0.18780 ( 1)  0.462
 250 A   0.36890 0.27275 0.20063 0.15772 ( 1)  0.427
 251 I   0.07218 0.23142 0.32768 0.36872 ( 4)  0.668
 252 E   0.38938 0.27445 0.19173 0.14444 ( 1)  0.411
 253 G   0.08200 0.24586 0.32520 0.34693 ( 4)  0.652
 254 R   0.37693 0.27381 0.19718 0.15207 ( 1)  0.420
 255 L   0.34825 0.27094 0.20960 0.17121 ( 1)  0.443
 256 A   0.34465 0.27047 0.21114 0.17374 ( 1)  0.446
 257 A   0.30789 0.26490 0.22679 0.20042 ( 1)  0.476
 258 L   0.35566 0.27184 0.20641 0.16609 ( 1)  0.437
 259 M   0.09497 0.26303 0.32085 0.32115 ( 4)  0.633
 260 E   0.38938 0.27445 0.19173 0.14444 ( 1)  0.411
 261 E   0.38938 0.27445 0.19173 0.14444 ( 1)  0.411
 262 N   0.34140 0.27040 0.21259 0.17560 ( 1)  0.448
 263 A   0.08350 0.24787 0.32471 0.34392 ( 4)  0.650
 264 L   0.35566 0.27184 0.20641 0.16609 ( 1)  0.437
 265 L   0.36775 0.27303 0.20117 0.15805 ( 1)  0.428
 266 R   0.08558 0.25044 0.32391 0.34008 ( 4)  0.647
 267 D   0.00940 0.12634 0.33469 0.52957 ( 4)  0.776
 268 E   0.38938 0.27445 0.19173 0.14444 ( 1)  0.411
 269 L   0.35566 0.27184 0.20641 0.16609 ( 1)  0.437
 270 R   0.06139 0.20510 0.32351 0.41000 ( 4)  0.692
 271 A   0.38637 0.27366 0.19300 0.14697 ( 1)  0.414
 272 L   0.36775 0.27303 0.20117 0.15805 ( 1)  0.428
 273 K   0.37239 0.27374 0.19919 0.15468 ( 1)  0.424
 274 L   0.33635 0.26971 0.21476 0.17919 ( 1)  0.452
 275 R   0.08076 0.24411 0.32557 0.34956 ( 4)  0.654
 276 F   0.33428 0.26967 0.21568 0.18037 ( 1)  0.454
 277 G   0.36184 0.27233 0.20372 0.16211 ( 1)  0.432
 278 L   0.01215 0.14595 0.34444 0.49746 ( 4)  0.761
 279 L   0.35566 0.27184 0.20641 0.16609 ( 1)  0.437
 280 P   0.05584 0.20680 0.33142 0.40594 ( 4)  0.694
 281 L   0.07985 0.24274 0.32577 0.35164 ( 4)  0.655
 282 T   0.34835 0.27098 0.20955 0.17112 ( 1)  0.443
 283 G   0.33218 0.26900 0.21652 0.18230 ( 1)  0.456
 284 G   0.37462 0.27335 0.19811 0.15392 ( 1)  0.422
 285 P   0.36484 0.27244 0.20240 0.16033 ( 1)  0.430
 286 Q   0.01143 0.14036 0.34124 0.50697 ( 4)  0.765
 287 A   0.36248 0.27250 0.20346 0.16157 ( 1)  0.432
 288 L   0.06650 0.22221 0.32855 0.38274 ( 4)  0.677
 289 P   0.36484 0.27244 0.20240 0.16033 ( 1)  0.430
 290 L   0.35566 0.27184 0.20641 0.16609 ( 1)  0.437
 291 Q   0.36446 0.27290 0.20262 0.16002 ( 1)  0.430
 292 A   0.07955 0.24236 0.32589 0.35220 ( 4)  0.656
 293 L   0.07825 0.24008 0.32599 0.35569 ( 4)  0.658
 294 L   0.29455 0.26219 0.23233 0.21092 ( 1)  0.487
 295 W   0.07724 0.23898 0.32648 0.35731 ( 4)  0.660
 296 E   0.31677 0.26676 0.22310 0.19337 ( 1)  0.469
 297 A   0.07441 0.23473 0.32713 0.36373 ( 4)  0.664
 298 P   0.36484 0.27244 0.20240 0.16033 ( 1)  0.430
 299 W   0.35580 0.27223 0.20640 0.16556 ( 1)  0.437
 300 T   0.33909 0.27014 0.21359 0.17718 ( 1)  0.450
 301 G   0.37737 0.27337 0.19695 0.15232 ( 1)  0.420
 302 D   0.37730 0.27392 0.19703 0.15175 ( 1)  0.420
 303 H   0.01157 0.14141 0.34180 0.50522 ( 4)  0.765
 304 H   0.01079 0.13559 0.33858 0.51504 ( 4)  0.769
 305 P   0.33452 0.26925 0.21550 0.18073 ( 1)  0.454
 306 A   0.08506 0.24922 0.32376 0.34195 ( 4)  0.648
 307 A   0.33751 0.26966 0.21422 0.17861 ( 1)  0.452
 308 E   0.31677 0.26676 0.22310 0.19337 ( 1)  0.469
 309 A   0.06205 0.21459 0.32891 0.39445 ( 4)  0.685
 310 L   0.35876 0.27207 0.20506 0.16412 ( 1)  0.435
 311 S   0.31717 0.26640 0.22285 0.19357 ( 1)  0.468
 312 S   0.01211 0.14583 0.34461 0.49745 ( 4)  0.761
 313 L   0.32090 0.26741 0.22135 0.19034 ( 1)  0.465
 314 S   0.33476 0.26960 0.21546 0.18019 ( 1)  0.454
 315 G   0.07413 0.23417 0.32711 0.36460 ( 4)  0.665
 316 S   0.07567 0.23640 0.32669 0.36124 ( 4)  0.662
 317 H   0.37469 0.27374 0.19816 0.15340 ( 1)  0.422
 318 S   0.01087 0.13697 0.34015 0.51201 ( 4)  0.768
 319 C   0.36337 0.27298 0.20311 0.16054 ( 1)  0.431
 320 L   0.07989 0.24284 0.32579 0.35148 ( 4)  0.655
 321 L   0.28172 0.25918 0.23757 0.22152 ( 1)  0.499
 322 R   0.37693 0.27381 0.19718 0.15207 ( 1)  0.420
 323 P   0.30592 0.26451 0.22761 0.20196 ( 1)  0.478
 324 C   0.00123 0.06491 0.30058 0.63328 ( 4)  0.825
 325 S   0.36583 0.27308 0.20203 0.15906 ( 1)  0.429
 326 L   0.34314 0.27031 0.21180 0.17476 ( 1)  0.447
 327 D   0.34689 0.27122 0.21025 0.17165 ( 1)  0.444
 328 A   0.33751 0.26966 0.21422 0.17861 ( 1)  0.452
 329 G   0.37838 0.27344 0.19651 0.15167 ( 1)  0.420
 330 V   0.00944 0.12668 0.33491 0.52897 ( 4)  0.776
 331 P   0.06116 0.21317 0.32907 0.39660 ( 4)  0.687
 332 G   0.30124 0.26358 0.22956 0.20562 ( 1)  0.482
 333 C   0.34100 0.27032 0.21276 0.17593 ( 1)  0.449
 334 R   0.08021 0.24239 0.32513 0.35226 ( 4)  0.655
 335 G   0.08164 0.24536 0.32531 0.34769 ( 4)  0.653
 336 C   0.35677 0.27227 0.20597 0.16498 ( 1)  0.436
 337 L   0.35566 0.27184 0.20641 0.16609 ( 1)  0.437
 338 L   0.35566 0.27184 0.20641 0.16609 ( 1)  0.437
 339 A   0.33801 0.26973 0.21401 0.17825 ( 1)  0.451
 340 P   0.36484 0.27244 0.20240 0.16033 ( 1)  0.430
 341 R   0.32205 0.26720 0.22078 0.18996 ( 1)  0.464
 342 W   0.35580 0.27223 0.20640 0.16556 ( 1)  0.437
 343 T   0.33838 0.27004 0.21389 0.17768 ( 1)  0.451
 344 G   0.08049 0.24319 0.32531 0.35101 ( 4)  0.655
 345 L   0.32050 0.26688 0.22139 0.19123 ( 1)  0.466
 346 A   0.36248 0.27250 0.20346 0.16157 ( 1)  0.432
 347 T   0.01060 0.13526 0.33955 0.51459 ( 4)  0.769
 348 S   0.34143 0.27033 0.21257 0.17568 ( 1)  0.448
 349 -   0.32210 0.26696 0.22071 0.19023 ( 1)  0.465
 350 R   0.08606 0.25121 0.32382 0.33891 ( 4)  0.646
 351 S   0.36583 0.27308 0.20203 0.15906 ( 1)  0.429
 352 S   0.07658 0.23741 0.32627 0.35975 ( 4)  0.661
 353 P   0.03926 0.17473 0.33020 0.45581 ( 4)  0.726
 354 E   0.08853 0.25474 0.32314 0.33360 ( 4)  0.642
 355 S   0.07087 0.22934 0.32791 0.37188 ( 4)  0.670
 356 A   0.30789 0.26490 0.22679 0.20042 ( 1)  0.476
 357 S   0.00976 0.12891 0.33597 0.52536 ( 4)  0.774
 358 P   0.33452 0.26925 0.21550 0.18073 ( 1)  0.454
 359 T   0.01237 0.14760 0.34536 0.49467 ( 4)  0.760
 360 L   0.08227 0.24622 0.32511 0.34639 ( 4)  0.652
 361 N   0.36200 0.27293 0.20372 0.16135 ( 1)  0.432
 362 R   0.30730 0.26495 0.22707 0.20068 ( 1)  0.476
 363 I   0.33710 0.27002 0.21447 0.17841 ( 1)  0.452
 364 D   0.37730 0.27392 0.19703 0.15175 ( 1)  0.420
 365 M   0.40188 0.27522 0.18627 0.13663 ( 1)  0.401
 366 A   0.08206 0.24518 0.32472 0.34804 ( 4)  0.653
 367 L   0.32090 0.26741 0.22135 0.19034 ( 1)  0.465
 368 Q   0.01208 0.14532 0.34408 0.49852 ( 4)  0.761
 369 T   0.07135 0.22994 0.32771 0.37100 ( 4)  0.669
 370 A   0.08250 0.24579 0.32459 0.34712 ( 4)  0.652
 371 L   0.36402 0.27261 0.20278 0.16059 ( 1)  0.431
 372 P   0.30592 0.26451 0.22761 0.20196 ( 1)  0.478
 373 P   0.06976 0.22727 0.32789 0.37508 ( 4)  0.672
 374 A   0.08350 0.24787 0.32471 0.34392 ( 4)  0.650
 375 L   0.36775 0.27303 0.20117 0.15805 ( 1)  0.428
 376 F   0.36235 0.27300 0.20358 0.16108 ( 1)  0.432
 377 S   0.37271 0.27369 0.19904 0.15455 ( 1)  0.424
 378 C   0.06984 0.22776 0.32813 0.37426 ( 4)  0.671
 379 H   0.37469 0.27374 0.19816 0.15340 ( 1)  0.422
 380 L   0.08212 0.24565 0.32494 0.34729 ( 4)  0.652
 381 L   0.32090 0.26741 0.22135 0.19034 ( 1)  0.465
 382 D   0.07599 0.23716 0.32680 0.36005 ( 4)  0.661
 383 G   0.08717 0.25289 0.32357 0.33637 ( 4)  0.644
 384 H   0.07419 0.23442 0.32719 0.36420 ( 4)  0.664
 385 V   0.32751 0.26805 0.21846 0.18599 ( 1)  0.460
 386 G   0.08655 0.25136 0.32336 0.33873 ( 4)  0.646
 387 S   0.08138 0.24499 0.32539 0.34824 ( 4)  0.653
 388 R   0.30730 0.26495 0.22707 0.20068 ( 1)  0.476
 389 R   0.05931 0.20948 0.32877 0.40244 ( 4)  0.690
 390 E   0.38938 0.27445 0.19173 0.14444 ( 1)  0.411
 391 L   0.36775 0.27303 0.20117 0.15805 ( 1)  0.428
 392 R   0.32205 0.26720 0.22078 0.18996 ( 1)  0.464
 393 P   0.36484 0.27244 0.20240 0.16033 ( 1)  0.430
 394 C   0.08047 0.24369 0.32563 0.35021 ( 4)  0.654
 395 W   0.07485 0.23543 0.32706 0.36267 ( 4)  0.663
 396 G   0.37838 0.27344 0.19651 0.15167 ( 1)  0.420
 397 L   0.35566 0.27184 0.20641 0.16609 ( 1)  0.437
 398 W   0.35580 0.27223 0.20640 0.16556 ( 1)  0.437
 399 S   0.30033 0.26348 0.22996 0.20623 ( 1)  0.482
 400 P   0.31985 0.26681 0.22171 0.19163 ( 1)  0.466
 401 M   0.09555 0.26372 0.32060 0.32013 ( 3)  0.632
 402 P   0.08218 0.24605 0.32511 0.34666 ( 4)  0.652
 403 S   0.07370 0.23365 0.32729 0.36535 ( 4)  0.665
 404 G   0.00104 0.05863 0.29132 0.64901 ( 4)  0.831
 405 C   0.36375 0.27302 0.20295 0.16028 ( 1)  0.431
 406 R   0.07631 0.23757 0.32668 0.35943 ( 4)  0.661
 407 A   0.34465 0.27047 0.21114 0.17374 ( 1)  0.446
 408 S   0.30344 0.26413 0.22867 0.20376 ( 1)  0.480
 409 G   0.37838 0.27344 0.19651 0.15167 ( 1)  0.420
 410 P   0.31985 0.26681 0.22171 0.19163 ( 1)  0.466
 411 S   0.31296 0.26560 0.22461 0.19682 ( 1)  0.472
 412 D   0.07392 0.23413 0.32735 0.36460 ( 4)  0.665
 413 V   0.09074 0.25713 0.32209 0.33003 ( 4)  0.639
 414 L   0.32090 0.26741 0.22135 0.19034 ( 1)  0.465
 415 L   0.35566 0.27184 0.20641 0.16609 ( 1)  0.437
 416 T   0.31456 0.26633 0.22403 0.19508 ( 1)  0.470
 417 P   0.08110 0.24385 0.32501 0.35005 ( 4)  0.654
 418 T   0.33774 0.26995 0.21417 0.17814 ( 1)  0.451
 419 V   0.06846 0.22512 0.32805 0.37836 ( 4)  0.674
 420 D   0.35304 0.27163 0.20755 0.16778 ( 1)  0.439
 421 P   0.36484 0.27244 0.20240 0.16033 ( 1)  0.430
 422 M   0.40188 0.27522 0.18627 0.13663 ( 1)  0.401
 423 G   0.34244 0.27014 0.21204 0.17538 ( 1)  0.448
 424 L   0.35566 0.27184 0.20641 0.16609 ( 1)  0.437
 425 S   0.07087 0.22934 0.32791 0.37188 ( 4)  0.670
 426 H   0.07219 0.23083 0.32726 0.36972 ( 4)  0.668
 427 G   0.08689 0.25250 0.32366 0.33696 ( 4)  0.645
 428 V   0.37909 0.27365 0.19621 0.15105 ( 1)  0.419
 429 T   0.36925 0.27323 0.20053 0.15698 ( 1)  0.426
 430 C   0.36375 0.27302 0.20295 0.16028 ( 1)  0.431
 431 P   0.07039 0.22853 0.32795 0.37313 ( 4)  0.671
 432 V   0.08046 0.24326 0.32537 0.35091 ( 4)  0.655
 433 P   0.30592 0.26451 0.22761 0.20196 ( 1)  0.478
 434 G   0.36080 0.27195 0.20414 0.16312 ( 1)  0.433
 435 N   0.35516 0.27215 0.20668 0.16601 ( 1)  0.437
 436 S   0.34295 0.27077 0.21195 0.17432 ( 1)  0.447
 437 P   0.07092 0.22901 0.32761 0.37246 ( 4)  0.670
 438 E   0.38938 0.27445 0.19173 0.14444 ( 1)  0.411
 439 D   0.00963 0.12803 0.33555 0.52679 ( 4)  0.775
 440 L   0.35566 0.27184 0.20641 0.16609 ( 1)  0.437
 441 G   0.00953 0.12736 0.33536 0.52776 ( 4)  0.776
 442 Q   0.36446 0.27290 0.20262 0.16002 ( 1)  0.430
 443 P   0.36484 0.27244 0.20240 0.16033 ( 1)  0.430
 444 S   0.33476 0.26960 0.21546 0.18019 ( 1)  0.454
 445 L   0.35566 0.27184 0.20641 0.16609 ( 1)  0.437
 446 P   0.36484 0.27244 0.20240 0.16033 ( 1)  0.430
 447 H   0.37469 0.27374 0.19816 0.15340 ( 1)  0.422
 448 K   0.30655 0.26485 0.22740 0.20121 ( 1)  0.477
 449 L   0.35396 0.27161 0.20714 0.16729 ( 1)  0.439
 450 R   0.07902 0.24109 0.32571 0.35418 ( 4)  0.657
 451 I   0.35950 0.27258 0.20479 0.16312 ( 1)  0.434
 452 K   0.32538 0.26791 0.21940 0.18730 ( 1)  0.462
 453 S   0.36583 0.27308 0.20203 0.15906 ( 1)  0.429
 454 Q   0.05296 0.19812 0.32893 0.42000 ( 4)  0.702
 455 A   0.36890 0.27275 0.20063 0.15772 ( 1)  0.427
 456 F   0.07238 0.23127 0.32731 0.36904 ( 4)  0.668
 457 S   0.01020 0.13255 0.33832 0.51893 ( 4)  0.771
 458 R   0.35469 0.27185 0.20685 0.16661 ( 1)  0.438
 459 V   0.28404 0.25978 0.23664 0.21954 ( 1)  0.497
 460 P   0.29501 0.26238 0.23217 0.21044 ( 1)  0.487
 461 Q   0.00052 0.04034 0.26094 0.69819 ( 4)  0.849
 462 G   0.30406 0.26435 0.22843 0.20315 ( 1)  0.479
 463 W   0.30576 0.26474 0.22774 0.20176 ( 1)  0.478
 464 E   0.38938 0.27445 0.19173 0.14444 ( 1)  0.411
 465 G   0.33218 0.26900 0.21652 0.18230 ( 1)  0.456
 466 G   0.34941 0.27103 0.20909 0.17047 ( 1)  0.442
 467 Q   0.08165 0.24546 0.32537 0.34752 ( 4)  0.653
 468 A   0.00133 0.06793 0.30459 0.62615 ( 4)  0.823
 469 P   0.07295 0.23240 0.32738 0.36727 ( 4)  0.667
 470 S   0.00142 0.07052 0.30767 0.62039 ( 4)  0.820


lnL = -2350.987522

