Supplemental results for CODEML (seqf: algn  treef: tree)


dN/dS (w) for site classes (K=4)

p:   0.25000  0.25000  0.25000  0.25000
w:   0.15108  0.48287  0.76805  0.96054

Naive Empirical Bayes (NEB) probabilities for 4 classes & postmean_w
(amino acids refer to 1st sequence: calJac_NFILZ_XM_035286919)

   1 R   0.10314 0.24870 0.31287 0.33530 ( 4)  0.698
   2 G   0.11289 0.25807 0.30910 0.31994 ( 4)  0.686
   3 C   0.38058 0.26486 0.19519 0.15938 ( 1)  0.488
   4 L   0.35930 0.26429 0.20424 0.17217 ( 1)  0.504
   5 L   0.35930 0.26429 0.20424 0.17217 ( 1)  0.504
   6 A   0.35175 0.26381 0.20744 0.17700 ( 1)  0.510
   7 P   0.40356 0.26312 0.18548 0.14784 ( 1)  0.472
   8 R   0.31723 0.26140 0.22208 0.19929 ( 1)  0.536
   9 W   0.35457 0.26444 0.20626 0.17474 ( 1)  0.508
  10 T   0.35681 0.26437 0.20530 0.17352 ( 1)  0.506
  11 G   0.11124 0.25611 0.30962 0.32303 ( 4)  0.689
  12 L   0.32697 0.26202 0.21790 0.19310 ( 1)  0.529
  13 A   0.38423 0.26443 0.19364 0.15769 ( 1)  0.486
  14 T   0.00431 0.10587 0.33420 0.55562 ( 4)  0.842
  15 S   0.37716 0.26440 0.19664 0.16180 ( 1)  0.491
  16 -   0.34000 0.26229 0.21239 0.18532 ( 1)  0.519
  17 R   0.10410 0.25019 0.31269 0.33301 ( 4)  0.697
  18 S   0.41591 0.26359 0.18022 0.14029 ( 1)  0.463
  19 S   0.12158 0.26372 0.30496 0.30974 ( 4)  0.677
  20 P   0.06659 0.21140 0.32617 0.39583 ( 4)  0.743
  21 E   0.10759 0.25354 0.31134 0.32753 ( 4)  0.692
  22 S   0.11099 0.25637 0.30988 0.32277 ( 4)  0.689
  23 A   0.31780 0.26150 0.22184 0.19886 ( 1)  0.536
  24 S   0.02393 0.17755 0.34486 0.45366 ( 4)  0.790
  25 P   0.36007 0.26385 0.20390 0.17218 ( 1)  0.504
  26 T   0.02849 0.19373 0.34698 0.43081 ( 4)  0.778
  27 L   0.02949 0.19632 0.34673 0.42745 ( 4)  0.776
  28 N   0.35817 0.26474 0.20473 0.17236 ( 1)  0.505
  29 R   0.30858 0.26066 0.22575 0.20501 ( 1)  0.543
  30 I   0.34580 0.26409 0.20999 0.18012 ( 1)  0.514
  31 D   0.37755 0.26504 0.19648 0.16094 ( 1)  0.491
  32 M   0.38510 0.26519 0.19326 0.15644 ( 1)  0.485
  33 A   0.12046 0.26303 0.30547 0.31104 ( 4)  0.679
  34 L   0.32647 0.26255 0.21819 0.19279 ( 1)  0.529
  35 Q   0.10888 0.25463 0.31079 0.32570 ( 4)  0.691
  36 T   0.10473 0.25064 0.31239 0.33223 ( 4)  0.696
  37 A   0.12176 0.26404 0.30490 0.30930 ( 4)  0.677
  38 L   0.40106 0.26416 0.18650 0.14828 ( 1)  0.474
  39 P   0.32403 0.26198 0.21920 0.19479 ( 1)  0.531
  40 P   0.10397 0.24971 0.31262 0.33370 ( 4)  0.697
  41 A   0.12489 0.26746 0.30379 0.30387 ( 4)  0.673
  42 L   0.41446 0.26365 0.18083 0.14106 ( 1)  0.464
  43 F   0.40067 0.26485 0.18665 0.14783 ( 1)  0.474
  44 S   0.38000 0.26495 0.19543 0.15961 ( 1)  0.489
  45 C   0.10138 0.24784 0.31384 0.33694 ( 4)  0.700
  46 H   0.39753 0.26477 0.18798 0.14972 ( 1)  0.476
  47 L   0.13412 0.27366 0.29946 0.29276 ( 3)  0.664
  48 L   0.32647 0.26255 0.21819 0.19279 ( 1)  0.529
  49 D   0.10027 0.24675 0.31426 0.33871 ( 4)  0.701
  50 G   0.10356 0.24981 0.31296 0.33368 ( 4)  0.697
  51 H   0.10652 0.25252 0.31175 0.32921 ( 4)  0.694
  52 V   0.33139 0.26272 0.21608 0.18980 ( 1)  0.525
  53 G   0.10291 0.24882 0.31307 0.33519 ( 4)  0.698
  54 S   0.13333 0.27357 0.29994 0.29316 ( 3)  0.664
  55 R   0.30858 0.26066 0.22575 0.20501 ( 1)  0.543
  56 R   0.08689 0.23233 0.31881 0.36197 ( 4)  0.718
  57 E   0.35725 0.26460 0.20512 0.17304 ( 1)  0.505
  58 L   0.41446 0.26365 0.18083 0.14106 ( 1)  0.464
  59 R   0.31723 0.26140 0.22208 0.19929 ( 1)  0.536
  60 P   0.40356 0.26312 0.18548 0.14784 ( 1)  0.472
  61 C   0.12123 0.26465 0.30542 0.30871 ( 4)  0.677
  62 W   0.10574 0.25177 0.31206 0.33043 ( 4)  0.695
  63 G   0.34884 0.26384 0.20868 0.17864 ( 1)  0.512
  64 L   0.35930 0.26429 0.20424 0.17217 ( 1)  0.504
  65 W   0.35457 0.26444 0.20626 0.17474 ( 1)  0.508
  66 S   0.32212 0.26205 0.22002 0.19581 ( 1)  0.532
  67 P   0.34101 0.26285 0.21199 0.18416 ( 1)  0.518
  68 M   0.11932 0.26348 0.30636 0.31085 ( 4)  0.679
  69 P   0.13196 0.27241 0.30052 0.29511 ( 3)  0.666
  70 S   0.11699 0.26124 0.30727 0.31450 ( 4)  0.682
  71 G   0.00328 0.09180 0.32415 0.58077 ( 4)  0.852
  72 C   0.38955 0.26483 0.19137 0.15425 ( 1)  0.482
  73 R   0.02113 0.16806 0.34393 0.46688 ( 4)  0.797
  74 A   0.35998 0.26397 0.20394 0.17211 ( 1)  0.504
  75 S   0.32565 0.26238 0.21853 0.19344 ( 1)  0.530
  76 G   0.34884 0.26384 0.20868 0.17864 ( 1)  0.512
  77 P   0.34101 0.26285 0.21199 0.18416 ( 1)  0.518
  78 S   0.32687 0.26209 0.21799 0.19306 ( 1)  0.529
  79 D   0.09906 0.24563 0.31475 0.34055 ( 4)  0.702
  80 V   0.11356 0.25840 0.30874 0.31929 ( 4)  0.686
  81 L   0.32647 0.26255 0.21819 0.19279 ( 1)  0.529
  82 L   0.35930 0.26429 0.20424 0.17217 ( 1)  0.504
  83 T   0.32311 0.26221 0.21961 0.19507 ( 1)  0.531
  84 P   0.12867 0.26860 0.30167 0.30107 ( 3)  0.670
  85 T   0.35601 0.26433 0.20564 0.17402 ( 1)  0.507
  86 V   0.09940 0.24537 0.31440 0.34082 ( 4)  0.702
  87 D   0.34933 0.26402 0.20848 0.17817 ( 1)  0.512
  88 P   0.40356 0.26312 0.18548 0.14784 ( 1)  0.472
  89 M   0.38510 0.26519 0.19326 0.15644 ( 1)  0.485
  90 G   0.33681 0.26312 0.21377 0.18629 ( 1)  0.521
  91 L   0.35930 0.26429 0.20424 0.17217 ( 1)  0.504
  92 S   0.11099 0.25637 0.30988 0.32277 ( 4)  0.689
  93 H   0.10904 0.25336 0.31026 0.32735 ( 4)  0.692
  94 G   0.10345 0.24971 0.31300 0.33384 ( 4)  0.697
  95 V   0.36762 0.26466 0.20070 0.16702 ( 1)  0.498
  96 T   0.39742 0.26440 0.18804 0.15015 ( 1)  0.476
  97 C   0.38955 0.26483 0.19137 0.15425 ( 1)  0.482
  98 P   0.10929 0.25477 0.31055 0.32539 ( 4)  0.691
  99 V   0.12371 0.26638 0.30427 0.30564 ( 4)  0.675
 100 P   0.32403 0.26198 0.21920 0.19479 ( 1)  0.531
 101 G   0.33565 0.26295 0.21428 0.18712 ( 1)  0.522
 102 N   0.35096 0.26434 0.20780 0.17690 ( 1)  0.510
 103 S   0.34469 0.26396 0.21046 0.18089 ( 1)  0.515
 104 P   0.10651 0.25152 0.31143 0.33055 ( 4)  0.694
 105 E   0.35725 0.26460 0.20512 0.17304 ( 1)  0.505
 106 D   0.01989 0.16314 0.34292 0.47405 ( 4)  0.801
 107 L   0.35930 0.26429 0.20424 0.17217 ( 1)  0.504
 108 G   0.02007 0.16402 0.34320 0.47271 ( 4)  0.800
 109 Q   0.35742 0.26457 0.20504 0.17297 ( 1)  0.505
 110 P   0.40356 0.26312 0.18548 0.14784 ( 1)  0.472
 111 S   0.36767 0.26464 0.20068 0.16701 ( 1)  0.498
 112 L   0.35930 0.26429 0.20424 0.17217 ( 1)  0.504
 113 P   0.40356 0.26312 0.18548 0.14784 ( 1)  0.472
 114 H   0.39753 0.26477 0.18798 0.14972 ( 1)  0.476
 115 K   0.30306 0.26001 0.22808 0.20884 ( 1)  0.547
 116 L   0.35720 0.26417 0.20513 0.17350 ( 1)  0.506
 117 R   0.11673 0.26037 0.30718 0.31571 ( 4)  0.683
 118 I   0.37500 0.26500 0.19756 0.16244 ( 1)  0.492
 119 K   0.31261 0.26106 0.22405 0.20229 ( 1)  0.540
 120 S   0.41591 0.26359 0.18022 0.14029 ( 1)  0.463
 121 Q   0.07548 0.21976 0.32260 0.38216 ( 4)  0.732
 122 A   0.39183 0.26393 0.19043 0.15382 ( 1)  0.481
 123 F   0.10986 0.25425 0.30996 0.32594 ( 4)  0.691
 124 S   0.02087 0.16745 0.34407 0.46761 ( 4)  0.797
 125 R   0.33844 0.26336 0.21311 0.18509 ( 1)  0.520
 126 V   0.28974 0.25802 0.23366 0.21858 ( 1)  0.558
 127 P   0.31072 0.26089 0.22485 0.20354 ( 1)  0.541
 128 Q   0.00199 0.07221 0.30785 0.61795 ( 4)  0.865
 129 G   0.30702 0.26052 0.22641 0.20605 ( 1)  0.544
 130 W   0.30654 0.26049 0.22662 0.20635 ( 1)  0.544
 131 E   0.35725 0.26460 0.20512 0.17304 ( 1)  0.505
 132 G   0.33299 0.26290 0.21541 0.18870 ( 1)  0.524
 133 G   0.35255 0.26389 0.20710 0.17646 ( 1)  0.509
 134 Q   0.10616 0.25228 0.31193 0.32962 ( 4)  0.694
 135 A   0.00448 0.10761 0.33502 0.55290 ( 4)  0.841
 136 P   0.11179 0.25668 0.30942 0.32211 ( 4)  0.688
 137 S   0.00529 0.11675 0.33992 0.53804 ( 4)  0.835


lnL = -1197.507309

