Supplemental results for CODEML (seqf: algn  treef: tree)


dN/dS (w) for site classes (K=2)

p:   0.58891  0.41109
w:   0.12170  1.00000

Naive Empirical Bayes (NEB) probabilities for 2 classes & postmean_w
(amino acids refer to 1st sequence: calJac_NFILZ_XM_035286919)

   1 -   0.58891 0.41109 ( 1)  0.483
   2 -   0.58891 0.41109 ( 1)  0.483
   3 -   0.58891 0.41109 ( 1)  0.483
   4 -   0.58891 0.41109 ( 1)  0.483
   5 -   0.58891 0.41109 ( 1)  0.483
   6 -   0.58891 0.41109 ( 1)  0.483
   7 -   0.58891 0.41109 ( 1)  0.483
   8 -   0.58891 0.41109 ( 1)  0.483
   9 -   0.58891 0.41109 ( 1)  0.483
  10 -   0.58891 0.41109 ( 1)  0.483
  11 -   0.58891 0.41109 ( 1)  0.483
  12 -   0.58891 0.41109 ( 1)  0.483
  13 -   0.58891 0.41109 ( 1)  0.483
  14 -   0.58891 0.41109 ( 1)  0.483
  15 -   0.58891 0.41109 ( 1)  0.483
  16 -   0.58891 0.41109 ( 1)  0.483
  17 -   0.58891 0.41109 ( 1)  0.483
  18 -   0.58891 0.41109 ( 1)  0.483
  19 -   0.58891 0.41109 ( 1)  0.483
  20 -   0.58891 0.41109 ( 1)  0.483
  21 -   0.58891 0.41109 ( 1)  0.483
  22 -   0.58891 0.41109 ( 1)  0.483
  23 -   0.58891 0.41109 ( 1)  0.483
  24 -   0.58891 0.41109 ( 1)  0.483
  25 -   0.58891 0.41109 ( 1)  0.483
  26 -   0.58891 0.41109 ( 1)  0.483
  27 -   0.58891 0.41109 ( 1)  0.483
  28 -   0.58891 0.41109 ( 1)  0.483
  29 -   0.58891 0.41109 ( 1)  0.483
  30 -   0.58891 0.41109 ( 1)  0.483
  31 -   0.58891 0.41109 ( 1)  0.483
  32 -   0.58891 0.41109 ( 1)  0.483
  33 -   0.58891 0.41109 ( 1)  0.483
  34 -   0.58891 0.41109 ( 1)  0.483
  35 -   0.58891 0.41109 ( 1)  0.483
  36 -   0.58891 0.41109 ( 1)  0.483
  37 -   0.58891 0.41109 ( 1)  0.483
  38 -   0.58891 0.41109 ( 1)  0.483
  39 -   0.58891 0.41109 ( 1)  0.483
  40 -   0.58891 0.41109 ( 1)  0.483
  41 -   0.58891 0.41109 ( 1)  0.483
  42 -   0.58891 0.41109 ( 1)  0.483
  43 -   0.58891 0.41109 ( 1)  0.483
  44 -   0.58891 0.41109 ( 1)  0.483
  45 -   0.58891 0.41109 ( 1)  0.483
  46 -   0.58891 0.41109 ( 1)  0.483
  47 -   0.58891 0.41109 ( 1)  0.483
  48 -   0.58891 0.41109 ( 1)  0.483
  49 -   0.58891 0.41109 ( 1)  0.483
  50 -   0.58891 0.41109 ( 1)  0.483
  51 -   0.58891 0.41109 ( 1)  0.483
  52 -   0.58891 0.41109 ( 1)  0.483
  53 -   0.58891 0.41109 ( 1)  0.483
  54 -   0.58891 0.41109 ( 1)  0.483
  55 -   0.58891 0.41109 ( 1)  0.483
  56 -   0.58891 0.41109 ( 1)  0.483
  57 -   0.58891 0.41109 ( 1)  0.483
  58 -   0.58891 0.41109 ( 1)  0.483
  59 -   0.58891 0.41109 ( 1)  0.483
  60 -   0.58891 0.41109 ( 1)  0.483
  61 -   0.58891 0.41109 ( 1)  0.483
  62 -   0.58891 0.41109 ( 1)  0.483
  63 -   0.58891 0.41109 ( 1)  0.483
  64 -   0.58891 0.41109 ( 1)  0.483
  65 -   0.58891 0.41109 ( 1)  0.483
  66 -   0.58891 0.41109 ( 1)  0.483
  67 -   0.58891 0.41109 ( 1)  0.483
  68 -   0.58891 0.41109 ( 1)  0.483
  69 -   0.58891 0.41109 ( 1)  0.483
  70 -   0.58891 0.41109 ( 1)  0.483
  71 -   0.58891 0.41109 ( 1)  0.483
  72 -   0.58891 0.41109 ( 1)  0.483
  73 -   0.58891 0.41109 ( 1)  0.483
  74 -   0.58891 0.41109 ( 1)  0.483
  75 -   0.58891 0.41109 ( 1)  0.483
  76 -   0.58891 0.41109 ( 1)  0.483
  77 -   0.58891 0.41109 ( 1)  0.483
  78 -   0.58891 0.41109 ( 1)  0.483
  79 -   0.58891 0.41109 ( 1)  0.483
  80 -   0.58891 0.41109 ( 1)  0.483
  81 -   0.58891 0.41109 ( 1)  0.483
  82 -   0.58891 0.41109 ( 1)  0.483
  83 -   0.58891 0.41109 ( 1)  0.483
  84 -   0.58891 0.41109 ( 1)  0.483
  85 -   0.58891 0.41109 ( 1)  0.483
  86 -   0.58891 0.41109 ( 1)  0.483
  87 -   0.58891 0.41109 ( 1)  0.483
  88 -   0.58891 0.41109 ( 1)  0.483
  89 -   0.58891 0.41109 ( 1)  0.483
  90 -   0.58891 0.41109 ( 1)  0.483
  91 -   0.58891 0.41109 ( 1)  0.483
  92 -   0.58891 0.41109 ( 1)  0.483
  93 -   0.58891 0.41109 ( 1)  0.483
  94 -   0.58891 0.41109 ( 1)  0.483
  95 -   0.58891 0.41109 ( 1)  0.483
  96 -   0.58891 0.41109 ( 1)  0.483
  97 -   0.58891 0.41109 ( 1)  0.483
  98 -   0.58891 0.41109 ( 1)  0.483
  99 -   0.58891 0.41109 ( 1)  0.483
 100 -   0.58891 0.41109 ( 1)  0.483
 101 -   0.58891 0.41109 ( 1)  0.483
 102 -   0.58891 0.41109 ( 1)  0.483
 103 -   0.58891 0.41109 ( 1)  0.483
 104 -   0.58891 0.41109 ( 1)  0.483
 105 -   0.58891 0.41109 ( 1)  0.483
 106 -   0.58891 0.41109 ( 1)  0.483
 107 -   0.58891 0.41109 ( 1)  0.483
 108 -   0.58891 0.41109 ( 1)  0.483
 109 -   0.58891 0.41109 ( 1)  0.483
 110 -   0.58891 0.41109 ( 1)  0.483
 111 -   0.58891 0.41109 ( 1)  0.483
 112 -   0.58891 0.41109 ( 1)  0.483
 113 -   0.58891 0.41109 ( 1)  0.483
 114 -   0.58891 0.41109 ( 1)  0.483
 115 -   0.58891 0.41109 ( 1)  0.483
 116 -   0.58891 0.41109 ( 1)  0.483
 117 -   0.58891 0.41109 ( 1)  0.483
 118 -   0.58891 0.41109 ( 1)  0.483
 119 -   0.58891 0.41109 ( 1)  0.483
 120 -   0.58891 0.41109 ( 1)  0.483
 121 -   0.58891 0.41109 ( 1)  0.483
 122 -   0.58891 0.41109 ( 1)  0.483
 123 -   0.58891 0.41109 ( 1)  0.483
 124 -   0.58891 0.41109 ( 1)  0.483
 125 -   0.58891 0.41109 ( 1)  0.483
 126 -   0.58891 0.41109 ( 1)  0.483
 127 -   0.58891 0.41109 ( 1)  0.483
 128 -   0.58891 0.41109 ( 1)  0.483
 129 -   0.58891 0.41109 ( 1)  0.483
 130 -   0.58891 0.41109 ( 1)  0.483
 131 -   0.58891 0.41109 ( 1)  0.483
 132 -   0.58891 0.41109 ( 1)  0.483
 133 -   0.58891 0.41109 ( 1)  0.483
 134 -   0.58891 0.41109 ( 1)  0.483
 135 -   0.58891 0.41109 ( 1)  0.483
 136 -   0.58891 0.41109 ( 1)  0.483
 137 -   0.58891 0.41109 ( 1)  0.483
 138 -   0.58891 0.41109 ( 1)  0.483
 139 -   0.58891 0.41109 ( 1)  0.483
 140 -   0.58891 0.41109 ( 1)  0.483
 141 -   0.58891 0.41109 ( 1)  0.483
 142 -   0.58891 0.41109 ( 1)  0.483
 143 -   0.58891 0.41109 ( 1)  0.483
 144 -   0.58891 0.41109 ( 1)  0.483
 145 -   0.58891 0.41109 ( 1)  0.483
 146 -   0.58891 0.41109 ( 1)  0.483
 147 -   0.58891 0.41109 ( 1)  0.483
 148 -   0.58891 0.41109 ( 1)  0.483
 149 -   0.58891 0.41109 ( 1)  0.483
 150 -   0.58891 0.41109 ( 1)  0.483
 151 -   0.58891 0.41109 ( 1)  0.483
 152 -   0.58891 0.41109 ( 1)  0.483
 153 -   0.58891 0.41109 ( 1)  0.483
 154 -   0.58891 0.41109 ( 1)  0.483
 155 -   0.58891 0.41109 ( 1)  0.483
 156 -   0.58891 0.41109 ( 1)  0.483
 157 -   0.58891 0.41109 ( 1)  0.483
 158 -   0.58891 0.41109 ( 1)  0.483
 159 -   0.58891 0.41109 ( 1)  0.483
 160 -   0.58891 0.41109 ( 1)  0.483
 161 -   0.58891 0.41109 ( 1)  0.483
 162 -   0.58891 0.41109 ( 1)  0.483
 163 -   0.58891 0.41109 ( 1)  0.483
 164 -   0.58891 0.41109 ( 1)  0.483
 165 -   0.58891 0.41109 ( 1)  0.483
 166 -   0.58891 0.41109 ( 1)  0.483
 167 -   0.58891 0.41109 ( 1)  0.483
 168 -   0.58891 0.41109 ( 1)  0.483
 169 -   0.58891 0.41109 ( 1)  0.483
 170 -   0.58891 0.41109 ( 1)  0.483
 171 -   0.58891 0.41109 ( 1)  0.483
 172 -   0.58891 0.41109 ( 1)  0.483
 173 -   0.58891 0.41109 ( 1)  0.483
 174 -   0.58891 0.41109 ( 1)  0.483
 175 -   0.58891 0.41109 ( 1)  0.483
 176 -   0.58891 0.41109 ( 1)  0.483
 177 -   0.58891 0.41109 ( 1)  0.483
 178 -   0.58891 0.41109 ( 1)  0.483
 179 -   0.58891 0.41109 ( 1)  0.483
 180 -   0.58891 0.41109 ( 1)  0.483
 181 -   0.58891 0.41109 ( 1)  0.483
 182 M   0.83221 0.16779 ( 1)  0.269
 183 D   0.75513 0.24487 ( 1)  0.337
 184 V   0.81234 0.18766 ( 1)  0.287
 185 G   0.72655 0.27345 ( 1)  0.362
 186 F   0.04024 0.95976 ( 2)  0.965
 187 L   0.23268 0.76732 ( 2)  0.796
 188 G   0.28309 0.71691 ( 2)  0.751
 189 L   0.74681 0.25319 ( 1)  0.344
 190 P   0.20144 0.79856 ( 2)  0.823
 191 D   0.76025 0.23975 ( 1)  0.332
 192 V   0.31881 0.68119 ( 2)  0.720
 193 S   0.70373 0.29627 ( 1)  0.382
 194 Q   0.77886 0.22114 ( 1)  0.316
 195 S   0.25521 0.74479 ( 2)  0.776
 196 H   0.25042 0.74958 ( 2)  0.780
 197 S   0.28655 0.71345 ( 2)  0.748
 198 R   0.32543 0.67457 ( 2)  0.714
 199 T   0.74872 0.25128 ( 1)  0.342
 200 L   0.70852 0.29148 ( 1)  0.378
 201 W   0.27599 0.72401 ( 2)  0.758
 202 G   0.81499 0.18501 ( 1)  0.284
 203 T   0.22820 0.77180 ( 2)  0.800
 204 R   0.78379 0.21621 ( 1)  0.312
 205 G   0.75746 0.24254 ( 1)  0.335
 206 R   0.80825 0.19175 ( 1)  0.290
 207 G   0.75592 0.24408 ( 1)  0.336
 208 P   0.73298 0.26702 ( 1)  0.356
 209 T   0.00519 0.99481 ( 2)  0.995
 210 I   0.28499 0.71501 ( 2)  0.750
 211 R   0.71289 0.28711 ( 1)  0.374
 212 R   0.75027 0.24973 ( 1)  0.341
 213 Q   0.77886 0.22114 ( 1)  0.316
 214 R   0.77940 0.22060 ( 1)  0.315
 215 E   0.82681 0.17319 ( 1)  0.274
 216 F   0.74202 0.25798 ( 1)  0.348
 217 M   0.37568 0.62432 ( 2)  0.670
 218 P   0.70580 0.29420 ( 1)  0.380
 219 E   0.71233 0.28767 ( 1)  0.374
 220 E   0.35090 0.64910 ( 2)  0.692
 221 K   0.81322 0.18678 ( 1)  0.286
 222 K   0.81322 0.18678 ( 1)  0.286
 223 D   0.78379 0.21621 ( 1)  0.312
 224 T   0.71581 0.28419 ( 1)  0.371
 225 V   0.72422 0.27578 ( 1)  0.364
 226 Y   0.73178 0.26822 ( 1)  0.357
 227 W   0.76013 0.23987 ( 1)  0.332
 228 E   0.82681 0.17319 ( 1)  0.274
 229 K   0.81322 0.18678 ( 1)  0.286
 230 R   0.78379 0.21621 ( 1)  0.312
 231 R   0.78695 0.21305 ( 1)  0.309
 232 K   0.81322 0.18678 ( 1)  0.286
 233 N   0.76863 0.23137 ( 1)  0.325
 234 N   0.73979 0.26021 ( 1)  0.350
 235 E   0.81544 0.18456 ( 1)  0.284
 236 A   0.71842 0.28158 ( 1)  0.369
 237 A   0.75446 0.24554 ( 1)  0.337
 238 K   0.34285 0.65715 ( 2)  0.699
 239 R   0.69189 0.30811 ( 1)  0.392
 240 S   0.73127 0.26873 ( 1)  0.358
 241 R   0.77217 0.22783 ( 1)  0.322
 242 E   0.71233 0.28767 ( 1)  0.374
 243 K   0.81322 0.18678 ( 1)  0.286
 244 R   0.68687 0.31313 ( 1)  0.397
 245 R   0.71289 0.28711 ( 1)  0.374
 246 R   0.25222 0.74778 ( 2)  0.778
 247 N   0.74637 0.25363 ( 1)  0.344
 248 D   0.75513 0.24487 ( 1)  0.337
 249 A   0.71842 0.28158 ( 1)  0.369
 250 A   0.75446 0.24554 ( 1)  0.337
 251 I   0.25108 0.74892 ( 2)  0.779
 252 E   0.82681 0.17319 ( 1)  0.274
 253 G   0.28309 0.71691 ( 2)  0.751
 254 R   0.80825 0.19175 ( 1)  0.290
 255 L   0.74629 0.25371 ( 1)  0.345
 256 A   0.73116 0.26884 ( 1)  0.358
 257 A   0.68694 0.31306 ( 1)  0.397
 258 L   0.75630 0.24370 ( 1)  0.336
 259 M   0.37040 0.62960 ( 2)  0.675
 260 E   0.82681 0.17319 ( 1)  0.274
 261 E   0.82681 0.17319 ( 1)  0.274
 262 N   0.74656 0.25344 ( 1)  0.344
 263 A   0.27139 0.72861 ( 2)  0.762
 264 L   0.75630 0.24370 ( 1)  0.336
 265 L   0.73914 0.26086 ( 1)  0.351
 266 R   0.33738 0.66262 ( 2)  0.704
 267 D   0.03458 0.96542 ( 2)  0.970
 268 E   0.82681 0.17319 ( 1)  0.274
 269 L   0.75630 0.24370 ( 1)  0.336
 270 R   0.22734 0.77266 ( 2)  0.800
 271 A   0.81162 0.18838 ( 1)  0.287
 272 L   0.73914 0.26086 ( 1)  0.351
 273 K   0.81322 0.18678 ( 1)  0.286
 274 L   0.71068 0.28932 ( 1)  0.376
 275 R   0.26483 0.73517 ( 2)  0.767
 276 F   0.71579 0.28421 ( 1)  0.371
 277 G   0.75746 0.24254 ( 1)  0.335
 278 L   0.04013 0.95987 ( 2)  0.965
 279 L   0.75630 0.24370 ( 1)  0.336
 280 P   0.17008 0.82992 ( 2)  0.851
 281 L   0.27420 0.72580 ( 2)  0.759
 282 T   0.73904 0.26096 ( 1)  0.351
 283 G   0.72655 0.27345 ( 1)  0.362
 284 G   0.80333 0.19667 ( 1)  0.294
 285 P   0.73884 0.26116 ( 1)  0.351
 286 Q   0.04985 0.95015 ( 2)  0.956
 287 A   0.74831 0.25169 ( 1)  0.343
 288 L   0.03509 0.96491 ( 2)  0.969
 289 P   0.73884 0.26116 ( 1)  0.351
 290 L   0.75630 0.24370 ( 1)  0.336
 291 Q   0.77886 0.22114 ( 1)  0.316
 292 A   0.26085 0.73915 ( 2)  0.771
 293 L   0.27435 0.72565 ( 2)  0.759
 294 L   0.65816 0.34184 ( 1)  0.422
 295 W   0.27189 0.72811 ( 2)  0.761
 296 E   0.71233 0.28767 ( 1)  0.374
 297 A   0.24494 0.75506 ( 2)  0.785
 298 P   0.73884 0.26116 ( 1)  0.351
 299 W   0.76013 0.23987 ( 1)  0.332
 300 T   0.71940 0.28060 ( 1)  0.368
 301 G   0.81250 0.18750 ( 1)  0.286
 302 D   0.78379 0.21621 ( 1)  0.312
 303 H   0.03946 0.96054 ( 2)  0.965
 304 H   0.03914 0.96086 ( 2)  0.966
 305 P   0.71048 0.28952 ( 1)  0.376
 306 A   0.34037 0.65963 ( 2)  0.701
 307 A   0.72394 0.27606 ( 1)  0.364
 308 E   0.71233 0.28767 ( 1)  0.374
 309 A   0.21510 0.78490 ( 2)  0.811
 310 L   0.74996 0.25004 ( 1)  0.341
 311 S   0.69007 0.30993 ( 1)  0.394
 312 S   0.03903 0.96097 ( 2)  0.966
 313 L   0.70852 0.29148 ( 1)  0.378
 314 S   0.70373 0.29627 ( 1)  0.382
 315 G   0.24858 0.75142 ( 2)  0.782
 316 S   0.23607 0.76393 ( 2)  0.793
 317 H   0.76608 0.23392 ( 1)  0.327
 318 S   0.04042 0.95958 ( 2)  0.964
 319 C   0.74429 0.25571 ( 1)  0.346
 320 L   0.25146 0.74854 ( 2)  0.779
 321 L   0.64027 0.35973 ( 1)  0.438
 322 R   0.80825 0.19175 ( 1)  0.290
 323 P   0.67660 0.32340 ( 1)  0.406
 324 C   0.00435 0.99565 ( 2)  0.996
 325 S   0.73127 0.26873 ( 1)  0.358
 326 L   0.74057 0.25943 ( 1)  0.350
 327 D   0.75513 0.24487 ( 1)  0.337
 328 A   0.72394 0.27606 ( 1)  0.364
 329 G   0.81499 0.18501 ( 1)  0.284
 330 V   0.03454 0.96546 ( 2)  0.970
 331 P   0.20014 0.79986 ( 2)  0.824
 332 G   0.68449 0.31551 ( 1)  0.399
 333 C   0.72308 0.27692 ( 1)  0.365


lnL = -1937.109134

