Supplemental results for CODEML (seqf: algn  treef: tree)


dN/dS (w) for site classes (K=2)

p:   0.92264  0.07736
w:   0.09780  1.00000

Naive Empirical Bayes (NEB) probabilities for 2 classes & postmean_w
(amino acids refer to 1st sequence: aotNan_ASCL5_XM_021677339)

   1 M   0.99273 0.00727 ( 1)  0.104
   2 N   0.99772 0.00228 ( 1)  0.100
   3 N   0.65754 0.34246 ( 1)  0.407
   4 N   0.99790 0.00210 ( 1)  0.100
   5 F   0.36669 0.63331 ( 2)  0.669
   6 C   0.99834 0.00166 ( 1)  0.099
   7 R   0.99532 0.00468 ( 1)  0.102
   8 A   0.93608 0.06392 ( 1)  0.155
   9 L   0.94733 0.05267 ( 1)  0.145
  10 A   0.67106 0.32894 ( 1)  0.395
  11 D   0.88461 0.11539 ( 1)  0.202
  12 R   0.99515 0.00485 ( 1)  0.102
  13 R   0.98765 0.01235 ( 1)  0.109
  14 P   0.99845 0.00155 ( 1)  0.099
  15 L   0.60141 0.39859 ( 1)  0.457
  16 G   0.99629 0.00371 ( 1)  0.101
  17 S   0.98914 0.01086 ( 1)  0.108
  18 P   0.99910 0.00090 ( 1)  0.099
  19 G   0.97449 0.02551 ( 1)  0.121
  20 C   0.99778 0.00222 ( 1)  0.100
  21 M   0.56388 0.43612 ( 1)  0.491
  22 Q   0.72969 0.27031 ( 1)  0.342
  23 L   0.94746 0.05254 ( 1)  0.145
  24 S   0.85296 0.14704 ( 1)  0.230
  25 I   0.98940 0.01060 ( 1)  0.107
  26 V   0.17074 0.82926 ( 2)  0.846
  27 P   0.99103 0.00897 ( 1)  0.106
  28 P   0.65358 0.34642 ( 1)  0.410
  29 P   0.99929 0.00071 ( 1)  0.098
  30 R   0.99515 0.00485 ( 1)  0.102
  31 Q   0.99668 0.00332 ( 1)  0.101
  32 A   0.66086 0.33914 ( 1)  0.404
  33 P   0.99910 0.00090 ( 1)  0.099
  34 L   0.63537 0.36463 ( 1)  0.427
  35 P   0.98022 0.01978 ( 1)  0.116
  36 R   0.90501 0.09499 ( 1)  0.184
  37 A   0.99009 0.00991 ( 1)  0.107
  38 E   0.96417 0.03583 ( 1)  0.130
  39 P   0.99905 0.00095 ( 1)  0.099
  40 L   0.99352 0.00648 ( 1)  0.104
  41 G   0.99876 0.00124 ( 1)  0.099
  42 N   0.97823 0.02177 ( 1)  0.117
  43 V   0.95488 0.04512 ( 1)  0.139
  44 P   0.99929 0.00071 ( 1)  0.098
  45 F   0.99870 0.00130 ( 1)  0.099
  46 L   0.99524 0.00476 ( 1)  0.102
  47 L   0.99443 0.00557 ( 1)  0.103
  48 Y   0.99841 0.00159 ( 1)  0.099
  49 P   0.95703 0.04297 ( 1)  0.137
  50 G   0.99840 0.00160 ( 1)  0.099
  51 P   0.95788 0.04212 ( 1)  0.136
  52 S   0.80963 0.19037 ( 1)  0.270
  53 -   0.92264 0.07736 ( 1)  0.168
  54 E   0.99617 0.00383 ( 1)  0.101
  55 P   0.71083 0.28917 ( 1)  0.359
  56 P   0.99929 0.00071 ( 1)  0.098
  57 Y   0.99841 0.00159 ( 1)  0.099
  58 Y   0.99841 0.00159 ( 1)  0.099
  59 D   0.99921 0.00079 ( 1)  0.099
  60 A   0.99895 0.00105 ( 1)  0.099
  61 Y   0.99762 0.00238 ( 1)  0.100
  62 A   0.99465 0.00535 ( 1)  0.103
  63 G   0.99465 0.00535 ( 1)  0.103
  64 V   0.99544 0.00456 ( 1)  0.102
  65 F   0.99870 0.00130 ( 1)  0.099
  66 P   0.99929 0.00071 ( 1)  0.098
  67 Y   0.99691 0.00309 ( 1)  0.101
  68 V   0.99568 0.00432 ( 1)  0.102
  69 P   0.99917 0.00083 ( 1)  0.099
  70 F   0.99822 0.00178 ( 1)  0.099
  71 P   0.99929 0.00071 ( 1)  0.098
  72 G   0.99811 0.00189 ( 1)  0.100
  73 A   0.99904 0.00096 ( 1)  0.099
  74 F   0.99870 0.00130 ( 1)  0.099
  75 G   0.99465 0.00535 ( 1)  0.103
  76 V   0.99910 0.00090 ( 1)  0.099
  77 Y   0.99841 0.00159 ( 1)  0.099
  78 D   0.92855 0.07145 ( 1)  0.162
  79 Y   0.99826 0.00174 ( 1)  0.099
  80 P   0.99929 0.00071 ( 1)  0.098
  81 F   0.99870 0.00130 ( 1)  0.099
  82 E   0.99669 0.00331 ( 1)  0.101
  83 P   0.99670 0.00330 ( 1)  0.101
  84 A   0.99900 0.00100 ( 1)  0.099
  85 F   0.99870 0.00130 ( 1)  0.099
  86 I   0.99673 0.00327 ( 1)  0.101
  87 Q   0.99668 0.00332 ( 1)  0.101
  88 K   0.99163 0.00837 ( 1)  0.105
  89 R   0.99911 0.00089 ( 1)  0.099
  90 N   0.99790 0.00210 ( 1)  0.100
  91 E   0.99658 0.00342 ( 1)  0.101
  92 R   0.99911 0.00089 ( 1)  0.099
  93 E   0.99669 0.00331 ( 1)  0.101
  94 R   0.99664 0.00336 ( 1)  0.101
  95 Q   0.99668 0.00332 ( 1)  0.101
  96 R   0.99860 0.00140 ( 1)  0.099
  97 V   0.99805 0.00195 ( 1)  0.100
  98 K   0.99163 0.00837 ( 1)  0.105
  99 C   0.99834 0.00166 ( 1)  0.099
 100 V   0.99910 0.00090 ( 1)  0.099
 101 N   0.99790 0.00210 ( 1)  0.100
 102 E   0.99662 0.00338 ( 1)  0.101
 103 G   0.99832 0.00168 ( 1)  0.099
 104 Y   0.99841 0.00159 ( 1)  0.099
 105 A   0.99551 0.00449 ( 1)  0.102
 106 R   0.99911 0.00089 ( 1)  0.099
 107 L   0.99924 0.00076 ( 1)  0.098
 108 R   0.99911 0.00089 ( 1)  0.099
 109 G   0.99876 0.00124 ( 1)  0.099
 110 H   0.99945 0.00055 ( 1)  0.098
 111 L   0.99928 0.00072 ( 1)  0.098
 112 P   0.99923 0.00077 ( 1)  0.099
 113 G   0.99876 0.00124 ( 1)  0.099
 114 A   0.99904 0.00096 ( 1)  0.099
 115 L   0.99470 0.00530 ( 1)  0.103
 116 A   0.98967 0.01033 ( 1)  0.107
 117 E   0.99669 0.00331 ( 1)  0.101
 118 K   0.98844 0.01156 ( 1)  0.108
 119 R   0.98862 0.01138 ( 1)  0.108
 120 L   0.99854 0.00146 ( 1)  0.099
 121 S   0.99713 0.00287 ( 1)  0.100
 122 K   0.99163 0.00837 ( 1)  0.105
 123 V   0.99568 0.00432 ( 1)  0.102
 124 E   0.99597 0.00403 ( 1)  0.101
 125 T   0.99499 0.00501 ( 1)  0.102
 126 L   0.99440 0.00560 ( 1)  0.103
 127 -   0.92264 0.07736 ( 1)  0.168
 128 -   0.92264 0.07736 ( 1)  0.168
 129 -   0.92264 0.07736 ( 1)  0.168
 130 -   0.92264 0.07736 ( 1)  0.168
 131 -   0.92264 0.07736 ( 1)  0.168
 132 -   0.92264 0.07736 ( 1)  0.168
 133 -   0.92264 0.07736 ( 1)  0.168
 134 -   0.92264 0.07736 ( 1)  0.168
 135 -   0.92264 0.07736 ( 1)  0.168
 136 -   0.92264 0.07736 ( 1)  0.168
 137 -   0.92264 0.07736 ( 1)  0.168
 138 -   0.92264 0.07736 ( 1)  0.168
 139 -   0.92264 0.07736 ( 1)  0.168
 140 -   0.92264 0.07736 ( 1)  0.168
 141 -   0.92264 0.07736 ( 1)  0.168
 142 -   0.92264 0.07736 ( 1)  0.168
 143 -   0.92264 0.07736 ( 1)  0.168
 144 -   0.92264 0.07736 ( 1)  0.168
 145 -   0.92264 0.07736 ( 1)  0.168
 146 -   0.92264 0.07736 ( 1)  0.168
 147 -   0.92264 0.07736 ( 1)  0.168
 148 -   0.92264 0.07736 ( 1)  0.168
 149 -   0.92264 0.07736 ( 1)  0.168
 150 -   0.92264 0.07736 ( 1)  0.168
 151 -   0.92264 0.07736 ( 1)  0.168
 152 -   0.92264 0.07736 ( 1)  0.168
 153 -   0.92264 0.07736 ( 1)  0.168
 154 -   0.92264 0.07736 ( 1)  0.168
 155 -   0.92264 0.07736 ( 1)  0.168
 156 -   0.92264 0.07736 ( 1)  0.168
 157 -   0.92264 0.07736 ( 1)  0.168
 158 -   0.92264 0.07736 ( 1)  0.168
 159 -   0.92264 0.07736 ( 1)  0.168
 160 -   0.92264 0.07736 ( 1)  0.168
 161 -   0.92264 0.07736 ( 1)  0.168
 162 -   0.92264 0.07736 ( 1)  0.168
 163 -   0.92264 0.07736 ( 1)  0.168
 164 -   0.92264 0.07736 ( 1)  0.168
 165 R   0.99911 0.00089 ( 1)  0.099
 166 A   0.99887 0.00113 ( 1)  0.099
 167 A   0.99887 0.00113 ( 1)  0.099
 168 I   0.99716 0.00284 ( 1)  0.100
 169 R   0.99895 0.00105 ( 1)  0.099
 170 Y   0.99817 0.00183 ( 1)  0.099
 171 I   0.99583 0.00417 ( 1)  0.102
 172 K   0.99091 0.00909 ( 1)  0.106
 173 Y   0.75530 0.24470 ( 1)  0.319
 174 L   0.99414 0.00586 ( 1)  0.103
 175 Q   0.99566 0.00434 ( 1)  0.102
 176 E   0.99628 0.00372 ( 1)  0.101
 177 L   0.99414 0.00586 ( 1)  0.103
 178 L   0.99441 0.00559 ( 1)  0.103
 179 S   0.99676 0.00324 ( 1)  0.101
 180 A   0.95702 0.04298 ( 1)  0.137
 181 A   0.99874 0.00126 ( 1)  0.099
 182 P   0.99298 0.00702 ( 1)  0.104
 183 D   0.99894 0.00106 ( 1)  0.099
 184 G   0.99854 0.00146 ( 1)  0.099
 185 A   0.94809 0.05191 ( 1)  0.145
 186 P   0.57995 0.42005 ( 1)  0.477
 187 P   0.44978 0.55022 ( 2)  0.594
 188 P   0.99728 0.00272 ( 1)  0.100
 189 A   0.98939 0.01061 ( 1)  0.107
 190 A   0.25101 0.74899 ( 2)  0.774
 191 R   0.99789 0.00211 ( 1)  0.100
 192 V   0.74696 0.25304 ( 1)  0.326
 193 L   0.99839 0.00161 ( 1)  0.099
 194 P   0.99522 0.00478 ( 1)  0.102
 195 A   0.94938 0.05062 ( 1)  0.143
 196 P   0.67262 0.32738 ( 1)  0.393
 197 G   0.00554 0.99446 ( 2)  0.995
 198 P   0.81856 0.18144 ( 1)  0.261
 199 A   0.01832 0.98168 ( 2)  0.983
 200 P   0.99798 0.00202 ( 1)  0.100
 201 -   0.99188 0.00812 ( 1)  0.105
 202 -   0.91724 0.08276 ( 1)  0.172
 203 -   0.76154 0.23846 ( 1)  0.313
 204 -   0.97363 0.02637 ( 1)  0.122
 205 -   0.64911 0.35089 ( 1)  0.414
 206 -   0.97956 0.02044 ( 1)  0.116
 207 -   0.40232 0.59768 ( 2)  0.637
 208 -   0.97501 0.02499 ( 1)  0.120
 209 -   0.99772 0.00228 ( 1)  0.100
 210 R   0.77694 0.22306 ( 1)  0.299
 211 R   0.92264 0.07736 ( 1)  0.168
 212 P   0.92264 0.07736 ( 1)  0.168
 213 P   0.92264 0.07736 ( 1)  0.168
 214 P   0.92264 0.07736 ( 1)  0.168
 215 R   0.92264 0.07736 ( 1)  0.168
 216 P   0.92264 0.07736 ( 1)  0.168
 217 N   0.92264 0.07736 ( 1)  0.168
 218 A   0.92264 0.07736 ( 1)  0.168
 219 P   0.98749 0.01251 ( 1)  0.109
 220 G   0.99756 0.00244 ( 1)  0.100
 221 -   0.92264 0.07736 ( 1)  0.168
 222 -   0.92264 0.07736 ( 1)  0.168
 223 D   0.84849 0.15151 ( 1)  0.234
 224 G   0.73220 0.26780 ( 1)  0.339
 225 E   0.99352 0.00648 ( 1)  0.104
 226 D   0.97924 0.02076 ( 1)  0.117
 227 R   0.55431 0.44569 ( 1)  0.500
 228 A   0.54842 0.45158 ( 1)  0.505
 229 P   0.99853 0.00147 ( 1)  0.099
 230 S   0.83367 0.16633 ( 1)  0.248
 231 S   0.78928 0.21072 ( 1)  0.288
 232 L   0.92226 0.07774 ( 1)  0.168
 233 V   0.41984 0.58016 ( 2)  0.621
 234 P   0.95857 0.04143 ( 1)  0.135
 235 E   0.94425 0.05575 ( 1)  0.148
 236 S   0.97657 0.02343 ( 1)  0.119
 237 S   0.99791 0.00209 ( 1)  0.100
 238 E   0.99352 0.00648 ( 1)  0.104
 239 S   0.99802 0.00198 ( 1)  0.100
 240 S   0.99846 0.00154 ( 1)  0.099
 241 C   0.99589 0.00411 ( 1)  0.102
 242 F   0.99749 0.00251 ( 1)  0.100
 243 S   0.99846 0.00154 ( 1)  0.099
 244 P   0.83172 0.16828 ( 1)  0.250
 245 S   0.99253 0.00747 ( 1)  0.105
 246 P   0.94713 0.05287 ( 1)  0.146
 247 F   0.99749 0.00251 ( 1)  0.100
 248 L   0.77979 0.22021 ( 1)  0.296
 249 E   0.99237 0.00763 ( 1)  0.105
 250 S   0.99253 0.00747 ( 1)  0.105
 251 E   0.99451 0.00549 ( 1)  0.103
 252 E   0.96848 0.03152 ( 1)  0.126
 253 S   0.99836 0.00164 ( 1)  0.099
 254 C   0.70265 0.29735 ( 1)  0.366
 255 H   0.83507 0.16493 ( 1)  0.247


lnL = -2388.429875

