Supplemental results for CODEML (seqf: algn  treef: tree)


dN/dS (w) for site classes (K=2)

p:   0.62146  0.37854
w:   0.31739  1.00000

Naive Empirical Bayes (NEB) probabilities for 2 classes & postmean_w
(amino acids refer to 1st sequence: calJac_NFILZ_XM_035286919)

   1 R   0.47908 0.52092 ( 2)  0.673
   2 G   0.50927 0.49073 ( 1)  0.652
   3 C   0.77493 0.22507 ( 1)  0.471
   4 L   0.75417 0.24583 ( 1)  0.485
   5 L   0.75417 0.24583 ( 1)  0.485
   6 A   0.74620 0.25380 ( 1)  0.491
   7 P   0.79257 0.20743 ( 1)  0.459
   8 R   0.70922 0.29078 ( 1)  0.516
   9 W   0.75014 0.24986 ( 1)  0.488
  10 T   0.75206 0.24794 ( 1)  0.487
  11 G   0.50332 0.49668 ( 1)  0.656
  12 L   0.71949 0.28051 ( 1)  0.509
  13 A   0.77742 0.22258 ( 1)  0.469
  14 T   0.08656 0.91344 ( 2)  0.941
  15 S   0.77087 0.22913 ( 1)  0.474
  16 -   0.73213 0.26787 ( 1)  0.500
  17 R   0.48341 0.51659 ( 2)  0.670
  18 S   0.80485 0.19515 ( 1)  0.451
  19 S   0.52988 0.47012 ( 1)  0.638
  20 P   0.36165 0.63835 ( 2)  0.753
  21 E   0.49416 0.50584 ( 2)  0.663
  22 S   0.50369 0.49631 ( 1)  0.656
  23 A   0.70991 0.29009 ( 1)  0.515
  24 S   0.23870 0.76130 ( 2)  0.837
  25 P   0.75396 0.24604 ( 1)  0.485
  26 T   0.27682 0.72318 ( 2)  0.811
  27 L   0.28334 0.71666 ( 2)  0.807
  28 N   0.75410 0.24590 ( 1)  0.485
  29 R   0.69959 0.30041 ( 1)  0.522
  30 I   0.74133 0.25867 ( 1)  0.494
  31 D   0.77254 0.22746 ( 1)  0.473
  32 M   0.77979 0.22021 ( 1)  0.468
  33 A   0.52723 0.47277 ( 1)  0.640
  34 L   0.72021 0.27979 ( 1)  0.508
  35 Q   0.49784 0.50216 ( 2)  0.660
  36 T   0.48501 0.51499 ( 2)  0.669
  37 A   0.53068 0.46932 ( 1)  0.638
  38 L   0.79232 0.20768 ( 1)  0.459
  39 P   0.71671 0.28329 ( 1)  0.511
  40 P   0.48213 0.51787 ( 2)  0.671
  41 A   0.54118 0.45882 ( 1)  0.631
  42 L   0.80365 0.19635 ( 1)  0.451
  43 F   0.79339 0.20661 ( 1)  0.458
  44 S   0.77461 0.22539 ( 1)  0.471
  45 C   0.47557 0.52443 ( 2)  0.675
  46 H   0.79034 0.20966 ( 1)  0.461
  47 L   0.56321 0.43679 ( 1)  0.616
  48 L   0.72021 0.27979 ( 1)  0.508
  49 D   0.47211 0.52789 ( 2)  0.678
  50 G   0.48206 0.51794 ( 2)  0.671
  51 H   0.49091 0.50909 ( 2)  0.665
  52 V   0.72513 0.27487 ( 1)  0.505
  53 G   0.47920 0.52080 ( 2)  0.673
  54 S   0.56232 0.43768 ( 1)  0.616
  55 R   0.69959 0.30041 ( 1)  0.522
  56 R   0.42695 0.57305 ( 2)  0.709
  57 E   0.75295 0.24705 ( 1)  0.486
  58 L   0.80365 0.19635 ( 1)  0.451
  59 R   0.70922 0.29078 ( 1)  0.516
  60 P   0.79257 0.20743 ( 1)  0.459
  61 C   0.53160 0.46840 ( 1)  0.637
  62 W   0.48851 0.51149 ( 2)  0.667
  63 G   0.74358 0.25642 ( 1)  0.492
  64 L   0.75417 0.24583 ( 1)  0.485
  65 W   0.75014 0.24986 ( 1)  0.488
  66 S   0.71510 0.28490 ( 1)  0.512
  67 P   0.73430 0.26570 ( 1)  0.499
  68 M   0.52727 0.47273 ( 1)  0.640
  69 P   0.55853 0.44147 ( 1)  0.619
  70 S   0.52013 0.47987 ( 1)  0.645
  71 G   0.06728 0.93272 ( 2)  0.954
  72 C   0.78313 0.21687 ( 1)  0.465
  73 R   0.21684 0.78316 ( 2)  0.852
  74 A   0.75415 0.24585 ( 1)  0.485
  75 S   0.71907 0.28093 ( 1)  0.509
  76 G   0.74358 0.25642 ( 1)  0.492
  77 P   0.73430 0.26570 ( 1)  0.499
  78 S   0.71961 0.28039 ( 1)  0.509
  79 D   0.46844 0.53156 ( 2)  0.680
  80 V   0.51061 0.48939 ( 1)  0.651
  81 L   0.72021 0.27979 ( 1)  0.508
  82 L   0.75417 0.24583 ( 1)  0.485
  83 T   0.71636 0.28364 ( 1)  0.511
  84 P   0.54707 0.45293 ( 1)  0.627
  85 T   0.75124 0.24876 ( 1)  0.487
  86 V   0.46819 0.53181 ( 2)  0.680
  87 D   0.74447 0.25553 ( 1)  0.492
  88 P   0.79257 0.20743 ( 1)  0.459
  89 M   0.77979 0.22021 ( 1)  0.468
  90 G   0.73097 0.26903 ( 1)  0.501
  91 L   0.75417 0.24583 ( 1)  0.485
  92 S   0.50369 0.49631 ( 1)  0.656
  93 H   0.49508 0.50492 ( 2)  0.662
  94 G   0.48173 0.51827 ( 2)  0.671
  95 V   0.76260 0.23740 ( 1)  0.479
  96 T   0.78949 0.21051 ( 1)  0.461
  97 C   0.78313 0.21687 ( 1)  0.465
  98 P   0.49854 0.50146 ( 2)  0.660
  99 V   0.53770 0.46230 ( 1)  0.633
 100 P   0.71671 0.28329 ( 1)  0.511
 101 G   0.72953 0.27047 ( 1)  0.502
 102 N   0.74661 0.25339 ( 1)  0.490
 103 S   0.74003 0.25997 ( 1)  0.495
 104 P   0.48861 0.51139 ( 2)  0.666
 105 E   0.75295 0.24705 ( 1)  0.486
 106 D   0.20598 0.79402 ( 2)  0.859
 107 L   0.75417 0.24583 ( 1)  0.485
 108 G   0.20783 0.79217 ( 2)  0.858
 109 Q   0.75305 0.24695 ( 1)  0.486
 110 P   0.79257 0.20743 ( 1)  0.459
 111 S   0.76261 0.23739 ( 1)  0.479
 112 L   0.75417 0.24583 ( 1)  0.485
 113 P   0.79257 0.20743 ( 1)  0.459
 114 H   0.79034 0.20966 ( 1)  0.461
 115 K   0.69307 0.30693 ( 1)  0.527
 116 L   0.75199 0.24801 ( 1)  0.487
 117 R   0.51789 0.48211 ( 1)  0.646
 118 I   0.77009 0.22991 ( 1)  0.474
 119 K   0.70419 0.29581 ( 1)  0.519
 120 S   0.80485 0.19515 ( 1)  0.451
 121 Q   0.38762 0.61238 ( 2)  0.735
 122 A   0.78339 0.21661 ( 1)  0.465
 123 F   0.49784 0.50216 ( 2)  0.660
 124 S   0.21518 0.78482 ( 2)  0.853
 125 R   0.73299 0.26701 ( 1)  0.500
 126 V   0.67625 0.32375 ( 1)  0.538
 127 P   0.70191 0.29809 ( 1)  0.521
 128 Q   0.04399 0.95601 ( 2)  0.970
 129 G   0.69768 0.30232 ( 1)  0.524
 130 W   0.69719 0.30281 ( 1)  0.524
 131 E   0.75295 0.24705 ( 1)  0.486
 132 G   0.72697 0.27303 ( 1)  0.504
 133 G   0.74708 0.25292 ( 1)  0.490
 134 Q   0.49004 0.50996 ( 2)  0.665
 135 A   0.08907 0.91093 ( 2)  0.939
 136 P   0.50503 0.49497 ( 1)  0.655
 137 S   0.10303 0.89697 ( 2)  0.930


lnL = -1197.171196

