Supplemental results for CODEML (seqf: algn  treef: tree)


dN/dS (w) for site classes (K=4)

p:   0.25000  0.25000  0.25000  0.25000
w:   0.00067  0.14637  0.80857  0.99884

Naive Empirical Bayes (NEB) probabilities for 4 classes & postmean_w
(amino acids refer to 1st sequence: calJac_NFILZ_XM_035286919)

   1 -   0.25000 0.25000 0.25000 0.25000 ( 2)  0.489
   2 -   0.25000 0.25000 0.25000 0.25000 ( 1)  0.489
   3 -   0.25000 0.25000 0.25000 0.25000 ( 2)  0.489
   4 -   0.25000 0.25000 0.25000 0.25000 ( 2)  0.489
   5 -   0.25000 0.25000 0.25000 0.25000 ( 2)  0.489
   6 -   0.25000 0.25000 0.25000 0.25000 ( 2)  0.489
   7 -   0.25000 0.25000 0.25000 0.25000 ( 2)  0.489
   8 -   0.25000 0.25000 0.25000 0.25000 ( 2)  0.489
   9 -   0.25000 0.25000 0.25000 0.25000 ( 2)  0.489
  10 -   0.25000 0.25000 0.25000 0.25000 ( 2)  0.489
  11 -   0.25000 0.25000 0.25000 0.25000 ( 2)  0.489
  12 -   0.25000 0.25000 0.25000 0.25000 ( 2)  0.489
  13 -   0.25000 0.25000 0.25000 0.25000 ( 2)  0.489
  14 -   0.25000 0.25000 0.25000 0.25000 ( 1)  0.489
  15 -   0.25000 0.25000 0.25000 0.25000 ( 2)  0.489
  16 -   0.25000 0.25000 0.25000 0.25000 ( 2)  0.489
  17 -   0.25000 0.25000 0.25000 0.25000 ( 2)  0.489
  18 -   0.25000 0.25000 0.25000 0.25000 ( 2)  0.489
  19 -   0.25000 0.25000 0.25000 0.25000 ( 2)  0.489
  20 -   0.25000 0.25000 0.25000 0.25000 ( 1)  0.489
  21 -   0.25000 0.25000 0.25000 0.25000 ( 2)  0.489
  22 -   0.25000 0.25000 0.25000 0.25000 ( 3)  0.489
  23 -   0.25000 0.25000 0.25000 0.25000 ( 2)  0.489
  24 -   0.25000 0.25000 0.25000 0.25000 ( 2)  0.489
  25 -   0.25000 0.25000 0.25000 0.25000 ( 2)  0.489
  26 -   0.25000 0.25000 0.25000 0.25000 ( 2)  0.489
  27 -   0.25000 0.25000 0.25000 0.25000 ( 2)  0.489
  28 -   0.25000 0.25000 0.25000 0.25000 ( 2)  0.489
  29 -   0.25000 0.25000 0.25000 0.25000 ( 1)  0.489
  30 -   0.25000 0.25000 0.25000 0.25000 ( 2)  0.489
  31 -   0.25000 0.25000 0.25000 0.25000 ( 2)  0.489
  32 -   0.25000 0.25000 0.25000 0.25000 ( 2)  0.489
  33 -   0.25000 0.25000 0.25000 0.25000 ( 3)  0.489
  34 -   0.25000 0.25000 0.25000 0.25000 ( 2)  0.489
  35 -   0.25000 0.25000 0.25000 0.25000 ( 2)  0.489
  36 -   0.25000 0.25000 0.25000 0.25000 ( 2)  0.489
  37 -   0.25000 0.25000 0.25000 0.25000 ( 1)  0.489
  38 -   0.25000 0.25000 0.25000 0.25000 ( 2)  0.489
  39 -   0.25000 0.25000 0.25000 0.25000 ( 2)  0.489
  40 -   0.25000 0.25000 0.25000 0.25000 ( 2)  0.489
  41 -   0.25000 0.25000 0.25000 0.25000 ( 2)  0.489
  42 -   0.25000 0.25000 0.25000 0.25000 ( 2)  0.489
  43 -   0.25000 0.25000 0.25000 0.25000 ( 2)  0.489
  44 -   0.25000 0.25000 0.25000 0.25000 ( 2)  0.489
  45 -   0.25000 0.25000 0.25000 0.25000 ( 2)  0.489
  46 -   0.25000 0.25000 0.25000 0.25000 ( 2)  0.489
  47 -   0.25000 0.25000 0.25000 0.25000 ( 2)  0.489
  48 -   0.25000 0.25000 0.25000 0.25000 ( 2)  0.489
  49 -   0.25000 0.25000 0.25000 0.25000 ( 2)  0.489
  50 -   0.25000 0.25000 0.25000 0.25000 ( 2)  0.489
  51 -   0.25000 0.25000 0.25000 0.25000 ( 2)  0.489
  52 -   0.25000 0.25000 0.25000 0.25000 ( 2)  0.489
  53 -   0.25000 0.25000 0.25000 0.25000 ( 2)  0.489
  54 -   0.25000 0.25000 0.25000 0.25000 ( 2)  0.489
  55 -   0.25000 0.25000 0.25000 0.25000 ( 1)  0.489
  56 -   0.25000 0.25000 0.25000 0.25000 ( 1)  0.489
  57 -   0.25000 0.25000 0.25000 0.25000 ( 1)  0.489
  58 -   0.25000 0.25000 0.25000 0.25000 ( 2)  0.489
  59 -   0.25000 0.25000 0.25000 0.25000 ( 2)  0.489
  60 -   0.25000 0.25000 0.25000 0.25000 ( 2)  0.489
  61 -   0.25000 0.25000 0.25000 0.25000 ( 2)  0.489
  62 -   0.25000 0.25000 0.25000 0.25000 ( 1)  0.489
  63 -   0.25000 0.25000 0.25000 0.25000 ( 2)  0.489
  64 -   0.25000 0.25000 0.25000 0.25000 ( 2)  0.489
  65 -   0.25000 0.25000 0.25000 0.25000 ( 2)  0.489
  66 -   0.25000 0.25000 0.25000 0.25000 ( 2)  0.489
  67 -   0.25000 0.25000 0.25000 0.25000 ( 2)  0.489
  68 -   0.25000 0.25000 0.25000 0.25000 ( 2)  0.489
  69 -   0.25000 0.25000 0.25000 0.25000 ( 2)  0.489
  70 -   0.25000 0.25000 0.25000 0.25000 ( 1)  0.489
  71 -   0.25000 0.25000 0.25000 0.25000 ( 2)  0.489
  72 -   0.25000 0.25000 0.25000 0.25000 ( 2)  0.489
  73 -   0.25000 0.25000 0.25000 0.25000 ( 2)  0.489
  74 -   0.25000 0.25000 0.25000 0.25000 ( 2)  0.489
  75 -   0.25000 0.25000 0.25000 0.25000 ( 2)  0.489
  76 -   0.25000 0.25000 0.25000 0.25000 ( 2)  0.489
  77 -   0.25000 0.25000 0.25000 0.25000 ( 2)  0.489
  78 -   0.25000 0.25000 0.25000 0.25000 ( 2)  0.489
  79 -   0.25000 0.25000 0.25000 0.25000 ( 2)  0.489
  80 -   0.25000 0.25000 0.25000 0.25000 ( 2)  0.489
  81 -   0.25000 0.25000 0.25000 0.25000 ( 2)  0.489
  82 -   0.25000 0.25000 0.25000 0.25000 ( 2)  0.489
  83 -   0.25000 0.25000 0.25000 0.25000 ( 2)  0.489
  84 -   0.25000 0.25000 0.25000 0.25000 ( 2)  0.489
  85 -   0.25000 0.25000 0.25000 0.25000 ( 2)  0.489
  86 -   0.25000 0.25000 0.25000 0.25000 ( 1)  0.489
  87 -   0.25000 0.25000 0.25000 0.25000 ( 2)  0.489
  88 -   0.25000 0.25000 0.25000 0.25000 ( 2)  0.489
  89 -   0.25000 0.25000 0.25000 0.25000 ( 2)  0.489
  90 -   0.25000 0.25000 0.25000 0.25000 ( 2)  0.489
  91 -   0.25000 0.25000 0.25000 0.25000 ( 2)  0.489
  92 -   0.25000 0.25000 0.25000 0.25000 ( 2)  0.489
  93 -   0.25000 0.25000 0.25000 0.25000 ( 2)  0.489
  94 -   0.25000 0.25000 0.25000 0.25000 ( 2)  0.489
  95 -   0.25000 0.25000 0.25000 0.25000 ( 2)  0.489
  96 -   0.25000 0.25000 0.25000 0.25000 ( 1)  0.489
  97 -   0.25000 0.25000 0.25000 0.25000 ( 2)  0.489
  98 -   0.25000 0.25000 0.25000 0.25000 ( 1)  0.489
  99 -   0.25000 0.25000 0.25000 0.25000 ( 2)  0.489
 100 -   0.25000 0.25000 0.25000 0.25000 ( 2)  0.489
 101 -   0.25000 0.25000 0.25000 0.25000 ( 1)  0.489
 102 -   0.25000 0.25000 0.25000 0.25000 ( 2)  0.489
 103 -   0.25000 0.25000 0.25000 0.25000 ( 2)  0.489
 104 -   0.25000 0.25000 0.25000 0.25000 ( 2)  0.489
 105 -   0.25000 0.25000 0.25000 0.25000 ( 2)  0.489
 106 -   0.25000 0.25000 0.25000 0.25000 ( 2)  0.489
 107 -   0.25000 0.25000 0.25000 0.25000 ( 2)  0.489
 108 -   0.25000 0.25000 0.25000 0.25000 ( 2)  0.489
 109 -   0.25000 0.25000 0.25000 0.25000 ( 2)  0.489
 110 -   0.25000 0.25000 0.25000 0.25000 ( 1)  0.489
 111 -   0.25000 0.25000 0.25000 0.25000 ( 3)  0.489
 112 -   0.25000 0.25000 0.25000 0.25000 ( 1)  0.489
 113 -   0.25000 0.25000 0.25000 0.25000 ( 2)  0.489
 114 -   0.25000 0.25000 0.25000 0.25000 ( 2)  0.489
 115 -   0.25000 0.25000 0.25000 0.25000 ( 1)  0.489
 116 -   0.25000 0.25000 0.25000 0.25000 ( 2)  0.489
 117 -   0.25000 0.25000 0.25000 0.25000 ( 2)  0.489
 118 -   0.25000 0.25000 0.25000 0.25000 ( 2)  0.489
 119 -   0.25000 0.25000 0.25000 0.25000 ( 2)  0.489
 120 -   0.25000 0.25000 0.25000 0.25000 ( 2)  0.489
 121 -   0.25000 0.25000 0.25000 0.25000 ( 2)  0.489
 122 -   0.25000 0.25000 0.25000 0.25000 ( 2)  0.489
 123 -   0.25000 0.25000 0.25000 0.25000 ( 2)  0.489
 124 -   0.25000 0.25000 0.25000 0.25000 ( 2)  0.489
 125 -   0.25000 0.25000 0.25000 0.25000 ( 2)  0.489
 126 -   0.25000 0.25000 0.25000 0.25000 ( 2)  0.489
 127 -   0.25000 0.25000 0.25000 0.25000 ( 2)  0.489
 128 -   0.25000 0.25000 0.25000 0.25000 ( 2)  0.489
 129 -   0.25000 0.25000 0.25000 0.25000 ( 2)  0.489
 130 -   0.25000 0.25000 0.25000 0.25000 ( 2)  0.489
 131 -   0.25000 0.25000 0.25000 0.25000 ( 2)  0.489
 132 -   0.25000 0.25000 0.25000 0.25000 ( 2)  0.489
 133 -   0.25000 0.25000 0.25000 0.25000 ( 2)  0.489
 134 -   0.25000 0.25000 0.25000 0.25000 ( 1)  0.489
 135 -   0.25000 0.25000 0.25000 0.25000 ( 1)  0.489
 136 -   0.25000 0.25000 0.25000 0.25000 ( 1)  0.489
 137 -   0.25000 0.25000 0.25000 0.25000 ( 2)  0.489
 138 -   0.25000 0.25000 0.25000 0.25000 ( 2)  0.489
 139 -   0.25000 0.25000 0.25000 0.25000 ( 2)  0.489
 140 -   0.25000 0.25000 0.25000 0.25000 ( 2)  0.489
 141 -   0.25000 0.25000 0.25000 0.25000 ( 2)  0.489
 142 -   0.25000 0.25000 0.25000 0.25000 ( 2)  0.489
 143 -   0.25000 0.25000 0.25000 0.25000 ( 2)  0.489
 144 -   0.25000 0.25000 0.25000 0.25000 ( 2)  0.489
 145 -   0.25000 0.25000 0.25000 0.25000 ( 2)  0.489
 146 -   0.25000 0.25000 0.25000 0.25000 ( 2)  0.489
 147 -   0.25000 0.25000 0.25000 0.25000 ( 2)  0.489
 148 -   0.25000 0.25000 0.25000 0.25000 ( 2)  0.489
 149 -   0.25000 0.25000 0.25000 0.25000 ( 2)  0.489
 150 -   0.25000 0.25000 0.25000 0.25000 ( 1)  0.489
 151 -   0.25000 0.25000 0.25000 0.25000 ( 2)  0.489
 152 -   0.25000 0.25000 0.25000 0.25000 ( 2)  0.489
 153 -   0.25000 0.25000 0.25000 0.25000 ( 2)  0.489
 154 -   0.25000 0.25000 0.25000 0.25000 ( 2)  0.489
 155 -   0.25000 0.25000 0.25000 0.25000 ( 2)  0.489
 156 -   0.25000 0.25000 0.25000 0.25000 ( 1)  0.489
 157 -   0.25000 0.25000 0.25000 0.25000 ( 2)  0.489
 158 -   0.25000 0.25000 0.25000 0.25000 ( 2)  0.489
 159 -   0.25000 0.25000 0.25000 0.25000 ( 2)  0.489
 160 -   0.25000 0.25000 0.25000 0.25000 ( 2)  0.489
 161 -   0.25000 0.25000 0.25000 0.25000 ( 2)  0.489
 162 -   0.25000 0.25000 0.25000 0.25000 ( 2)  0.489
 163 -   0.25000 0.25000 0.25000 0.25000 ( 2)  0.489
 164 -   0.25000 0.25000 0.25000 0.25000 ( 2)  0.489
 165 -   0.25000 0.25000 0.25000 0.25000 ( 2)  0.489
 166 -   0.25000 0.25000 0.25000 0.25000 ( 2)  0.489
 167 -   0.25000 0.25000 0.25000 0.25000 ( 2)  0.489
 168 -   0.25000 0.25000 0.25000 0.25000 ( 2)  0.489
 169 -   0.25000 0.25000 0.25000 0.25000 ( 2)  0.489
 170 -   0.25000 0.25000 0.25000 0.25000 ( 2)  0.489
 171 -   0.25000 0.25000 0.25000 0.25000 ( 2)  0.489
 172 -   0.25000 0.25000 0.25000 0.25000 ( 2)  0.489
 173 -   0.25000 0.25000 0.25000 0.25000 ( 2)  0.489
 174 -   0.25000 0.25000 0.25000 0.25000 ( 2)  0.489
 175 -   0.25000 0.25000 0.25000 0.25000 ( 2)  0.489
 176 -   0.25000 0.25000 0.25000 0.25000 ( 2)  0.489
 177 -   0.25000 0.25000 0.25000 0.25000 ( 2)  0.489
 178 -   0.25000 0.25000 0.25000 0.25000 ( 2)  0.489
 179 -   0.25000 0.25000 0.25000 0.25000 ( 2)  0.489
 180 -   0.25000 0.25000 0.25000 0.25000 ( 2)  0.489
 181 -   0.25000 0.25000 0.25000 0.25000 ( 2)  0.489
 182 M   0.42155 0.34119 0.13398 0.10328 ( 1)  0.262
 183 D   0.35805 0.31462 0.17688 0.15045 ( 1)  0.340
 184 V   0.40500 0.33443 0.14514 0.11543 ( 1)  0.282
 185 G   0.33741 0.30388 0.19100 0.16771 ( 1)  0.367
 186 F   0.00000 0.02299 0.42105 0.55596 ( 4)  0.899
 187 L   0.00058 0.11550 0.42121 0.46271 ( 4)  0.820
 188 G   0.00074 0.14080 0.42095 0.43751 ( 4)  0.798
 189 L   0.35249 0.31139 0.18069 0.15543 ( 1)  0.347
 190 P   0.00049 0.10025 0.41979 0.47947 ( 4)  0.833
 191 D   0.36239 0.31637 0.17393 0.14731 ( 1)  0.334
 192 V   0.00086 0.15940 0.41919 0.42055 ( 4)  0.782
 193 S   0.32121 0.29523 0.20209 0.18147 ( 1)  0.388
 194 Q   0.37669 0.32314 0.16419 0.13599 ( 1)  0.316
 195 S   0.00065 0.12667 0.42157 0.45112 ( 4)  0.810
 196 H   0.00063 0.12427 0.42160 0.45350 ( 4)  0.812
 197 S   0.00075 0.14256 0.42094 0.43576 ( 4)  0.796
 198 R   0.00089 0.16302 0.41841 0.41768 ( 3)  0.779
 199 T   0.35330 0.31224 0.18013 0.15433 ( 1)  0.346
 200 L   0.32459 0.29705 0.19978 0.17858 ( 1)  0.384
 201 W   0.00072 0.13717 0.42119 0.44092 ( 4)  0.801
 202 G   0.40759 0.33519 0.14344 0.11377 ( 1)  0.279
 203 T   0.00057 0.11336 0.42088 0.46519 ( 4)  0.822
 204 R   0.38133 0.32467 0.16108 0.13292 ( 1)  0.311
 205 G   0.36026 0.31536 0.17538 0.14899 ( 1)  0.337
 206 R   0.40085 0.33329 0.14786 0.11800 ( 1)  0.286
 207 G   0.35912 0.31479 0.17616 0.14992 ( 1)  0.339
 208 P   0.34187 0.30634 0.18794 0.16384 ( 1)  0.361
 209 T   0.00000 0.00382 0.37954 0.61664 ( 4)  0.923
 210 I   0.00074 0.14175 0.42095 0.43655 ( 4)  0.797
 211 R   0.32773 0.29870 0.19762 0.17595 ( 1)  0.379
 212 R   0.35514 0.31271 0.17880 0.15336 ( 1)  0.344
 213 Q   0.37669 0.32314 0.16419 0.13599 ( 1)  0.316
 214 R   0.37788 0.32311 0.16342 0.13559 ( 1)  0.315
 215 E   0.41772 0.33909 0.13666 0.10652 ( 1)  0.267
 216 F   0.34808 0.30982 0.18370 0.15840 ( 1)  0.352
 217 M   0.00108 0.19040 0.41400 0.39452 ( 3)  0.757
 218 P   0.32334 0.29587 0.20059 0.18020 ( 1)  0.386
 219 E   0.32716 0.29852 0.19802 0.17630 ( 1)  0.380
 220 E   0.00098 0.17689 0.41565 0.40647 ( 3)  0.768
 221 K   0.40492 0.33500 0.14511 0.11496 ( 1)  0.281
 222 K   0.40492 0.33500 0.14511 0.11496 ( 1)  0.281
 223 D   0.38047 0.32493 0.16161 0.13299 ( 1)  0.311
 224 T   0.33019 0.29972 0.19591 0.17418 ( 1)  0.376
 225 V   0.33569 0.30301 0.19217 0.16912 ( 1)  0.369
 226 Y   0.34077 0.30594 0.18871 0.16458 ( 1)  0.362
 227 W   0.36169 0.31650 0.17440 0.14742 ( 1)  0.335
 228 E   0.41772 0.33909 0.13666 0.10652 ( 1)  0.267
 229 K   0.40492 0.33500 0.14511 0.11496 ( 1)  0.281
 230 R   0.38133 0.32467 0.16108 0.13292 ( 1)  0.311
 231 R   0.38350 0.32589 0.15959 0.13102 ( 1)  0.308
 232 K   0.40492 0.33500 0.14511 0.11496 ( 1)  0.281
 233 N   0.36819 0.31960 0.16995 0.14226 ( 1)  0.327
 234 N   0.34652 0.30896 0.18477 0.15975 ( 1)  0.354
 235 E   0.40793 0.33536 0.14321 0.11351 ( 1)  0.279
 236 A   0.33232 0.30063 0.19447 0.17259 ( 1)  0.374
 237 A   0.35797 0.31427 0.17694 0.15082 ( 1)  0.340
 238 K   0.00095 0.17232 0.41711 0.40963 ( 3)  0.772
 239 R   0.31327 0.29065 0.20751 0.18858 ( 1)  0.399
 240 S   0.34042 0.30575 0.18894 0.16489 ( 1)  0.362
 241 R   0.37906 0.31822 0.16324 0.13949 ( 1)  0.318
 242 E   0.32716 0.29852 0.19802 0.17630 ( 1)  0.380
 243 K   0.40492 0.33500 0.14511 0.11496 ( 1)  0.281
 244 R   0.31072 0.28854 0.20918 0.19155 ( 1)  0.403
 245 R   0.32773 0.29870 0.19762 0.17595 ( 1)  0.379
 246 R   0.00064 0.12523 0.42122 0.45290 ( 4)  0.811
 247 N   0.35174 0.31131 0.18120 0.15575 ( 1)  0.348
 248 D   0.35805 0.31462 0.17688 0.15045 ( 1)  0.340
 249 A   0.33232 0.30063 0.19447 0.17259 ( 1)  0.374
 250 A   0.35797 0.31427 0.17694 0.15082 ( 1)  0.340
 251 I   0.00064 0.12461 0.42152 0.45324 ( 4)  0.812
 252 E   0.41772 0.33909 0.13666 0.10652 ( 1)  0.267
 253 G   0.00074 0.14080 0.42095 0.43751 ( 4)  0.798
 254 R   0.40085 0.33329 0.14786 0.11800 ( 1)  0.286
 255 L   0.35205 0.31120 0.18100 0.15576 ( 1)  0.348
 256 A   0.34079 0.30560 0.18868 0.16493 ( 1)  0.362
 257 A   0.31012 0.28870 0.20964 0.19154 ( 1)  0.403
 258 L   0.35941 0.31493 0.17597 0.14969 ( 1)  0.338
 259 M   0.00105 0.18745 0.41453 0.39696 ( 3)  0.759
 260 E   0.41772 0.33909 0.13666 0.10652 ( 1)  0.267
 261 E   0.41772 0.33909 0.13666 0.10652 ( 1)  0.267
 262 N   0.35187 0.31139 0.18111 0.15563 ( 1)  0.348
 263 A   0.00070 0.13484 0.42126 0.44320 ( 4)  0.803
 264 L   0.35941 0.31493 0.17597 0.14969 ( 1)  0.338
 265 L   0.34642 0.30863 0.18484 0.16011 ( 1)  0.355
 266 R   0.00093 0.16941 0.41740 0.41226 ( 3)  0.774
 267 D   0.00000 0.02010 0.41428 0.56561 ( 4)  0.903
 268 E   0.41772 0.33909 0.13666 0.10652 ( 1)  0.267
 269 L   0.35941 0.31493 0.17597 0.14969 ( 1)  0.338
 270 R   0.00060 0.11367 0.41296 0.47278 ( 4)  0.823
 271 A   0.40457 0.33413 0.14545 0.11585 ( 1)  0.282
 272 L   0.34642 0.30863 0.18484 0.16011 ( 1)  0.355
 273 K   0.40492 0.33500 0.14511 0.11496 ( 1)  0.281
 274 L   0.32616 0.29787 0.19870 0.17728 ( 1)  0.382
 275 R   0.00068 0.13151 0.42143 0.44638 ( 4)  0.806
 276 F   0.32941 0.29988 0.19648 0.17422 ( 1)  0.377
 277 G   0.36026 0.31536 0.17538 0.14899 ( 1)  0.337
 278 L   0.00000 0.02294 0.42087 0.55619 ( 4)  0.899
 279 L   0.35941 0.31493 0.17597 0.14969 ( 1)  0.338
 280 P   0.00039 0.08462 0.42086 0.49414 ( 4)  0.846
 281 L   0.00071 0.13627 0.42119 0.44183 ( 4)  0.802
 282 T   0.34667 0.30853 0.18464 0.16017 ( 1)  0.355
 283 G   0.33741 0.30388 0.19100 0.16771 ( 1)  0.367
 284 G   0.39709 0.33159 0.15033 0.12100 ( 1)  0.291
 285 P   0.34625 0.30851 0.18495 0.16029 ( 1)  0.355
 286 Q   0.00000 0.02786 0.42907 0.54307 ( 4)  0.893
 287 A   0.35318 0.31205 0.18021 0.15456 ( 1)  0.346
 288 L   0.00000 0.02037 0.41488 0.56475 ( 4)  0.903
 289 P   0.34625 0.30851 0.18495 0.16029 ( 1)  0.355
 290 L   0.35941 0.31493 0.17597 0.14969 ( 1)  0.338
 291 Q   0.37669 0.32314 0.16419 0.13599 ( 1)  0.316
 292 A   0.00067 0.12951 0.42145 0.44837 ( 4)  0.808
 293 L   0.00071 0.13642 0.42079 0.44208 ( 4)  0.802
 294 L   0.29148 0.27746 0.22231 0.20875 ( 1)  0.429
 295 W   0.00070 0.13508 0.42126 0.44295 ( 4)  0.803
 296 E   0.32716 0.29852 0.19802 0.17630 ( 1)  0.380
 297 A   0.00062 0.12157 0.42145 0.45636 ( 4)  0.814
 298 P   0.34625 0.30851 0.18495 0.16029 ( 1)  0.355
 299 W   0.36169 0.31650 0.17440 0.14742 ( 1)  0.335
 300 T   0.33211 0.30122 0.19463 0.17204 ( 1)  0.374
 301 G   0.40547 0.33436 0.14486 0.11530 ( 1)  0.282
 302 D   0.38047 0.32493 0.16161 0.13299 ( 1)  0.311
 303 H   0.00000 0.02261 0.41970 0.55769 ( 4)  0.900
 304 H   0.00000 0.02249 0.41784 0.55966 ( 4)  0.900
 305 P   0.32606 0.29778 0.19876 0.17740 ( 1)  0.382
 306 A   0.00095 0.17120 0.41644 0.41142 ( 3)  0.773
 307 A   0.33554 0.30290 0.19227 0.16929 ( 1)  0.369
 308 E   0.32716 0.29852 0.19802 0.17630 ( 1)  0.380
 309 A   0.00053 0.10691 0.42042 0.47214 ( 4)  0.827
 310 L   0.35452 0.31264 0.17930 0.15355 ( 1)  0.344
 311 S   0.31246 0.28985 0.20803 0.18966 ( 1)  0.400
 312 S   0.00000 0.02238 0.41981 0.55781 ( 4)  0.900
 313 L   0.32459 0.29705 0.19978 0.17858 ( 1)  0.384
 314 S   0.32121 0.29523 0.20209 0.18147 ( 1)  0.388
 315 G   0.00063 0.12339 0.42147 0.45451 ( 4)  0.813
 316 S   0.00059 0.11717 0.42127 0.46097 ( 4)  0.818
 317 H   0.36644 0.31862 0.17115 0.14379 ( 1)  0.329
 318 S   0.00000 0.02309 0.42110 0.55581 ( 4)  0.899
 319 C   0.34981 0.31065 0.18252 0.15703 ( 1)  0.350
 320 L   0.00064 0.12480 0.42152 0.45305 ( 4)  0.812
 321 L   0.28031 0.27041 0.22985 0.21942 ( 1)  0.445
 322 R   0.40085 0.33329 0.14786 0.11800 ( 1)  0.286
 323 P   0.30331 0.28468 0.21428 0.19773 ( 1)  0.413
 324 C   0.00000 0.00326 0.37116 0.62557 ( 4)  0.925
 325 S   0.34042 0.30575 0.18894 0.16489 ( 1)  0.362
 326 L   0.34786 0.30908 0.18386 0.15920 ( 1)  0.353
 327 D   0.35805 0.31462 0.17688 0.15045 ( 1)  0.340
 328 A   0.33554 0.30290 0.19227 0.16929 ( 1)  0.369
 329 G   0.40759 0.33519 0.14344 0.11377 ( 1)  0.279
 330 V   0.00000 0.02008 0.41427 0.56564 ( 4)  0.903
 331 P   0.00048 0.09961 0.41982 0.48009 ( 4)  0.834
 332 G   0.30854 0.28774 0.21072 0.19300 ( 1)  0.405
 333 C   0.33477 0.30260 0.19280 0.16983 ( 1)  0.370


lnL = -1937.195425

