Supplemental results for CODEML (seqf: algn  treef: tree)


dN/dS (w) for site classes (K=3)

p:   0.92548  0.02483  0.04969
w:   0.24548  1.00000  1.00000

Naive Empirical Bayes (NEB) probabilities for 3 classes & postmean_w
(amino acids refer to 1st sequence: chlSab_FOXL3_XM_008018930)

   1 G   0.99944 0.00019 0.00037 ( 1)  0.246
   2 -   0.92548 0.02483 0.04969 ( 1)  0.302
   3 -   0.92548 0.02483 0.04969 ( 1)  0.302
   4 -   0.92548 0.02483 0.04969 ( 1)  0.302
   5 -   0.92548 0.02483 0.04969 ( 1)  0.302
   6 -   0.92548 0.02483 0.04969 ( 1)  0.302
   7 -   0.92548 0.02483 0.04969 ( 1)  0.302
   8 -   0.92548 0.02483 0.04969 ( 1)  0.302
   9 -   0.92548 0.02483 0.04969 ( 1)  0.302
  10 -   0.92548 0.02483 0.04969 ( 1)  0.302
  11 -   0.92548 0.02483 0.04969 ( 1)  0.302
  12 -   0.92548 0.02483 0.04969 ( 1)  0.302
  13 P   0.99905 0.00032 0.00064 ( 1)  0.246
  14 K   0.86641 0.04451 0.08908 ( 1)  0.346
  15 -   0.92548 0.02483 0.04969 ( 1)  0.302
  16 -   0.92548 0.02483 0.04969 ( 1)  0.302
  17 -   0.92548 0.02483 0.04969 ( 1)  0.302
  18 -   0.92548 0.02483 0.04969 ( 1)  0.302
  19 -   0.92548 0.02483 0.04969 ( 1)  0.302
  20 -   0.92548 0.02483 0.04969 ( 1)  0.302
  21 -   0.92548 0.02483 0.04969 ( 1)  0.302
  22 -   0.92548 0.02483 0.04969 ( 1)  0.302
  23 -   0.92548 0.02483 0.04969 ( 1)  0.302
  24 -   0.92548 0.02483 0.04969 ( 1)  0.302
  25 -   0.92548 0.02483 0.04969 ( 1)  0.302
  26 -   0.92548 0.02483 0.04969 ( 1)  0.302
  27 -   0.92548 0.02483 0.04969 ( 1)  0.302
  28 -   0.92548 0.02483 0.04969 ( 1)  0.302
  29 -   0.92548 0.02483 0.04969 ( 1)  0.302
  30 -   0.92548 0.02483 0.04969 ( 1)  0.302
  31 -   0.92548 0.02483 0.04969 ( 1)  0.302
  32 -   0.92548 0.02483 0.04969 ( 1)  0.302
  33 -   0.92548 0.02483 0.04969 ( 1)  0.302
  34 -   0.92548 0.02483 0.04969 ( 1)  0.302
  35 -   0.92548 0.02483 0.04969 ( 1)  0.302
  36 -   0.92548 0.02483 0.04969 ( 1)  0.302
  37 -   0.92548 0.02483 0.04969 ( 1)  0.302
  38 -   0.92548 0.02483 0.04969 ( 1)  0.302
  39 -   0.92548 0.02483 0.04969 ( 1)  0.302
  40 -   0.92548 0.02483 0.04969 ( 1)  0.302
  41 -   0.92548 0.02483 0.04969 ( 1)  0.302
  42 -   0.92548 0.02483 0.04969 ( 1)  0.302
  43 -   0.92548 0.02483 0.04969 ( 1)  0.302
  44 -   0.92548 0.02483 0.04969 ( 1)  0.302
  45 -   0.92548 0.02483 0.04969 ( 1)  0.302
  46 -   0.92548 0.02483 0.04969 ( 1)  0.302
  47 R   0.99641 0.00120 0.00239 ( 1)  0.248
  48 E   0.98913 0.00362 0.00725 ( 1)  0.254
  49 G   0.96541 0.01152 0.02306 ( 1)  0.272
  50 -   0.88298 0.03899 0.07803 ( 1)  0.334
  51 -   0.96643 0.01118 0.02239 ( 1)  0.271
  52 -   0.67256 0.10909 0.21835 ( 1)  0.493
  53 -   0.90580 0.03138 0.06281 ( 1)  0.317
  54 -   0.80186 0.06601 0.13213 ( 1)  0.395
  55 -   0.96978 0.01007 0.02015 ( 1)  0.268
  56 -   0.90897 0.03033 0.06070 ( 1)  0.314
  57 -   0.92689 0.02436 0.04875 ( 1)  0.301
  58 -   0.89532 0.03487 0.06980 ( 1)  0.324
  59 -   0.98303 0.00565 0.01131 ( 1)  0.258
  60 -   0.97658 0.00780 0.01562 ( 1)  0.263
  61 -   0.88620 0.03792 0.07589 ( 1)  0.331
  62 -   0.89283 0.03570 0.07146 ( 1)  0.326
  63 -   0.78002 0.07329 0.14669 ( 1)  0.411
  64 -   0.70537 0.09816 0.19647 ( 1)  0.468
  65 -   0.93878 0.02040 0.04082 ( 1)  0.292
  66 -   0.72217 0.09256 0.18527 ( 1)  0.455
  67 -   0.88941 0.03685 0.07375 ( 1)  0.329
  68 -   0.83474 0.05506 0.11020 ( 1)  0.370
  69 -   0.94888 0.01703 0.03409 ( 1)  0.284
  70 -   0.84633 0.05120 0.10248 ( 1)  0.361
  71 -   0.88202 0.03931 0.07867 ( 1)  0.334
  72 -   0.92603 0.02465 0.04933 ( 1)  0.301
  73 -   0.98618 0.00460 0.00921 ( 1)  0.256
  74 -   0.95951 0.01349 0.02700 ( 1)  0.276
  75 -   0.97178 0.00940 0.01882 ( 1)  0.267
  76 -   0.94708 0.01763 0.03529 ( 1)  0.285
  77 -   0.98481 0.00506 0.01013 ( 1)  0.257
  78 -   0.97864 0.00712 0.01424 ( 1)  0.262
  79 -   0.97305 0.00898 0.01797 ( 1)  0.266
  80 -   0.84797 0.05065 0.10138 ( 1)  0.360
  81 -   0.91701 0.02765 0.05534 ( 1)  0.308
  82 -   0.97492 0.00836 0.01672 ( 1)  0.264
  83 -   0.94935 0.01688 0.03378 ( 1)  0.284
  84 -   0.94743 0.01751 0.03505 ( 1)  0.285
  85 -   0.76883 0.07702 0.15415 ( 1)  0.420
  86 -   0.95167 0.01610 0.03223 ( 1)  0.282
  87 -   0.88313 0.03894 0.07793 ( 1)  0.334
  88 -   0.96078 0.01307 0.02616 ( 1)  0.275
  89 -   0.97495 0.00835 0.01670 ( 1)  0.264
  90 -   0.98579 0.00473 0.00947 ( 1)  0.256
  91 -   0.96625 0.01125 0.02251 ( 1)  0.271
  92 -   0.89040 0.03651 0.07308 ( 1)  0.328
  93 -   0.42300 0.19224 0.38477 ( 1)  0.681
  94 -   0.96864 0.01045 0.02091 ( 1)  0.269
  95 -   0.88864 0.03710 0.07426 ( 1)  0.330
  96 -   0.91887 0.02703 0.05410 ( 1)  0.307
  97 -   0.97305 0.00898 0.01797 ( 1)  0.266
  98 -   0.97929 0.00690 0.01381 ( 1)  0.261
  99 -   0.97546 0.00818 0.01636 ( 1)  0.264
 100 -   0.90677 0.03106 0.06217 ( 1)  0.316
 101 -   0.77026 0.07654 0.15320 ( 1)  0.419
 102 -   0.98049 0.00650 0.01301 ( 1)  0.260
 103 -   0.98095 0.00635 0.01270 ( 1)  0.260
 104 -   0.97609 0.00797 0.01595 ( 1)  0.264
 105 -   0.98579 0.00473 0.00947 ( 1)  0.256
 106 -   0.94516 0.01827 0.03657 ( 1)  0.287
 107 -   0.98481 0.00506 0.01013 ( 1)  0.257
 108 -   0.98101 0.00633 0.01266 ( 1)  0.260
 109 -   0.98049 0.00650 0.01301 ( 1)  0.260
 110 -   0.98474 0.00508 0.01017 ( 1)  0.257
 111 -   0.97683 0.00772 0.01545 ( 1)  0.263
 112 -   0.97126 0.00957 0.01916 ( 1)  0.267
 113 -   0.97134 0.00955 0.01911 ( 1)  0.267
 114 -   0.94235 0.01921 0.03844 ( 1)  0.289
 115 -   0.97419 0.00860 0.01721 ( 1)  0.265
 116 -   0.94860 0.01712 0.03427 ( 1)  0.284
 117 -   0.88792 0.03734 0.07474 ( 1)  0.330
 118 -   0.97658 0.00780 0.01562 ( 1)  0.263
 119 -   0.92548 0.02483 0.04969 ( 1)  0.302
 120 -   0.92548 0.02483 0.04969 ( 1)  0.302
 121 -   0.92548 0.02483 0.04969 ( 1)  0.302
 122 -   0.92548 0.02483 0.04969 ( 1)  0.302
 123 -   0.92548 0.02483 0.04969 ( 1)  0.302
 124 -   0.97419 0.00860 0.01721 ( 1)  0.265
 125 -   0.86671 0.04441 0.08888 ( 1)  0.346
 126 -   0.88830 0.03722 0.07449 ( 1)  0.330
 127 -   0.55740 0.14746 0.29514 ( 1)  0.579
 128 -   0.96258 0.01247 0.02495 ( 1)  0.274
 129 -   0.81738 0.06084 0.12178 ( 1)  0.383
 130 -   0.98303 0.00565 0.01131 ( 1)  0.258
 131 -   0.97864 0.00712 0.01424 ( 1)  0.262
 132 -   0.94429 0.01856 0.03715 ( 1)  0.288
 133 -   0.92870 0.02376 0.04755 ( 1)  0.299
 134 -   0.97546 0.00818 0.01636 ( 1)  0.264
 135 -   0.36590 0.21126 0.42284 ( 3)  0.724
 136 -   0.98069 0.00643 0.01287 ( 1)  0.260
 137 -   0.92165 0.02610 0.05225 ( 1)  0.305
 138 -   0.97495 0.00835 0.01670 ( 1)  0.264
 139 -   0.88941 0.03685 0.07375 ( 1)  0.329
 140 -   0.93033 0.02321 0.04646 ( 1)  0.298
 141 -   0.70644 0.09780 0.19575 ( 1)  0.467
 142 -   0.98426 0.00524 0.01050 ( 1)  0.257
 143 -   0.98474 0.00508 0.01017 ( 1)  0.257
 144 -   0.98388 0.00537 0.01075 ( 1)  0.258
 145 -   0.95669 0.01443 0.02888 ( 1)  0.278
 146 -   0.97915 0.00695 0.01390 ( 1)  0.261
 147 -   0.86894 0.04366 0.08739 ( 1)  0.344
 148 L   0.91123 0.02957 0.05919 ( 1)  0.312
 149 R   0.97990 0.00670 0.01341 ( 1)  0.261
 150 G   0.95605 0.01464 0.02931 ( 1)  0.279
 151 P   0.91346 0.02883 0.05771 ( 1)  0.311
 152 R   0.89507 0.03496 0.06997 ( 1)  0.325
 153 A   0.98053 0.00649 0.01298 ( 1)  0.260
 154 G   0.97818 0.00727 0.01455 ( 1)  0.262
 155 G   0.93314 0.02228 0.04459 ( 1)  0.296
 156 V   0.92635 0.02454 0.04911 ( 1)  0.301
 157 Q   0.98257 0.00581 0.01162 ( 1)  0.259
 158 G   0.93184 0.02271 0.04545 ( 1)  0.297
 159 P   0.91809 0.02729 0.05462 ( 1)  0.307
 160 P   0.60897 0.13028 0.26075 ( 1)  0.541
 161 G   0.94657 0.01780 0.03563 ( 1)  0.286
 162 P   0.97843 0.00719 0.01438 ( 1)  0.262
 163 P   0.72467 0.09173 0.18360 ( 1)  0.453
 164 E   0.94464 0.01844 0.03691 ( 1)  0.287
 165 P   0.97865 0.00711 0.01423 ( 1)  0.262
 166 A   0.76432 0.07852 0.15716 ( 1)  0.423
 167 A   0.77236 0.07584 0.15180 ( 1)  0.417
 168 G   0.90336 0.03220 0.06444 ( 1)  0.318
 169 Q   0.97948 0.00684 0.01369 ( 1)  0.261
 170 G   0.93184 0.02271 0.04545 ( 1)  0.297
 171 S   0.73663 0.08775 0.17562 ( 1)  0.444
 172 L   0.98143 0.00619 0.01238 ( 1)  0.259
 173 A   0.97602 0.00799 0.01599 ( 1)  0.264
 174 P   0.91004 0.02997 0.05999 ( 1)  0.313
 175 D   0.98890 0.00370 0.00740 ( 1)  0.254
 176 S   0.98621 0.00459 0.00920 ( 1)  0.256
 177 A   0.94565 0.01811 0.03624 ( 1)  0.286
 178 G   0.98138 0.00620 0.01242 ( 1)  0.260
 179 E   0.98620 0.00460 0.00921 ( 1)  0.256
 180 S   0.94205 0.01931 0.03864 ( 1)  0.289
 181 A   0.94056 0.01980 0.03964 ( 1)  0.290
 182 P   0.90794 0.03067 0.06139 ( 1)  0.315
 183 G   0.96695 0.01101 0.02204 ( 1)  0.270
 184 R   0.97134 0.00955 0.01911 ( 1)  0.267
 185 D   0.94991 0.01669 0.03340 ( 1)  0.283
 186 P   0.92876 0.02373 0.04750 ( 1)  0.299
 187 H   0.93766 0.02077 0.04157 ( 1)  0.293
 188 A   0.95783 0.01405 0.02812 ( 1)  0.277
 189 S   0.85026 0.04989 0.09985 ( 1)  0.358
 190 P   0.98163 0.00612 0.01225 ( 1)  0.259
 191 A   0.98358 0.00547 0.01095 ( 1)  0.258
 192 S   0.98621 0.00459 0.00920 ( 1)  0.256
 193 P   0.98163 0.00612 0.01225 ( 1)  0.259
 194 A   0.74230 0.08586 0.17184 ( 1)  0.440
 195 P   0.73303 0.08895 0.17802 ( 1)  0.447
 196 P   0.91201 0.02932 0.05868 ( 1)  0.312
 197 G   0.97816 0.00728 0.01456 ( 1)  0.262
 198 K   0.97989 0.00670 0.01341 ( 1)  0.261
 199 E   0.98620 0.00460 0.00921 ( 1)  0.256
 200 H   0.80448 0.06514 0.13038 ( 1)  0.393
 201 S   0.91190 0.02935 0.05875 ( 1)  0.312
 202 R   0.97887 0.00704 0.01409 ( 1)  0.261
 203 D   0.98789 0.00404 0.00808 ( 1)  0.255
 204 L   0.98654 0.00449 0.00898 ( 1)  0.256
 205 K   0.97989 0.00670 0.01341 ( 1)  0.261
 206 F   0.97332 0.00889 0.01779 ( 1)  0.266
 207 S   0.98621 0.00459 0.00920 ( 1)  0.256
 208 I   0.97849 0.00717 0.01434 ( 1)  0.262
 209 D   0.98890 0.00370 0.00740 ( 1)  0.254
 210 Y   0.97921 0.00693 0.01386 ( 1)  0.261
 211 I   0.97849 0.00717 0.01434 ( 1)  0.262
 212 L   0.98204 0.00599 0.01198 ( 1)  0.259
 213 S   0.98631 0.00456 0.00913 ( 1)  0.256
 214 S   0.98631 0.00456 0.00913 ( 1)  0.256
 215 P   0.94514 0.01828 0.03658 ( 1)  0.287
 216 D   0.98890 0.00370 0.00740 ( 1)  0.254
 217 P   0.98163 0.00612 0.01225 ( 1)  0.259
 218 F   0.96923 0.01025 0.02052 ( 1)  0.269
 219 P   0.96905 0.01031 0.02064 ( 1)  0.269
 220 G   0.97120 0.00959 0.01920 ( 1)  0.267
 221 L   0.94110 0.01963 0.03928 ( 1)  0.290
 222 K   0.97989 0.00670 0.01341 ( 1)  0.261
 223 P   0.97692 0.00769 0.01539 ( 1)  0.263
 224 P   0.98163 0.00612 0.01225 ( 1)  0.259
 225 C   0.91850 0.02715 0.05435 ( 1)  0.307
 226 L   0.93147 0.02283 0.04570 ( 1)  0.297
 227 A   0.94585 0.01804 0.03611 ( 1)  0.286
 228 Q   0.91270 0.02908 0.05821 ( 1)  0.311
 229 E   0.98620 0.00460 0.00921 ( 1)  0.256
 230 G   0.93674 0.02107 0.04218 ( 1)  0.293
 231 -   0.92548 0.02483 0.04969 ( 1)  0.302
 232 -   0.92548 0.02483 0.04969 ( 1)  0.302
 233 -   0.92548 0.02483 0.04969 ( 1)  0.302
 234 -   0.92548 0.02483 0.04969 ( 1)  0.302
 235 -   0.92548 0.02483 0.04969 ( 1)  0.302
 236 R   0.94831 0.01722 0.03447 ( 1)  0.284
 237 Y   0.97130 0.00956 0.01914 ( 1)  0.267
 238 A   0.62080 0.12634 0.25287 ( 1)  0.532
 239 P   0.90435 0.03187 0.06378 ( 1)  0.318
 240 L   0.91294 0.02901 0.05806 ( 1)  0.311
 241 E   0.98315 0.00561 0.01123 ( 1)  0.258
 242 N   0.98312 0.00562 0.01125 ( 1)  0.258
 243 V   0.98489 0.00503 0.01008 ( 1)  0.257
 244 G   0.98342 0.00552 0.01105 ( 1)  0.258
 245 L   0.98654 0.00449 0.00898 ( 1)  0.256
 246 H   0.98753 0.00415 0.00831 ( 1)  0.255
 247 F   0.94027 0.01990 0.03983 ( 1)  0.291
 248 W   0.97722 0.00759 0.01519 ( 1)  0.263
 249 T   0.95020 0.01659 0.03321 ( 1)  0.283
 250 M   0.97627 0.00791 0.01582 ( 1)  0.263
 251 -   0.92548 0.02483 0.04969 ( 1)  0.302
 252 -   0.92548 0.02483 0.04969 ( 1)  0.302
 253 -   0.92548 0.02483 0.04969 ( 1)  0.302
 254 -   0.92548 0.02483 0.04969 ( 1)  0.302
 255 -   0.92548 0.02483 0.04969 ( 1)  0.302
 256 -   0.92548 0.02483 0.04969 ( 1)  0.302
 257 -   0.92548 0.02483 0.04969 ( 1)  0.302
 258 -   0.92548 0.02483 0.04969 ( 1)  0.302
 259 -   0.92548 0.02483 0.04969 ( 1)  0.302
 260 -   0.92548 0.02483 0.04969 ( 1)  0.302
 261 -   0.92548 0.02483 0.04969 ( 1)  0.302
 262 -   0.92548 0.02483 0.04969 ( 1)  0.302
 263 -   0.92548 0.02483 0.04969 ( 1)  0.302
 264 -   0.92548 0.02483 0.04969 ( 1)  0.302
 265 -   0.92548 0.02483 0.04969 ( 1)  0.302
 266 -   0.92548 0.02483 0.04969 ( 1)  0.302
 267 -   0.92548 0.02483 0.04969 ( 1)  0.302
 268 -   0.92548 0.02483 0.04969 ( 1)  0.302
 269 -   0.92548 0.02483 0.04969 ( 1)  0.302
 270 -   0.92548 0.02483 0.04969 ( 1)  0.302
 271 -   0.92548 0.02483 0.04969 ( 1)  0.302
 272 -   0.92548 0.02483 0.04969 ( 1)  0.302
 273 -   0.92548 0.02483 0.04969 ( 1)  0.302
 274 -   0.92548 0.02483 0.04969 ( 1)  0.302
 275 -   0.92548 0.02483 0.04969 ( 1)  0.302
 276 -   0.92548 0.02483 0.04969 ( 1)  0.302
 277 -   0.92548 0.02483 0.04969 ( 1)  0.302
 278 -   0.92548 0.02483 0.04969 ( 1)  0.302
 279 -   0.92548 0.02483 0.04969 ( 1)  0.302
 280 -   0.92548 0.02483 0.04969 ( 1)  0.302
 281 -   0.92548 0.02483 0.04969 ( 1)  0.302
 282 -   0.92548 0.02483 0.04969 ( 1)  0.302
 283 -   0.92548 0.02483 0.04969 ( 1)  0.302
 284 -   0.92548 0.02483 0.04969 ( 1)  0.302
 285 -   0.92548 0.02483 0.04969 ( 1)  0.302
 286 -   0.92548 0.02483 0.04969 ( 1)  0.302
 287 -   0.92548 0.02483 0.04969 ( 1)  0.302
 288 -   0.92548 0.02483 0.04969 ( 1)  0.302
 289 -   0.92548 0.02483 0.04969 ( 1)  0.302
 290 -   0.92548 0.02483 0.04969 ( 1)  0.302
 291 -   0.92548 0.02483 0.04969 ( 1)  0.302
 292 -   0.92548 0.02483 0.04969 ( 1)  0.302
 293 -   0.92548 0.02483 0.04969 ( 1)  0.302
 294 -   0.92548 0.02483 0.04969 ( 1)  0.302
 295 -   0.92548 0.02483 0.04969 ( 1)  0.302
 296 -   0.92548 0.02483 0.04969 ( 1)  0.302
 297 -   0.92548 0.02483 0.04969 ( 1)  0.302
 298 -   0.92548 0.02483 0.04969 ( 1)  0.302
 299 -   0.92548 0.02483 0.04969 ( 1)  0.302
 300 -   0.92548 0.02483 0.04969 ( 1)  0.302
 301 -   0.92548 0.02483 0.04969 ( 1)  0.302
 302 -   0.92548 0.02483 0.04969 ( 1)  0.302
 303 -   0.92548 0.02483 0.04969 ( 1)  0.302
 304 -   0.92548 0.02483 0.04969 ( 1)  0.302
 305 -   0.92548 0.02483 0.04969 ( 1)  0.302
 306 -   0.92548 0.02483 0.04969 ( 1)  0.302

Positively selected sites

	Prob(w>1)  mean w



lnL = -2049.918160

Bayes Empirical Bayes (BEB) probabilities for 3 classes (class) & postmean_w
(amino acids refer to 1st sequence: chlSab_FOXL3_XM_008018930)

   1 G   0.99955 0.00044 0.00001 ( 1)  0.241 +-  0.035
   2 -   0.89972 0.06168 0.03860 ( 1)  0.379 +-  0.605
   3 -   0.89972 0.06168 0.03860 ( 1)  0.379 +-  0.605
   4 -   0.89972 0.06168 0.03860 ( 1)  0.379 +-  0.605
   5 -   0.89972 0.06168 0.03860 ( 1)  0.379 +-  0.605
   6 -   0.89972 0.06168 0.03860 ( 1)  0.379 +-  0.605
   7 -   0.89972 0.06168 0.03860 ( 1)  0.379 +-  0.605
   8 -   0.89972 0.06168 0.03860 ( 1)  0.379 +-  0.605
   9 -   0.89972 0.06168 0.03860 ( 1)  0.379 +-  0.605
  10 -   0.89972 0.06168 0.03860 ( 1)  0.379 +-  0.605
  11 -   0.89972 0.06168 0.03860 ( 1)  0.379 +-  0.605
  12 -   0.89972 0.06168 0.03860 ( 1)  0.379 +-  0.605
  13 P   0.99921 0.00076 0.00003 ( 1)  0.242 +-  0.038
  14 K   0.85389 0.12815 0.01796 ( 1)  0.365 +-  0.299
  15 -   0.89972 0.06168 0.03860 ( 1)  0.379 +-  0.605
  16 -   0.89972 0.06168 0.03860 ( 1)  0.379 +-  0.605
  17 -   0.89972 0.06168 0.03860 ( 1)  0.379 +-  0.605
  18 -   0.89972 0.06168 0.03860 ( 1)  0.379 +-  0.605
  19 -   0.89972 0.06168 0.03860 ( 1)  0.379 +-  0.605
  20 -   0.89972 0.06168 0.03860 ( 1)  0.379 +-  0.605
  21 -   0.89972 0.06168 0.03860 ( 1)  0.379 +-  0.605
  22 -   0.89972 0.06168 0.03860 ( 1)  0.379 +-  0.605
  23 -   0.89972 0.06168 0.03860 ( 1)  0.379 +-  0.605
  24 -   0.89972 0.06168 0.03860 ( 1)  0.379 +-  0.605
  25 -   0.89972 0.06168 0.03860 ( 1)  0.379 +-  0.605
  26 -   0.89972 0.06168 0.03860 ( 1)  0.379 +-  0.605
  27 -   0.89972 0.06168 0.03860 ( 1)  0.379 +-  0.605
  28 -   0.89972 0.06168 0.03860 ( 1)  0.379 +-  0.605
  29 -   0.89972 0.06168 0.03860 ( 1)  0.379 +-  0.605
  30 -   0.89972 0.06168 0.03860 ( 1)  0.379 +-  0.605
  31 -   0.89972 0.06168 0.03860 ( 1)  0.379 +-  0.605
  32 -   0.89972 0.06168 0.03860 ( 1)  0.379 +-  0.605
  33 -   0.89972 0.06168 0.03860 ( 1)  0.379 +-  0.605
  34 -   0.89972 0.06168 0.03860 ( 1)  0.379 +-  0.605
  35 -   0.89972 0.06168 0.03860 ( 1)  0.379 +-  0.605
  36 -   0.89972 0.06168 0.03860 ( 1)  0.379 +-  0.605
  37 -   0.89972 0.06168 0.03860 ( 1)  0.379 +-  0.605
  38 -   0.89972 0.06168 0.03860 ( 1)  0.379 +-  0.605
  39 -   0.89972 0.06168 0.03860 ( 1)  0.379 +-  0.605
  40 -   0.89972 0.06168 0.03860 ( 1)  0.379 +-  0.605
  41 -   0.89972 0.06168 0.03860 ( 1)  0.379 +-  0.605
  42 -   0.89972 0.06168 0.03860 ( 1)  0.379 +-  0.605
  43 -   0.89972 0.06168 0.03860 ( 1)  0.379 +-  0.605
  44 -   0.89972 0.06168 0.03860 ( 1)  0.379 +-  0.605
  45 -   0.89972 0.06168 0.03860 ( 1)  0.379 +-  0.605
  46 -   0.89972 0.06168 0.03860 ( 1)  0.379 +-  0.605
  47 R   0.99672 0.00310 0.00018 ( 1)  0.244 +-  0.055
  48 E   0.98872 0.01063 0.00065 ( 1)  0.250 +-  0.090
  49 G   0.96173 0.03412 0.00415 ( 1)  0.273 +-  0.163
  50 -   0.83894 0.09748 0.06358 ( 1)  0.473 +-  0.802
  51 -   0.96073 0.02829 0.01098 ( 1)  0.283 +-  0.264
  52 -   0.59417 0.22750 0.17833 ( 1)  0.807 +-  1.070
  53 -   0.88979 0.08298 0.02724 ( 1)  0.347 +-  0.338
  54 -   0.77296 0.16504 0.06199 ( 1)  0.467 +-  0.483
  55 -   0.96632 0.02562 0.00806 ( 1)  0.275 +-  0.220
  56 -   0.88671 0.07932 0.03397 ( 1)  0.365 +-  0.448
  57 -   0.91029 0.06465 0.02506 ( 1)  0.337 +-  0.386
  58 -   0.87013 0.09028 0.03959 ( 1)  0.383 +-  0.472
  59 -   0.98252 0.01432 0.00316 ( 1)  0.257 +-  0.136
  60 -   0.97481 0.01982 0.00537 ( 1)  0.265 +-  0.175
  61 -   0.85718 0.09711 0.04571 ( 1)  0.403 +-  0.521
  62 -   0.87100 0.09292 0.03607 ( 1)  0.374 +-  0.419
  63 -   0.69410 0.16140 0.14450 ( 1)  0.703 +-  1.045
  64 -   0.63246 0.21201 0.15554 ( 1)  0.743 +-  1.008
  65 -   0.92986 0.05532 0.01482 ( 1)  0.307 +-  0.267
  66 -   0.66011 0.20603 0.13386 ( 1)  0.674 +-  0.887
  67 -   0.86262 0.09491 0.04247 ( 1)  0.393 +-  0.493
  68 -   0.77999 0.13178 0.08823 ( 1)  0.540 +-  0.831
  69 -   0.93913 0.04331 0.01756 ( 1)  0.306 +-  0.324
  70 -   0.80690 0.12677 0.06633 ( 1)  0.468 +-  0.626
  71 -   0.85286 0.10041 0.04673 ( 1)  0.405 +-  0.508
  72 -   0.91168 0.06595 0.02237 ( 1)  0.332 +-  0.373
  73 -   0.98633 0.01168 0.00199 ( 1)  0.253 +-  0.111
  74 -   0.95322 0.03439 0.01239 ( 1)  0.289 +-  0.271
  75 -   0.96910 0.02396 0.00694 ( 1)  0.271 +-  0.200
  76 -   0.93675 0.04481 0.01844 ( 1)  0.309 +-  0.332
  77 -   0.98440 0.01276 0.00284 ( 1)  0.255 +-  0.131
  78 -   0.97719 0.01801 0.00479 ( 1)  0.263 +-  0.168
  79 -   0.97024 0.02280 0.00696 ( 1)  0.270 +-  0.204
  80 -   0.78002 0.11989 0.10009 ( 1)  0.592 +-  1.012
  81 -   0.90232 0.07364 0.02404 ( 1)  0.337 +-  0.337
  82 -   0.97257 0.02118 0.00625 ( 1)  0.268 +-  0.198
  83 -   0.93851 0.04290 0.01860 ( 1)  0.313 +-  0.389
  84 -   0.93672 0.04450 0.01878 ( 1)  0.311 +-  0.352
  85 -   0.64206 0.15866 0.19928 ( 1)  0.951 +-  1.531
  86 -   0.94361 0.04107 0.01531 ( 1)  0.300 +-  0.299
  87 -   0.85345 0.09953 0.04702 ( 1)  0.409 +-  0.541
  88 -   0.95477 0.03329 0.01193 ( 1)  0.288 +-  0.267
  89 -   0.97248 0.02113 0.00639 ( 1)  0.268 +-  0.198
  90 -   0.98591 0.01201 0.00207 ( 1)  0.253 +-  0.113
  91 -   0.96210 0.02866 0.00923 ( 1)  0.279 +-  0.228
  92 -   0.86131 0.09373 0.04496 ( 1)  0.401 +-  0.534
  93 -   0.33395 0.31961 0.34644 ( 3)  1.275 +-  1.369
  94 -   0.96500 0.02662 0.00838 ( 1)  0.276 +-  0.222
  95 -   0.85995 0.09503 0.04502 ( 1)  0.399 +-  0.507
  96 -   0.90479 0.07220 0.02301 ( 1)  0.335 +-  0.338
  97 -   0.97024 0.02280 0.00696 ( 1)  0.270 +-  0.204
  98 -   0.97807 0.01750 0.00442 ( 1)  0.261 +-  0.160
  99 -   0.97332 0.02080 0.00589 ( 1)  0.267 +-  0.196
 100 -   0.88694 0.08163 0.03143 ( 1)  0.358 +-  0.400
 101 -   0.72161 0.18074 0.09765 ( 1)  0.566 +-  0.716
 102 -   0.98050 0.01665 0.00285 ( 1)  0.258 +-  0.127
 103 -   0.98087 0.01623 0.00291 ( 1)  0.258 +-  0.128
 104 -   0.97569 0.02046 0.00385 ( 1)  0.262 +-  0.142
 105 -   0.98591 0.01201 0.00207 ( 1)  0.253 +-  0.113
 106 -   0.93562 0.04650 0.01788 ( 1)  0.306 +-  0.293
 107 -   0.98440 0.01276 0.00284 ( 1)  0.255 +-  0.131
 108 -   0.98106 0.01619 0.00275 ( 1)  0.257 +-  0.125
 109 -   0.98050 0.01665 0.00285 ( 1)  0.258 +-  0.127
 110 -   0.98456 0.01288 0.00256 ( 1)  0.255 +-  0.124
 111 -   0.97603 0.01974 0.00423 ( 1)  0.262 +-  0.149
 112 -   0.96849 0.02442 0.00709 ( 1)  0.272 +-  0.207
 113 -   0.96870 0.02437 0.00693 ( 1)  0.271 +-  0.203
 114 -   0.93274 0.05198 0.01528 ( 1)  0.307 +-  0.289
 115 -   0.97172 0.02182 0.00646 ( 1)  0.269 +-  0.197
 116 -   0.94055 0.04369 0.01576 ( 1)  0.300 +-  0.273
 117 -   0.85660 0.09542 0.04797 ( 1)  0.413 +-  0.582
 118 -   0.97481 0.01982 0.00537 ( 1)  0.265 +-  0.175
 119 -   0.89972 0.06168 0.03860 ( 1)  0.379 +-  0.605
 120 -   0.89972 0.06168 0.03860 ( 1)  0.379 +-  0.605
 121 -   0.89972 0.06168 0.03860 ( 1)  0.379 +-  0.605
 122 -   0.89972 0.06168 0.03860 ( 1)  0.379 +-  0.605
 123 -   0.89972 0.06168 0.03860 ( 1)  0.379 +-  0.605
 124 -   0.97172 0.02182 0.00646 ( 1)  0.269 +-  0.197
 125 -   0.82901 0.11106 0.05993 ( 1)  0.449 +-  0.637
 126 -   0.84199 0.09288 0.06514 ( 1)  0.470 +-  0.779
 127 -   0.40735 0.24377 0.34888 ( 1)  1.370 +-  1.699
 128 -   0.95504 0.03153 0.01343 ( 1)  0.293 +-  0.323
 129 -   0.74884 0.14101 0.11015 ( 1)  0.603 +-  0.927
 130 -   0.98252 0.01432 0.00316 ( 1)  0.257 +-  0.136
 131 -   0.97719 0.01801 0.00479 ( 1)  0.263 +-  0.168
 132 -   0.93067 0.04693 0.02239 ( 1)  0.322 +-  0.399
 133 -   0.91214 0.06311 0.02475 ( 1)  0.336 +-  0.393
 134 -   0.97332 0.02080 0.00589 ( 1)  0.267 +-  0.196
 135 -   0.21237 0.26421 0.52342 ( 3)  1.805 +-  1.779
 136 -   0.98016 0.01640 0.00344 ( 1)  0.259 +-  0.140
 137 -   0.90441 0.06923 0.02636 ( 1)  0.341 +-  0.383
 138 -   0.97248 0.02113 0.00639 ( 1)  0.268 +-  0.198
 139 -   0.86262 0.09491 0.04247 ( 1)  0.393 +-  0.493
 140 -   0.91798 0.06236 0.01966 ( 1)  0.322 +-  0.322
 141 -   0.65587 0.21842 0.12570 ( 1)  0.639 +-  0.744
 142 -   0.98442 0.01336 0.00221 ( 1)  0.254 +-  0.116
 143 -   0.98456 0.01288 0.00256 ( 1)  0.255 +-  0.124
 144 -   0.98341 0.01358 0.00301 ( 1)  0.256 +-  0.134
 145 -   0.95185 0.03699 0.01116 ( 1)  0.286 +-  0.222
 146 -   0.97896 0.01780 0.00324 ( 1)  0.259 +-  0.133
 147 -   0.83148 0.10933 0.05919 ( 1)  0.441 +-  0.592
 148 L   0.89751 0.08991 0.01258 ( 1)  0.329 +-  0.259
 149 R   0.98003 0.01718 0.00279 ( 1)  0.258 +-  0.125
 150 G   0.95043 0.03748 0.01209 ( 1)  0.289 +-  0.237
 151 P   0.90026 0.07691 0.02283 ( 1)  0.334 +-  0.302
 152 R   0.87701 0.09158 0.03142 ( 1)  0.360 +-  0.350
 153 A   0.98055 0.01660 0.00285 ( 1)  0.258 +-  0.125
 154 G   0.97793 0.01863 0.00344 ( 1)  0.260 +-  0.135
 155 G   0.92553 0.06059 0.01388 ( 1)  0.307 +-  0.244
 156 V   0.91687 0.06630 0.01683 ( 1)  0.316 +-  0.264
 157 Q   0.98290 0.01486 0.00224 ( 1)  0.255 +-  0.116
 158 G   0.92361 0.06164 0.01475 ( 1)  0.310 +-  0.250
 159 P   0.90707 0.07328 0.01964 ( 1)  0.326 +-  0.281
 160 P   0.55585 0.26865 0.17550 ( 1)  0.744 +-  0.717
 161 G   0.93767 0.04536 0.01697 ( 1)  0.304 +-  0.283
 162 P   0.97823 0.01842 0.00335 ( 1)  0.260 +-  0.133
 163 P   0.68324 0.21055 0.10621 ( 1)  0.577 +-  0.590
 164 E   0.93933 0.05060 0.01007 ( 1)  0.294 +-  0.216
 165 P   0.97848 0.01823 0.00329 ( 1)  0.260 +-  0.132
 166 A   0.73503 0.18968 0.07529 ( 1)  0.501 +-  0.484
 167 A   0.74373 0.18469 0.07158 ( 1)  0.492 +-  0.476
 168 G   0.88700 0.08495 0.02805 ( 1)  0.349 +-  0.332
 169 Q   0.97948 0.01753 0.00299 ( 1)  0.259 +-  0.128
 170 G   0.92361 0.06164 0.01475 ( 1)  0.310 +-  0.250
 171 S   0.69785 0.20415 0.09801 ( 1)  0.554 +-  0.556
 172 L   0.98169 0.01585 0.00245 ( 1)  0.256 +-  0.120
 173 A   0.97548 0.02050 0.00403 ( 1)  0.262 +-  0.143
 174 P   0.89648 0.07976 0.02375 ( 1)  0.338 +-  0.306
 175 D   0.98953 0.00939 0.00108 ( 1)  0.250 +-  0.090
 176 S   0.98681 0.01172 0.00147 ( 1)  0.252 +-  0.101
 177 A   0.93622 0.04610 0.01769 ( 1)  0.306 +-  0.293
 178 G   0.98157 0.01588 0.00255 ( 1)  0.257 +-  0.121
 179 E   0.98675 0.01172 0.00153 ( 1)  0.252 +-  0.101
 180 S   0.93586 0.05279 0.01136 ( 1)  0.298 +-  0.226
 181 A   0.93443 0.05418 0.01139 ( 1)  0.299 +-  0.226
 182 P   0.89419 0.08152 0.02429 ( 1)  0.340 +-  0.307
 183 G   0.96460 0.02827 0.00713 ( 1)  0.273 +-  0.183
 184 R   0.97005 0.02453 0.00542 ( 1)  0.268 +-  0.161
 185 D   0.94564 0.04595 0.00841 ( 1)  0.288 +-  0.202
 186 P   0.91942 0.06419 0.01639 ( 1)  0.314 +-  0.262
 187 H   0.92372 0.05251 0.02377 ( 1)  0.325 +-  0.364
 188 A   0.95330 0.03603 0.01067 ( 1)  0.285 +-  0.218
 189 S   0.81583 0.12388 0.06029 ( 1)  0.437 +-  0.490
 190 P   0.98176 0.01566 0.00258 ( 1)  0.257 +-  0.121
 191 A   0.98387 0.01396 0.00217 ( 1)  0.255 +-  0.113
 192 S   0.98681 0.01172 0.00147 ( 1)  0.252 +-  0.101
 193 P   0.98176 0.01566 0.00258 ( 1)  0.257 +-  0.121
 194 A   0.70703 0.20176 0.09121 ( 1)  0.540 +-  0.536
 195 P   0.69594 0.20688 0.09718 ( 1)  0.555 +-  0.556
 196 P   0.89812 0.07805 0.02383 ( 1)  0.337 +-  0.311
 197 G   0.97790 0.01865 0.00345 ( 1)  0.260 +-  0.135
 198 K   0.98005 0.01719 0.00276 ( 1)  0.258 +-  0.125
 199 E   0.98675 0.01172 0.00153 ( 1)  0.252 +-  0.101
 200 H   0.78229 0.16487 0.05284 ( 1)  0.445 +-  0.413
 201 S   0.89766 0.07807 0.02427 ( 1)  0.338 +-  0.314
 202 R   0.97875 0.01804 0.00320 ( 1)  0.259 +-  0.131
 203 D   0.98849 0.01026 0.00125 ( 1)  0.251 +-  0.095
 204 L   0.98713 0.01144 0.00143 ( 1)  0.252 +-  0.100
 205 K   0.98005 0.01719 0.00276 ( 1)  0.258 +-  0.125
 206 F   0.97267 0.02287 0.00446 ( 1)  0.265 +-  0.149
 207 S   0.98681 0.01172 0.00147 ( 1)  0.252 +-  0.101
 208 I   0.97852 0.01841 0.00307 ( 1)  0.259 +-  0.130
 209 D   0.98953 0.00939 0.00108 ( 1)  0.250 +-  0.090
 210 Y   0.97932 0.01778 0.00290 ( 1)  0.259 +-  0.127
 211 I   0.97852 0.01841 0.00307 ( 1)  0.259 +-  0.130
 212 L   0.98229 0.01532 0.00239 ( 1)  0.256 +-  0.118
 213 S   0.98692 0.01163 0.00144 ( 1)  0.252 +-  0.100
 214 S   0.98692 0.01163 0.00144 ( 1)  0.252 +-  0.100
 215 P   0.93548 0.04652 0.01800 ( 1)  0.307 +-  0.296
 216 D   0.98953 0.00939 0.00108 ( 1)  0.250 +-  0.090
 217 P   0.98176 0.01566 0.00258 ( 1)  0.257 +-  0.121
 218 F   0.96782 0.02637 0.00581 ( 1)  0.269 +-  0.165
 219 P   0.96740 0.02651 0.00609 ( 1)  0.270 +-  0.169
 220 G   0.96971 0.02463 0.00566 ( 1)  0.268 +-  0.165
 221 L   0.93553 0.05379 0.01069 ( 1)  0.297 +-  0.221
 222 K   0.98005 0.01719 0.00276 ( 1)  0.258 +-  0.125
 223 P   0.97651 0.01972 0.00377 ( 1)  0.261 +-  0.140
 224 P   0.98176 0.01566 0.00258 ( 1)  0.257 +-  0.121
 225 C   0.90829 0.07305 0.01865 ( 1)  0.324 +-  0.272
 226 L   0.92397 0.06210 0.01393 ( 1)  0.309 +-  0.244
 227 A   0.93651 0.04594 0.01755 ( 1)  0.306 +-  0.291
 228 Q   0.90000 0.07763 0.02236 ( 1)  0.334 +-  0.297
 229 E   0.98675 0.01172 0.00153 ( 1)  0.252 +-  0.101
 230 G   0.92930 0.05738 0.01332 ( 1)  0.304 +-  0.241
 231 -   0.89972 0.06168 0.03860 ( 1)  0.379 +-  0.605
 232 -   0.89972 0.06168 0.03860 ( 1)  0.379 +-  0.605
 233 -   0.89972 0.06168 0.03860 ( 1)  0.379 +-  0.605
 234 -   0.89972 0.06168 0.03860 ( 1)  0.379 +-  0.605
 235 -   0.89972 0.06168 0.03860 ( 1)  0.379 +-  0.605
 236 R   0.94037 0.04395 0.01568 ( 1)  0.300 +-  0.266
 237 Y   0.97025 0.02460 0.00516 ( 1)  0.267 +-  0.157
 238 A   0.54146 0.25192 0.20662 ( 1)  0.835 +-  0.916
 239 P   0.88846 0.08421 0.02732 ( 1)  0.348 +-  0.329
 240 L   0.90038 0.07746 0.02215 ( 1)  0.333 +-  0.296
 241 E   0.98349 0.01435 0.00216 ( 1)  0.255 +-  0.114
 242 N   0.98356 0.01439 0.00205 ( 1)  0.255 +-  0.113
 243 V   0.98541 0.01286 0.00173 ( 1)  0.253 +-  0.106
 244 G   0.98372 0.01410 0.00218 ( 1)  0.255 +-  0.114
 245 L   0.98713 0.01144 0.00143 ( 1)  0.252 +-  0.100
 246 H   0.98813 0.01057 0.00130 ( 1)  0.251 +-  0.096
 247 F   0.92809 0.05044 0.02147 ( 1)  0.317 +-  0.333
 248 W   0.97710 0.01950 0.00340 ( 1)  0.261 +-  0.135
 249 T   0.94302 0.04239 0.01459 ( 1)  0.297 +-  0.256
 250 M   0.97604 0.02032 0.00364 ( 1)  0.262 +-  0.138
 251 -   0.89972 0.06168 0.03860 ( 1)  0.379 +-  0.605
 252 -   0.89972 0.06168 0.03860 ( 1)  0.379 +-  0.605
 253 -   0.89972 0.06168 0.03860 ( 1)  0.379 +-  0.605
 254 -   0.89972 0.06168 0.03860 ( 1)  0.379 +-  0.605
 255 -   0.89972 0.06168 0.03860 ( 1)  0.379 +-  0.605
 256 -   0.89972 0.06168 0.03860 ( 1)  0.379 +-  0.605
 257 -   0.89972 0.06168 0.03860 ( 1)  0.379 +-  0.605
 258 -   0.89972 0.06168 0.03860 ( 1)  0.379 +-  0.605
 259 -   0.89972 0.06168 0.03860 ( 1)  0.379 +-  0.605
 260 -   0.89972 0.06168 0.03860 ( 1)  0.379 +-  0.605
 261 -   0.89972 0.06168 0.03860 ( 1)  0.379 +-  0.605
 262 -   0.89972 0.06168 0.03860 ( 1)  0.379 +-  0.605
 263 -   0.89972 0.06168 0.03860 ( 1)  0.379 +-  0.605
 264 -   0.89972 0.06168 0.03860 ( 1)  0.379 +-  0.605
 265 -   0.89972 0.06168 0.03860 ( 1)  0.379 +-  0.605
 266 -   0.89972 0.06168 0.03860 ( 1)  0.379 +-  0.605
 267 -   0.89972 0.06168 0.03860 ( 1)  0.379 +-  0.605
 268 -   0.89972 0.06168 0.03860 ( 1)  0.379 +-  0.605
 269 -   0.89972 0.06168 0.03860 ( 1)  0.379 +-  0.605
 270 -   0.89972 0.06168 0.03860 ( 1)  0.379 +-  0.605
 271 -   0.89972 0.06168 0.03860 ( 1)  0.379 +-  0.605
 272 -   0.89972 0.06168 0.03860 ( 1)  0.379 +-  0.605
 273 -   0.89972 0.06168 0.03860 ( 1)  0.379 +-  0.605
 274 -   0.89972 0.06168 0.03860 ( 1)  0.379 +-  0.605
 275 -   0.89972 0.06168 0.03860 ( 1)  0.379 +-  0.605
 276 -   0.89972 0.06168 0.03860 ( 1)  0.379 +-  0.605
 277 -   0.89972 0.06168 0.03860 ( 1)  0.379 +-  0.605
 278 -   0.89972 0.06168 0.03860 ( 1)  0.379 +-  0.605
 279 -   0.89972 0.06168 0.03860 ( 1)  0.379 +-  0.605
 280 -   0.89972 0.06168 0.03860 ( 1)  0.379 +-  0.605
 281 -   0.89972 0.06168 0.03860 ( 1)  0.379 +-  0.605
 282 -   0.89972 0.06168 0.03860 ( 1)  0.379 +-  0.605
 283 -   0.89972 0.06168 0.03860 ( 1)  0.379 +-  0.605
 284 -   0.89972 0.06168 0.03860 ( 1)  0.379 +-  0.605
 285 -   0.89972 0.06168 0.03860 ( 1)  0.379 +-  0.605
 286 -   0.89972 0.06168 0.03860 ( 1)  0.379 +-  0.605
 287 -   0.89972 0.06168 0.03860 ( 1)  0.379 +-  0.605
 288 -   0.89972 0.06168 0.03860 ( 1)  0.379 +-  0.605
 289 -   0.89972 0.06168 0.03860 ( 1)  0.379 +-  0.605
 290 -   0.89972 0.06168 0.03860 ( 1)  0.379 +-  0.605
 291 -   0.89972 0.06168 0.03860 ( 1)  0.379 +-  0.605
 292 -   0.89972 0.06168 0.03860 ( 1)  0.379 +-  0.605
 293 -   0.89972 0.06168 0.03860 ( 1)  0.379 +-  0.605
 294 -   0.89972 0.06168 0.03860 ( 1)  0.379 +-  0.605
 295 -   0.89972 0.06168 0.03860 ( 1)  0.379 +-  0.605
 296 -   0.89972 0.06168 0.03860 ( 1)  0.379 +-  0.605
 297 -   0.89972 0.06168 0.03860 ( 1)  0.379 +-  0.605
 298 -   0.89972 0.06168 0.03860 ( 1)  0.379 +-  0.605
 299 -   0.89972 0.06168 0.03860 ( 1)  0.379 +-  0.605
 300 -   0.89972 0.06168 0.03860 ( 1)  0.379 +-  0.605
 301 -   0.89972 0.06168 0.03860 ( 1)  0.379 +-  0.605
 302 -   0.89972 0.06168 0.03860 ( 1)  0.379 +-  0.605
 303 -   0.89972 0.06168 0.03860 ( 1)  0.379 +-  0.605
 304 -   0.89972 0.06168 0.03860 ( 1)  0.379 +-  0.605
 305 -   0.89972 0.06168 0.03860 ( 1)  0.379 +-  0.605
 306 -   0.89972 0.06168 0.03860 ( 1)  0.379 +-  0.605

Positively selected sites

	Prob(w>1)  mean w

   135 -      0.523         1.805 +- 1.779

